  370.0000	              315
  370.0200	              146
  370.0400	               -2
  370.0600	              128
  370.0800	              -54
  370.1000	               54
  370.1200	              324
  370.1400	               36
  370.1600	             -134
  370.1800	              184
  370.2000	              268
  370.2200	              251
  370.2400	              298
  370.2600	              149
  370.2800	               83
  370.3000	              175
  370.3200	              173
  370.3400	               85
  370.3600	              105
  370.3800	                6
  370.4000	              212
  370.4200	              398
  370.4400	              104
  370.4600	              331
  370.4800	              217
  370.5000	              348
  370.5200	              264
  370.5400	               74
  370.5600	              319
  370.5800	               81
  370.6000	               45
  370.6200	              221
  370.6400	              358
  370.6600	              148
  370.6800	              427
  370.7000	              270
  370.7200	              201
  370.7400	              123
  370.7600	              125
  370.7800	               64
  370.8000	              354
  370.8200	              152
  370.8400	               88
  370.8600	               79
  370.8800	              221
  370.9000	              205
  370.9200	              199
  370.9400	              297
  370.9600	              323
  370.9800	              463
  371.0000	              347
  371.0200	              274
  371.0400	              496
  371.0600	              311
  371.0800	              163
  371.1000	              381
  371.1200	              310
  371.1400	              232
  371.1600	               69
  371.1800	              -60
  371.2000	              262
  371.2200	              333
  371.2400	               39
  371.2600	               81
  371.2800	              -29
  371.3000	              -82
  371.3200	              -54
  371.3400	              175
  371.3600	              136
  371.3800	              -89
  371.4000	               58
  371.4200	              179
  371.4400	              152
  371.4600	              234
  371.4800	              156
  371.5000	              142
  371.5200	              -54
  371.5400	              208
  371.5600	              -54
  371.5800	              103
  371.6000	              115
  371.6200	              259
  371.6400	               89
  371.6600	              211
  371.6800	              298
  371.7000	               23
  371.7200	              231
  371.7400	              251
  371.7600	              276
  371.7800	              251
  371.8000	              708
  371.8200	              245
  371.8400	              476
  371.8600	              638
  371.8800	              220
  371.9000	              303
  371.9200	              169
  371.9400	               39
  371.9600	               81
  371.9800	               68
  372.0000	              109
  372.0200	               57
  372.0400	              295
  372.0600	              157
  372.0800	              183
  372.1000	              305
  372.1200	              185
  372.1400	               82
  372.1600	               88
  372.1800	               89
  372.2000	               46
  372.2200	               81
  372.2400	              162
  372.2600	              172
  372.2800	               83
  372.3000	               69
  372.3200	              294
  372.3400	              282
  372.3600	              171
  372.3800	              183
  372.4000	              161
  372.4200	              219
  372.4400	              225
  372.4600	              376
  372.4800	              416
  372.5000	              247
  372.5200	              230
  372.5400	               44
  372.5600	               90
  372.5800	             -174
  372.6000	              373
  372.6200	              407
  372.6400	              105
  372.6600	              -48
  372.6800	              165
  372.7000	              209
  372.7200	              337
  372.7400	               54
  372.7600	               91
  372.7800	              -90
  372.8000	             -213
  372.8200	               84
  372.8400	               92
  372.8600	              173
  372.8800	              308
  372.9000	                2
  372.9200	              147
  372.9400	              166
  372.9600	              728
  372.9800	              307
  373.0000	              115
  373.0200	              224
  373.0400	              319
  373.0600	              325
  373.0800	              270
  373.1000	               68
  373.1200	               69
  373.1400	               97
  373.1600	               74
  373.1800	              183
  373.2000	              103
  373.2200	               95
  373.2400	               29
  373.2600	              -19
  373.2800	              160
  373.3000	              289
  373.3200	              481
  373.3400	              206
  373.3600	              428
  373.3800	              344
  373.4000	              102
  373.4200	              206
  373.4400	               66
  373.4600	              257
  373.4800	               66
  373.5000	               29
  373.5200	               69
  373.5400	             -118
  373.5600	              298
  373.5800	               89
  373.6000	              135
  373.6200	              178
  373.6400	               77
  373.6600	              286
  373.6800	              165
  373.7000	               74
  373.7200	              122
  373.7400	              176
  373.7600	              158
  373.7800	             -172
  373.8000	               71
  373.8200	              647
  373.8400	              686
  373.8600	               99
  373.8800	              434
  373.9000	              231
  373.9200	              143
  373.9400	              267
  373.9600	              145
  373.9800	              -54
  374.0000	              281
  374.0200	              312
  374.0400	               87
  374.0600	               34
  374.0800	              265
  374.1000	              251
  374.1200	              231
  374.1400	              456
  374.1600	              517
  374.1800	              183
  374.2000	              338
  374.2200	              288
  374.2400	              303
  374.2600	              238
  374.2800	              351
  374.3000	              133
  374.3200	              -58
  374.3400	              157
  374.3600	              133
  374.3800	              193
  374.4000	              222
  374.4200	              461
  374.4400	              439
  374.4600	              644
  374.4800	              878
  374.5000	              319
  374.5200	              301
  374.5400	              160
  374.5600	              571
  374.5800	              321
  374.6000	              380
  374.6200	              207
  374.6400	              138
  374.6600	               72
  374.6800	              322
  374.7000	              344
  374.7200	              217
  374.7400	              489
  374.7600	              554
  374.7800	              326
  374.8000	              382
  374.8200	             -181
  374.8400	              305
  374.8600	              529
  374.8800	              335
  374.9000	              244
  374.9200	              385
  374.9400	              301
  374.9600	              371
  374.9800	              498
  375.0000	              384
  375.0200	              588
  375.0400	              393
  375.0600	              267
  375.0800	              290
  375.1000	              197
  375.1200	              217
  375.1400	              413
  375.1600	              265
  375.1800	              398
  375.2000	              495
  375.2200	              450
  375.2400	              516
  375.2600	              703
  375.2800	              451
  375.3000	              336
  375.3200	              420
  375.3400	              304
  375.3600	              578
  375.3800	              526
  375.4000	              669
  375.4200	              744
  375.4400	             1103
  375.4600	             1374
  375.4800	             1373
  375.5000	             1112
  375.5200	             1148
  375.5400	              788
  375.5600	              776
  375.5800	              295
  375.6000	             -109
  375.6200	               31
  375.6400	               78
  375.6600	               81
  375.6800	              114
  375.7000	              180
  375.7200	              377
  375.7400	              428
  375.7600	              421
  375.7800	              670
  375.8000	              141
  375.8200	               70
  375.8400	              -54
  375.8600	               81
  375.8800	               28
  375.9000	              217
  375.9200	              112
  375.9400	              320
  375.9600	              312
  375.9800	              325
  376.0000	              511
  376.0200	              205
  376.0400	              169
  376.0600	              226
  376.0800	               40
  376.1000	               94
  376.1200	             -129
  376.1400	               99
  376.1600	               87
  376.1800	               17
  376.2000	              480
  376.2200	              344
  376.2400	              398
  376.2600	              441
  376.2800	               39
  376.3000	               79
  376.3200	              145
  376.3400	              106
  376.3600	               62
  376.3800	              180
  376.4000	              206
  376.4200	              484
  376.4400	              133
  376.4600	              568
  376.4800	              763
  376.5000	              218
  376.5200	              115
  376.5400	              253
  376.5600	              310
  376.5800	              171
  376.6000	               88
  376.6200	              247
  376.6400	              697
  376.6600	              722
  376.6800	              545
  376.7000	              594
  376.7200	              -34
  376.7400	               11
  376.7600	               95
  376.7800	               79
  376.8000	              284
  376.8200	              275
  376.8400	              194
  376.8600	              621
  376.8800	              583
  376.9000	              577
  376.9200	              501
  376.9400	              213
  376.9600	               35
  376.9800	              203
  377.0000	               91
  377.0200	               77
  377.0400	              424
  377.0600	              565
  377.0800	              669
  377.1000	              772
  377.1200	              657
  377.1400	              368
  377.1600	               96
  377.1800	               -8
  377.2000	              254
  377.2200	              206
  377.2400	              162
  377.2600	              304
  377.2800	              566
  377.3000	              567
  377.3200	              625
  377.3400	              275
  377.3600	              235
  377.3800	              125
  377.4000	               46
  377.4200	              340
  377.4400	              456
  377.4600	              490
  377.4800	              478
  377.5000	              654
  377.5200	              705
  377.5400	              540
  377.5600	              259
  377.5800	              215
  377.6000	              326
  377.6200	              425
  377.6400	              506
  377.6600	              388
  377.6800	              669
  377.7000	              529
  377.7200	              640
  377.7400	              487
  377.7600	              119
  377.7800	              192
  377.8000	              247
  377.8200	              511
  377.8400	              169
  377.8600	              589
  377.8800	              386
  377.9000	              688
  377.9200	              582
  377.9400	              149
  377.9600	              319
  377.9800	              266
  378.0000	              168
  378.0200	              458
  378.0400	              471
  378.0600	              432
  378.0800	              619
  378.1000	              624
  378.1200	              200
  378.1400	               65
  378.1600	              464
  378.1800	              230
  378.2000	              420
  378.2200	              519
  378.2400	              833
  378.2600	              456
  378.2800	              155
  378.3000	              322
  378.3200	              345
  378.3400	              334
  378.3600	              171
  378.3800	              469
  378.4000	              577
  378.4200	              485
  378.4400	              472
  378.4600	              212
  378.4800	              472
  378.5000	              252
  378.5200	              430
  378.5400	              797
  378.5600	              466
  378.5800	              584
  378.6000	              457
  378.6200	              421
  378.6400	              472
  378.6600	              249
  378.6800	              584
  378.7000	              751
  378.7200	              299
  378.7400	              687
  378.7600	              426
  378.7800	              347
  378.8000	              416
  378.8200	               82
  378.8400	              382
  378.8600	              732
  378.8800	              692
  378.9000	              832
  378.9200	              625
  378.9400	              145
  378.9600	              385
  378.9800	              620
  379.0000	              698
  379.0200	              616
  379.0400	              821
  379.0600	              497
  379.0800	              374
  379.1000	              339
  379.1200	              630
  379.1400	              609
  379.1600	              831
  379.1800	              817
  379.2000	              271
  379.2200	              252
  379.2400	              694
  379.2600	              686
  379.2800	              776
  379.3000	              919
  379.3200	              475
  379.3400	              125
  379.3600	              689
  379.3800	              870
  379.4000	              616
  379.4200	              860
  379.4400	              631
  379.4600	              530
  379.4800	              633
  379.5000	              916
  379.5200	             1037
  379.5400	              591
  379.5600	              385
  379.5800	              748
  379.6000	              749
  379.6200	              858
  379.6400	              689
  379.6600	              706
  379.6800	              572
  379.7000	              804
  379.7200	              631
  379.7400	              406
  379.7600	              748
  379.7800	              883
  379.8000	              915
  379.8200	              399
  379.8400	              301
  379.8600	              912
  379.8800	             1075
  379.9000	              628
  379.9200	              537
  379.9400	             1105
  379.9600	             1227
  379.9800	              641
  380.0000	              608
  380.0200	             1200
  380.0400	              774
  380.0600	              685
  380.0800	              657
  380.1000	              803
  380.1200	              824
  380.1400	              879
  380.1600	              712
  380.1800	              836
  380.2000	              998
  380.2200	              697
  380.2400	              735
  380.2600	              929
  380.2800	             1148
  380.3000	             1151
  380.3200	             1229
  380.3400	             1401
  380.3600	             1267
  380.3800	             1220
  380.4000	             1866
  380.4200	             2333
  380.4400	             2442
  380.4600	             1938
  380.4800	             2031
  380.5000	             1404
  380.5200	             1343
  380.5400	              416
  380.5600	              439
  380.5800	              225
  380.6000	              324
  380.6200	                0
  380.6400	             -101
  380.6600	               26
  380.6800	               79
  380.7000	               91
  380.7200	              104
  380.7400	              159
  380.7600	             -217
  380.7800	              148
  380.8000	               99
  380.8200	               20
  380.8400	              127
  380.8600	              208
  380.8800	              160
  380.9000	               59
  380.9200	              176
  380.9400	              -57
  380.9600	              196
  380.9800	              148
  381.0000	              223
  381.0200	              -54
  381.0400	               42
  381.0600	              -62
  381.0800	              141
  381.1000	              156
  381.1200	              213
  381.1400	               41
  381.1600	              197
  381.1800	              147
  381.2000	               56
  381.2200	               72
  381.2400	               83
  381.2600	              105
  381.2800	               84
  381.3000	              310
  381.3200	               79
  381.3400	              135
  381.3600	               69
  381.3800	              170
  381.4000	              -40
  381.4200	              203
  381.4400	              121
  381.4600	               66
  381.4800	              -55
  381.5000	               20
  381.5200	              112
  381.5400	              193
  381.5600	              142
  381.5800	              245
  381.6000	              208
  381.6200	               86
  381.6400	              181
  381.6600	              127
  381.6800	               61
  381.7000	               23
  381.7200	              178
  381.7400	             -186
  381.7600	              219
  381.7800	              -13
  381.8000	               67
  381.8200	              116
  381.8400	              148
  381.8600	              276
  381.8800	              171
  381.9000	              251
  381.9200	              136
  381.9400	               45
  381.9600	              144
  381.9800	              157
  382.0000	              256
