  370.0000	             -491
  370.0200	             -446
  370.0400	             -469
  370.0600	             -464
  370.0800	             -474
  370.1000	             -497
  370.1200	             -497
  370.1400	             -472
  370.1600	             -502
  370.1800	             -509
  370.2000	             -514
  370.2200	             -478
  370.2400	             -455
  370.2600	             -475
  370.2800	             -467
  370.3000	             -452
  370.3200	             -417
  370.3400	             -481
  370.3600	             -500
  370.3800	             -473
  370.4000	             -486
  370.4200	             -431
  370.4400	             -497
  370.4600	             -460
  370.4800	             -439
  370.5000	             -485
  370.5200	             -504
  370.5400	             -460
  370.5600	             -442
  370.5800	             -513
  370.6000	             -493
  370.6200	             -511
  370.6400	             -460
  370.6600	             -438
  370.6800	             -436
  370.7000	             -498
  370.7200	             -445
  370.7400	             -467
  370.7600	             -487
  370.7800	             -500
  370.8000	             -491
  370.8200	             -485
  370.8400	             -485
  370.8600	             -443
  370.8800	             -431
  370.9000	             -484
  370.9200	             -447
  370.9400	             -405
  370.9600	             -414
  370.9800	             -389
  371.0000	             -345
  371.0200	             -423
  371.0400	             -387
  371.0600	             -408
  371.0800	             -407
  371.1000	             -458
  371.1200	             -407
  371.1400	             -463
  371.1600	             -498
  371.1800	             -518
  371.2000	             -494
  371.2200	             -460
  371.2400	             -474
  371.2600	             -484
  371.2800	             -454
  371.3000	             -491
  371.3200	             -528
  371.3400	             -463
  371.3600	             -527
  371.3800	             -486
  371.4000	             -500
  371.4200	             -481
  371.4400	             -464
  371.4600	             -464
  371.4800	             -463
  371.5000	             -470
  371.5200	             -508
  371.5400	             -494
  371.5600	             -489
  371.5800	             -457
  371.6000	             -512
  371.6200	             -529
  371.6400	             -464
  371.6600	             -470
  371.6800	             -483
  371.7000	             -510
  371.7200	             -516
  371.7400	             -464
  371.7600	             -499
  371.7800	             -520
  371.8000	             -488
  371.8200	             -502
  371.8400	             -494
  371.8600	             -463
  371.8800	             -494
  371.9000	             -512
  371.9200	             -483
  371.9400	             -517
  371.9600	             -501
  371.9800	             -522
  372.0000	             -451
  372.0200	             -509
  372.0400	             -516
  372.0600	             -461
  372.0800	             -520
  372.1000	             -512
  372.1200	             -499
  372.1400	             -507
  372.1600	             -484
  372.1800	             -481
  372.2000	             -502
  372.2200	             -501
  372.2400	             -466
  372.2600	             -493
  372.2800	             -506
  372.3000	             -467
  372.3200	             -524
  372.3400	             -463
  372.3600	             -514
  372.3800	             -483
  372.4000	             -467
  372.4200	             -523
  372.4400	             -494
  372.4600	             -481
  372.4800	             -503
  372.5000	             -483
  372.5200	             -453
  372.5400	             -451
  372.5600	             -526
  372.5800	             -499
  372.6000	             -483
  372.6200	             -498
  372.6400	             -494
  372.6600	             -482
  372.6800	             -481
  372.7000	             -482
  372.7200	             -501
  372.7400	             -498
  372.7600	             -494
  372.7800	             -508
  372.8000	             -499
  372.8200	             -520
  372.8400	             -506
  372.8600	             -450
  372.8800	             -494
  372.9000	             -464
  372.9200	             -450
  372.9400	             -503
  372.9600	             -442
  372.9800	             -442
  373.0000	             -436
  373.0200	             -436
  373.0400	             -460
  373.0600	             -463
  373.0800	             -481
  373.1000	             -488
  373.1200	             -505
  373.1400	             -524
  373.1600	             -514
  373.1800	             -464
  373.2000	             -466
  373.2200	             -508
  373.2400	             -486
  373.2600	             -470
  373.2800	             -463
  373.3000	             -501
  373.3200	             -470
  373.3400	             -491
  373.3600	             -500
  373.3800	             -472
  373.4000	             -483
  373.4200	             -513
  373.4400	             -493
  373.4600	             -474
  373.4800	             -515
  373.5000	             -464
  373.5200	             -456
  373.5400	             -491
  373.5600	             -472
  373.5800	             -446
  373.6000	             -475
  373.6200	             -497
  373.6400	             -501
  373.6600	             -467
  373.6800	             -500
  373.7000	             -524
  373.7200	             -502
  373.7400	             -490
  373.7600	             -487
  373.7800	             -441
  373.8000	             -505
  373.8200	             -500
  373.8400	             -481
  373.8600	             -512
  373.8800	             -477
  373.9000	             -492
  373.9200	             -445
  373.9400	             -505
  373.9600	             -436
  373.9800	             -495
  374.0000	             -524
  374.0200	             -497
  374.0400	             -413
  374.0600	             -453
  374.0800	             -506
  374.1000	             -438
  374.1200	             -452
  374.1400	             -493
  374.1600	             -475
  374.1800	             -479
  374.2000	             -509
  374.2200	             -483
  374.2400	             -398
  374.2600	             -512
  374.2800	             -467
  374.3000	             -456
  374.3200	             -510
  374.3400	             -497
  374.3600	             -487
  374.3800	             -443
  374.4000	             -446
  374.4200	             -404
  374.4400	             -471
  374.4600	             -497
  374.4800	             -444
  374.5000	             -373
  374.5200	             -462
  374.5400	             -412
  374.5600	             -504
  374.5800	             -440
  374.6000	             -408
  374.6200	             -418
  374.6400	             -446
  374.6600	             -481
  374.6800	             -467
  374.7000	             -405
  374.7200	             -461
  374.7400	             -503
  374.7600	             -477
  374.7800	             -407
  374.8000	             -384
  374.8200	             -490
  374.8400	             -505
  374.8600	             -443
  374.8800	             -345
  374.9000	             -421
  374.9200	             -499
  374.9400	             -456
  374.9600	             -404
  374.9800	             -396
  375.0000	             -500
  375.0200	             -452
  375.0400	             -455
  375.0600	             -440
  375.0800	             -460
  375.1000	             -423
  375.1200	             -458
  375.1400	             -431
  375.1600	             -431
  375.1800	             -407
  375.2000	             -457
  375.2200	             -409
  375.2400	             -454
  375.2600	             -468
  375.2800	             -455
  375.3000	             -421
  375.3200	             -418
  375.3400	             -403
  375.3600	             -414
  375.3800	             -403
  375.4000	             -375
  375.4200	             -360
  375.4400	             -374
  375.4600	             -278
  375.4800	             -139
  375.5000	             -158
  375.5200	             -220
  375.5400	             -203
  375.5600	             -332
  375.5800	             -330
  375.6000	             -394
  375.6200	             -463
  375.6400	             -491
  375.6600	             -502
  375.6800	             -483
  375.7000	             -466
  375.7200	             -502
  375.7400	             -512
  375.7600	             -474
  375.7800	             -442
  375.8000	             -512
  375.8200	             -483
  375.8400	             -480
  375.8600	             -511
  375.8800	             -498
  375.9000	             -516
  375.9200	             -503
  375.9400	             -488
  375.9600	             -526
  375.9800	             -450
  376.0000	             -453
  376.0200	             -501
  376.0400	             -503
  376.0600	             -466
  376.0800	             -486
  376.1000	             -508
  376.1200	             -483
  376.1400	             -494
  376.1600	             -516
  376.1800	             -493
  376.2000	             -489
  376.2200	             -450
  376.2400	             -511
  376.2600	             -458
  376.2800	             -524
  376.3000	             -478
  376.3200	             -464
  376.3400	             -505
  376.3600	             -505
  376.3800	             -503
  376.4000	             -489
  376.4200	             -507
  376.4400	             -525
  376.4600	             -480
  376.4800	             -463
  376.5000	             -517
  376.5200	             -450
  376.5400	             -506
  376.5600	             -518
  376.5800	             -505
  376.6000	             -491
  376.6200	             -480
  376.6400	             -464
  376.6600	             -512
  376.6800	             -497
  376.7000	             -494
  376.7200	             -464
  376.7400	             -498
  376.7600	             -503
  376.7800	             -480
  376.8000	             -526
  376.8200	             -483
  376.8400	             -450
  376.8600	             -514
  376.8800	             -505
  376.9000	             -448
  376.9200	             -514
  376.9400	             -481
  376.9600	             -516
  376.9800	             -527
  377.0000	             -493
  377.0200	             -467
  377.0400	             -518
  377.0600	             -497
  377.0800	             -478
  377.1000	             -517
  377.1200	             -452
  377.1400	             -481
  377.1600	             -498
  377.1800	             -483
  377.2000	             -501
  377.2200	             -483
  377.2400	             -508
  377.2600	             -464
  377.2800	             -497
  377.3000	             -478
  377.3200	             -497
  377.3400	             -498
  377.3600	             -462
  377.3800	             -512
  377.4000	             -489
  377.4200	             -498
  377.4400	             -513
  377.4600	             -508
  377.4800	             -499
  377.5000	             -474
  377.5200	             -467
  377.5400	             -500
  377.5600	             -499
  377.5800	             -486
  377.6000	             -510
  377.6200	             -509
  377.6400	             -497
  377.6600	             -489
  377.6800	             -488
  377.7000	             -478
  377.7200	             -501
  377.7400	             -467
  377.7600	             -526
  377.7800	             -467
  377.8000	             -513
  377.8200	             -460
  377.8400	             -464
  377.8600	             -503
  377.8800	             -498
  377.9000	             -517
  377.9200	             -499
  377.9400	             -502
  377.9600	             -484
  377.9800	             -482
  378.0000	             -511
  378.0200	             -497
  378.0400	             -524
  378.0600	             -499
  378.0800	             -470
  378.1000	             -481
  378.1200	             -485
  378.1400	             -479
  378.1600	             -531
  378.1800	             -490
  378.2000	             -519
  378.2200	             -460
  378.2400	             -467
  378.2600	             -523
  378.2800	             -458
  378.3000	             -509
  378.3200	             -497
  378.3400	             -487
  378.3600	             -429
  378.3800	             -493
  378.4000	             -502
  378.4200	             -442
  378.4400	             -477
  378.4600	             -499
  378.4800	             -526
  378.5000	             -472
  378.5200	             -497
  378.5400	             -475
  378.5600	             -454
  378.5800	             -504
  378.6000	             -481
  378.6200	             -445
  378.6400	             -491
  378.6600	             -445
  378.6800	             -523
  378.7000	             -449
  378.7200	             -479
  378.7400	             -474
  378.7600	             -499
  378.7800	             -496
  378.8000	             -431
  378.8200	             -463
  378.8400	             -501
  378.8600	             -461
  378.8800	             -472
  378.9000	             -463
  378.9200	             -421
  378.9400	             -435
  378.9600	             -491
  378.9800	             -517
  379.0000	             -493
  379.0200	             -467
  379.0400	             -508
  379.0600	             -416
  379.0800	             -467
  379.1000	             -483
  379.1200	             -474
  379.1400	             -466
  379.1600	             -436
  379.1800	             -412
  379.2000	             -441
  379.2200	             -487
  379.2400	             -478
  379.2600	             -479
  379.2800	             -411
  379.3000	             -461
  379.3200	             -440
  379.3400	             -447
  379.3600	             -530
  379.3800	             -479
  379.4000	             -442
  379.4200	             -420
  379.4400	             -372
  379.4600	             -428
  379.4800	             -500
  379.5000	             -446
  379.5200	             -443
  379.5400	             -420
  379.5600	             -482
  379.5800	             -467
  379.6000	             -417
  379.6200	             -407
  379.6400	             -426
  379.6600	             -499
  379.6800	             -497
  379.7000	             -443
  379.7200	             -375
  379.7400	             -407
  379.7600	             -488
  379.7800	             -463
  379.8000	             -412
  379.8200	             -390
  379.8400	             -480
  379.8600	             -465
  379.8800	             -453
  379.9000	             -356
  379.9200	             -444
  379.9400	             -497
  379.9600	             -444
  379.9800	             -402
  380.0000	             -407
  380.0200	             -458
  380.0400	             -448
  380.0600	             -441
  380.0800	             -398
  380.1000	             -437
  380.1200	             -386
  380.1400	             -383
  380.1600	             -421
  380.1800	             -389
  380.2000	             -389
  380.2200	             -397
  380.2400	             -454
  380.2600	             -397
  380.2800	             -393
  380.3000	             -383
  380.3200	             -339
  380.3400	             -386
  380.3600	             -345
  380.3800	             -356
  380.4000	             -322
  380.4200	             -187
  380.4400	              -60
  380.4600	              -24
  380.4800	             -159
  380.5000	             -150
  380.5200	             -286
  380.5400	             -289
  380.5600	             -484
  380.5800	             -513
  380.6000	             -517
  380.6200	             -526
  380.6400	             -503
  380.6600	             -498
  380.6800	             -481
  380.7000	             -468
  380.7200	             -482
  380.7400	             -482
  380.7600	             -473
  380.7800	             -482
  380.8000	             -526
  380.8200	             -467
  380.8400	             -503
  380.8600	             -456
  380.8800	             -492
  380.9000	             -504
  380.9200	             -509
  380.9400	             -500
  380.9600	             -488
  380.9800	             -497
  381.0000	             -528
  381.0200	             -485
  381.0400	             -528
  381.0600	             -482
  381.0800	             -514
  381.1000	             -510
  381.1200	             -519
  381.1400	             -482
  381.1600	             -482
  381.1800	             -507
  381.2000	             -482
  381.2200	             -481
  381.2400	             -504
  381.2600	             -528
  381.2800	             -524
  381.3000	             -526
  381.3200	             -517
  381.3400	             -482
  381.3600	             -481
  381.3800	             -503
  381.4000	             -529
  381.4200	             -497
  381.4400	             -473
  381.4600	             -507
  381.4800	             -501
  381.5000	             -505
  381.5200	             -482
  381.5400	             -507
  381.5600	             -515
  381.5800	             -513
  381.6000	             -491
  381.6200	             -510
  381.6400	             -483
  381.6600	             -482
  381.6800	             -510
  381.7000	             -528
  381.7200	             -513
  381.7400	             -495
  381.7600	             -509
  381.7800	             -481
  381.8000	             -473
  381.8200	             -494
  381.8400	             -482
  381.8600	             -486
  381.8800	             -478
  381.9000	             -527
  381.9200	             -517
  381.9400	             -514
  381.9600	             -484
  381.9800	             -467
  382.0000	             -482
