  370.0000	             -769
  370.0200	             -691
  370.0400	             -699
  370.0600	             -779
  370.0800	             -784
  370.1000	             -724
  370.1200	             -688
  370.1400	             -678
  370.1600	             -840
  370.1800	             -769
  370.2000	             -705
  370.2200	             -590
  370.2400	             -671
  370.2600	             -773
  370.2800	             -805
  370.3000	             -643
  370.3200	             -640
  370.3400	             -819
  370.3600	             -856
  370.3800	             -797
  370.4000	             -655
  370.4200	             -694
  370.4400	             -777
  370.4600	             -682
  370.4800	             -578
  370.5000	             -626
  370.5200	             -659
  370.5400	             -723
  370.5600	             -764
  370.5800	             -692
  370.6000	             -760
  370.6200	             -782
  370.6400	             -784
  370.6600	             -727
  370.6800	             -769
  370.7000	             -725
  370.7200	             -643
  370.7400	             -695
  370.7600	             -630
  370.7800	             -620
  370.8000	             -636
  370.8200	             -699
  370.8400	             -608
  370.8600	             -646
  370.8800	             -620
  370.9000	             -546
  370.9200	             -526
  370.9400	             -370
  370.9600	             -222
  370.9800	              108
  371.0000	             -141
  371.0200	             -307
  371.0400	             -232
  371.0600	             -433
  371.0800	             -529
  371.1000	             -539
  371.1200	             -694
  371.1400	             -810
  371.1600	             -793
  371.1800	             -801
  371.2000	             -779
  371.2200	             -796
  371.2400	             -822
  371.2600	             -852
  371.2800	             -875
  371.3000	             -855
  371.3200	             -893
  371.3400	             -919
  371.3600	             -886
  371.3800	             -848
  371.4000	             -781
  371.4200	             -775
  371.4400	             -770
  371.4600	             -676
  371.4800	             -738
  371.5000	             -831
  371.5200	             -869
  371.5400	             -868
  371.5600	             -912
  371.5800	             -871
  371.6000	             -846
  371.6200	             -834
  371.6400	             -816
  371.6600	             -784
  371.6800	             -808
  371.7000	             -791
  371.7200	             -882
  371.7400	             -879
  371.7600	             -827
  371.7800	             -753
  371.8000	             -769
  371.8200	             -777
  371.8400	             -756
  371.8600	             -726
  371.8800	             -785
  371.9000	             -784
  371.9200	             -856
  371.9400	             -868
  371.9600	             -877
  371.9800	             -906
  372.0000	             -902
  372.0200	             -798
  372.0400	             -778
  372.0600	             -771
  372.0800	             -716
  372.1000	             -649
  372.1200	             -715
  372.1400	             -778
  372.1600	             -908
  372.1800	             -886
  372.2000	             -878
  372.2200	             -837
  372.2400	             -790
  372.2600	             -780
  372.2800	             -754
  372.3000	             -745
  372.3200	             -808
  372.3400	             -852
  372.3600	             -898
  372.3800	             -878
  372.4000	             -694
  372.4200	             -666
  372.4400	             -717
  372.4600	             -704
  372.4800	             -803
  372.5000	             -760
  372.5200	             -826
  372.5400	             -875
  372.5600	             -902
  372.5800	             -838
  372.6000	             -802
  372.6200	             -816
  372.6400	             -801
  372.6600	             -776
  372.6800	             -744
  372.7000	             -633
  372.7200	             -661
  372.7400	             -782
  372.7600	             -784
  372.7800	             -813
  372.8000	             -797
  372.8200	             -789
  372.8400	             -764
  372.8600	             -777
  372.8800	             -765
  372.9000	             -832
  372.9200	             -874
  372.9400	             -871
  372.9600	             -681
  372.9800	             -724
  373.0000	             -717
  373.0200	             -589
  373.0400	             -602
  373.0600	             -598
  373.0800	             -838
  373.1000	             -871
  373.1200	             -797
  373.1400	             -802
  373.1600	             -832
  373.1800	             -774
  373.2000	             -717
  373.2200	             -744
  373.2400	             -735
  373.2600	             -842
  373.2800	             -764
  373.3000	             -647
  373.3200	             -689
  373.3400	             -625
  373.3600	             -612
  373.3800	             -734
  373.4000	             -641
  373.4200	             -812
  373.4400	             -785
  373.4600	             -724
  373.4800	             -821
  373.5000	             -754
  373.5200	             -646
  373.5400	             -761
  373.5600	             -654
  373.5800	             -705
  373.6000	             -579
  373.6200	             -543
  373.6400	             -698
  373.6600	             -659
  373.6800	             -722
  373.7000	             -668
  373.7200	             -637
  373.7400	             -594
  373.7600	             -701
  373.7800	             -873
  373.8000	             -698
  373.8200	             -576
  373.8400	             -734
  373.8600	             -613
  373.8800	             -439
  373.9000	             -467
  373.9200	             -722
  373.9400	             -580
  373.9600	             -594
  373.9800	             -724
  374.0000	             -578
  374.0200	             -441
  374.0400	             -719
  374.0600	             -837
  374.0800	             -632
  374.1000	             -580
  374.1200	             -754
  374.1400	             -400
  374.1600	             -246
  374.1800	             -656
  374.2000	             -580
  374.2200	             -366
  374.2400	             -605
  374.2600	             -475
  374.2800	             -288
  374.3000	             -713
  374.3200	             -797
  374.3400	             -547
  374.3600	             -476
  374.3800	             -434
  374.4000	             -377
  374.4200	             -508
  374.4400	             -558
  374.4600	             -317
  374.4800	             -193
  374.5000	             -357
  374.5200	             -580
  374.5400	             -573
  374.5600	             -596
  374.5800	             -268
  374.6000	             -384
  374.6200	             -697
  374.6400	             -520
  374.6600	             -413
  374.6800	             -169
  374.7000	             -182
  374.7200	             -520
  374.7400	             -398
  374.7600	             -144
  374.7800	              -14
  374.8000	             -514
  374.8200	             -698
  374.8400	             -399
  374.8600	               -5
  374.8800	             -221
  374.9000	             -651
  374.9200	             -590
  374.9400	             -118
  374.9600	              -12
  374.9800	             -348
  375.0000	             -231
  375.0200	              -65
  375.0400	             -242
  375.0600	             -332
  375.0800	             -312
  375.1000	             -373
  375.1200	             -311
  375.1400	             -290
  375.1600	             -410
  375.1800	             -298
  375.2000	             -226
  375.2200	             -154
  375.2400	             -116
  375.2600	             -133
  375.2800	             -210
  375.3000	             -281
  375.3200	              -84
  375.3400	              -85
  375.3600	              225
  375.3800	              145
  375.4000	              236
  375.4200	              420
  375.4400	              903
  375.4600	             1898
  375.4800	             2247
  375.5000	             1392
  375.5200	             1511
  375.5400	             1054
  375.5600	              413
  375.5800	              167
  375.6000	             -769
  375.6200	             -860
  375.6400	             -875
  375.6600	             -864
  375.6800	             -828
  375.7000	             -740
  375.7200	             -682
  375.7400	             -608
  375.7600	             -558
  375.7800	             -638
  375.8000	             -775
  375.8200	             -882
  375.8400	             -840
  375.8600	             -872
  375.8800	             -870
  375.9000	             -890
  375.9200	             -833
  375.9400	             -777
  375.9600	             -671
  375.9800	             -612
  376.0000	             -587
  376.0200	             -610
  376.0400	             -803
  376.0600	             -912
  376.0800	             -870
  376.1000	             -874
  376.1200	             -893
  376.1400	             -908
  376.1600	             -836
  376.1800	             -711
  376.2000	             -593
  376.2200	             -557
  376.2400	             -522
  376.2600	             -690
  376.2800	             -840
  376.3000	             -875
  376.3200	             -853
  376.3400	             -896
  376.3600	             -888
  376.3800	             -806
  376.4000	             -751
  376.4200	             -618
  376.4400	             -639
  376.4600	             -606
  376.4800	             -587
  376.5000	             -810
  376.5200	             -889
  376.5400	             -879
  376.5600	             -865
  376.5800	             -866
  376.6000	             -822
  376.6200	             -712
  376.6400	             -612
  376.6600	             -573
  376.6800	             -550
  376.7000	             -579
  376.7200	             -796
  376.7400	             -894
  376.7600	             -877
  376.7800	             -863
  376.8000	             -839
  376.8200	             -779
  376.8400	             -674
  376.8600	             -643
  376.8800	             -584
  376.9000	             -559
  376.9200	             -581
  376.9400	             -828
  376.9600	             -879
  376.9800	             -879
  377.0000	             -889
  377.0200	             -840
  377.0400	             -696
  377.0600	             -650
  377.0800	             -570
  377.1000	             -533
  377.1200	             -462
  377.1400	             -642
  377.1600	             -840
  377.1800	             -878
  377.2000	             -887
  377.2200	             -837
  377.2400	             -712
  377.2600	             -609
  377.2800	             -642
  377.3000	             -523
  377.3200	             -500
  377.3400	             -592
  377.3600	             -813
  377.3800	             -862
  377.4000	             -868
  377.4200	             -852
  377.4400	             -598
  377.4600	             -638
  377.4800	             -577
  377.5000	             -483
  377.5200	             -473
  377.5400	             -541
  377.5600	             -842
  377.5800	             -888
  377.6000	             -885
  377.6200	             -720
  377.6400	             -619
  377.6600	             -712
  377.6800	             -443
  377.7000	             -510
  377.7200	             -400
  377.7400	             -676
  377.7600	             -852
  377.7800	             -874
  377.8000	             -705
  377.8200	             -564
  377.8400	             -716
  377.8600	             -507
  377.8800	             -428
  377.9000	             -431
  377.9200	             -584
  377.9400	             -878
  377.9600	             -874
  377.9800	             -692
  378.0000	             -556
  378.0200	             -760
  378.0400	             -420
  378.0600	             -474
  378.0800	             -429
  378.1000	             -490
  378.1200	             -837
  378.1400	             -802
  378.1600	             -561
  378.1800	             -649
  378.2000	             -572
  378.2200	             -357
  378.2400	             -469
  378.2600	             -366
  378.2800	             -649
  378.3000	             -827
  378.3200	             -542
  378.3400	             -579
  378.3600	             -777
  378.3800	             -400
  378.4000	             -417
  378.4200	             -396
  378.4400	             -418
  378.4600	             -796
  378.4800	             -430
  378.5000	             -510
  378.5200	             -703
  378.5400	             -325
  378.5600	             -402
  378.5800	             -328
  378.6000	             -366
  378.6200	             -619
  378.6400	             -440
  378.6600	             -698
  378.6800	             -592
  378.7000	             -238
  378.7200	             -477
  378.7400	             -379
  378.7600	             -311
  378.7800	             -406
  378.8000	             -572
  378.8200	             -727
  378.8400	             -254
  378.8600	             -270
  378.8800	             -362
  378.9000	              -16
  378.9200	             -202
  378.9400	             -609
  378.9600	             -699
  378.9800	             -223
  379.0000	             -227
  379.0200	             -475
  379.0400	              139
  379.0600	               -4
  379.0800	             -775
  379.1000	             -587
  379.1200	             -132
  379.1400	             -304
  379.1600	             -203
  379.1800	              449
  379.2000	             -350
  379.2200	             -711
  379.2400	             -221
  379.2600	              -12
  379.2800	             -307
  379.3000	              327
  379.3200	             -121
  379.3400	             -714
  379.3600	             -318
  379.3800	              101
  379.4000	               34
  379.4200	              221
  379.4400	             -179
  379.4600	             -578
  379.4800	             -130
  379.5000	              315
  379.5200	              168
  379.5400	             -198
  379.5600	             -204
  379.5800	             -237
  379.6000	              560
  379.6200	              473
  379.6400	             -378
  379.6600	             -205
  379.6800	               29
  379.7000	              654
  379.7200	              467
  379.7400	             -551
  379.7600	             -323
  379.7800	              451
  379.8000	              843
  379.8200	             -103
  379.8400	             -513
  379.8600	              135
  379.8800	              912
  379.9000	              339
  379.9200	             -424
  379.9400	              103
  379.9600	              607
  379.9800	              372
  380.0000	              -74
  380.0200	              225
  380.0400	              347
  380.0600	              248
  380.0800	              228
  380.1000	              228
  380.1200	              181
  380.1400	              318
  380.1600	              302
  380.1800	              288
  380.2000	              138
  380.2200	              221
  380.2400	              204
  380.2600	              505
  380.2800	              683
  380.3000	             1043
  380.3200	             1113
  380.3400	              991
  380.3600	             1548
  380.3800	             1614
  380.4000	             2924
  380.4200	             4551
  380.4400	             5485
  380.4600	             3620
  380.4800	             3700
  380.5000	             2491
  380.5200	             1653
  380.5400	              150
  380.5600	             -828
  380.5800	             -853
  380.6000	             -870
  380.6200	             -840
  380.6400	             -833
  380.6600	             -888
  380.6800	             -865
  380.7000	             -832
  380.7200	             -878
  380.7400	             -877
  380.7600	             -811
  380.7800	             -840
  380.8000	             -828
  380.8200	             -875
  380.8400	             -879
  380.8600	             -853
  380.8800	             -891
  380.9000	             -888
  380.9200	             -888
  380.9400	             -890
  380.9600	             -877
  380.9800	             -874
  381.0000	             -886
  381.0200	             -877
  381.0400	             -894
  381.0600	             -871
  381.0800	             -899
  381.1000	             -879
  381.1200	             -868
  381.1400	             -889
  381.1600	             -852
  381.1800	             -852
  381.2000	             -888
  381.2200	             -852
  381.2400	             -871
  381.2600	             -910
  381.2800	             -842
  381.3000	             -898
  381.3200	             -882
  381.3400	             -862
  381.3600	             -919
  381.3800	             -886
  381.4000	             -904
  381.4200	             -901
  381.4400	             -871
  381.4600	             -882
  381.4800	             -876
  381.5000	             -868
  381.5200	             -899
  381.5400	             -860
  381.5600	             -889
  381.5800	             -855
  381.6000	             -901
  381.6200	             -888
  381.6400	             -908
  381.6600	             -893
  381.6800	             -912
  381.7000	             -888
  381.7200	             -912
  381.7400	             -877
  381.7600	             -877
  381.7800	             -908
  381.8000	             -912
  381.8200	             -905
  381.8400	             -874
  381.8600	             -912
  381.8800	             -912
  381.9000	             -912
  381.9200	             -889
  381.9400	             -898
  381.9600	             -882
  381.9800	             -912
  382.0000	             -868
