  370.0000	             -556
  370.0200	             -600
  370.0400	             -546
  370.0600	             -611
  370.0800	             -645
  370.1000	             -594
  370.1200	             -562
  370.1400	             -527
  370.1600	             -560
  370.1800	             -604
  370.2000	             -582
  370.2200	             -557
  370.2400	             -467
  370.2600	             -576
  370.2800	             -551
  370.3000	             -611
  370.3200	             -529
  370.3400	             -559
  370.3600	             -591
  370.3800	             -585
  370.4000	             -552
  370.4200	             -525
  370.4400	             -556
  370.4600	             -552
  370.4800	             -556
  370.5000	             -482
  370.5200	             -517
  370.5400	             -549
  370.5600	             -581
  370.5800	             -542
  370.6000	             -531
  370.6200	             -586
  370.6400	             -659
  370.6600	             -557
  370.6800	             -591
  370.7000	             -582
  370.7200	             -570
  370.7400	             -547
  370.7600	             -542
  370.7800	             -570
  370.8000	             -531
  370.8200	             -540
  370.8400	             -577
  370.8600	             -539
  370.8800	             -530
  370.9000	             -516
  370.9200	             -472
  370.9400	             -421
  370.9600	             -401
  370.9800	             -271
  371.0000	             -136
  371.0200	             -283
  371.0400	             -327
  371.0600	             -341
  371.0800	             -407
  371.1000	             -446
  371.1200	             -435
  371.1400	             -600
  371.1600	             -618
  371.1800	             -584
  371.2000	             -631
  371.2200	             -634
  371.2400	             -616
  371.2600	             -634
  371.2800	             -656
  371.3000	             -658
  371.3200	             -675
  371.3400	             -622
  371.3600	             -617
  371.3800	             -661
  371.4000	             -614
  371.4200	             -566
  371.4400	             -567
  371.4600	             -529
  371.4800	             -558
  371.5000	             -566
  371.5200	             -601
  371.5400	             -671
  371.5600	             -672
  371.5800	             -675
  371.6000	             -670
  371.6200	             -598
  371.6400	             -609
  371.6600	             -618
  371.6800	             -597
  371.7000	             -616
  371.7200	             -643
  371.7400	             -648
  371.7600	             -659
  371.7800	             -644
  371.8000	             -612
  371.8200	             -611
  371.8400	             -589
  371.8600	             -627
  371.8800	             -588
  371.9000	             -597
  371.9200	             -618
  371.9400	             -623
  371.9600	             -672
  371.9800	             -649
  372.0000	             -606
  372.0200	             -633
  372.0400	             -621
  372.0600	             -647
  372.0800	             -620
  372.1000	             -574
  372.1200	             -564
  372.1400	             -564
  372.1600	             -656
  372.1800	             -661
  372.2000	             -679
  372.2200	             -645
  372.2400	             -571
  372.2600	             -611
  372.2800	             -638
  372.3000	             -570
  372.3200	             -577
  372.3400	             -621
  372.3600	             -640
  372.3800	             -616
  372.4000	             -615
  372.4200	             -564
  372.4400	             -546
  372.4600	             -611
  372.4800	             -609
  372.5000	             -547
  372.5200	             -611
  372.5400	             -618
  372.5600	             -621
  372.5800	             -672
  372.6000	             -635
  372.6200	             -606
  372.6400	             -647
  372.6600	             -618
  372.6800	             -616
  372.7000	             -577
  372.7200	             -574
  372.7400	             -612
  372.7600	             -584
  372.7800	             -547
  372.8000	             -637
  372.8200	             -587
  372.8400	             -614
  372.8600	             -624
  372.8800	             -610
  372.9000	             -557
  372.9200	             -591
  372.9400	             -619
  372.9600	             -634
  372.9800	             -557
  373.0000	             -565
  373.0200	             -531
  373.0400	             -540
  373.0600	             -508
  373.0800	             -528
  373.1000	             -634
  373.1200	             -670
  373.1400	             -582
  373.1600	             -605
  373.1800	             -637
  373.2000	             -546
  373.2200	             -567
  373.2400	             -566
  373.2600	             -595
  373.2800	             -601
  373.3000	             -613
  373.3200	             -535
  373.3400	             -569
  373.3600	             -531
  373.3800	             -547
  373.4000	             -591
  373.4200	             -580
  373.4400	             -612
  373.4600	             -561
  373.4800	             -595
  373.5000	             -591
  373.5200	             -586
  373.5400	             -569
  373.5600	             -593
  373.5800	             -539
  373.6000	             -573
  373.6200	             -494
  373.6400	             -499
  373.6600	             -555
  373.6800	             -570
  373.7000	             -585
  373.7200	             -562
  373.7400	             -550
  373.7600	             -534
  373.7800	             -562
  373.8000	             -643
  373.8200	             -564
  373.8400	             -519
  373.8600	             -539
  373.8800	             -535
  373.9000	             -460
  373.9200	             -513
  373.9400	             -594
  373.9600	             -494
  373.9800	             -508
  374.0000	             -577
  374.0200	             -414
  374.0400	             -443
  374.0600	             -590
  374.0800	             -637
  374.1000	             -535
  374.1200	             -516
  374.1400	             -606
  374.1600	             -420
  374.1800	             -405
  374.2000	             -544
  374.2200	             -473
  374.2400	             -471
  374.2600	             -503
  374.2800	             -372
  374.3000	             -405
  374.3200	             -612
  374.3400	             -586
  374.3600	             -484
  374.3800	             -483
  374.4000	             -397
  374.4200	             -448
  374.4400	             -531
  374.4600	             -542
  374.4800	             -404
  374.5000	             -336
  374.5200	             -458
  374.5400	             -491
  374.5600	             -554
  374.5800	             -501
  374.6000	             -337
  374.6200	             -458
  374.6400	             -544
  374.6600	             -497
  374.6800	             -444
  374.7000	             -298
  374.7200	             -404
  374.7400	             -553
  374.7600	             -385
  374.7800	             -292
  374.8000	             -292
  374.8200	             -541
  374.8400	             -581
  374.8600	             -420
  374.8800	             -199
  374.9000	             -402
  374.9200	             -557
  374.9400	             -482
  374.9600	             -289
  374.9800	             -298
  375.0000	             -458
  375.0200	             -353
  375.0400	             -286
  375.0600	             -375
  375.0800	             -403
  375.1000	             -399
  375.1200	             -374
  375.1400	             -363
  375.1600	             -329
  375.1800	             -449
  375.2000	             -402
  375.2200	             -351
  375.2400	             -347
  375.2600	             -305
  375.2800	             -345
  375.3000	             -386
  375.3200	             -362
  375.3400	             -304
  375.3600	             -260
  375.3800	             -145
  375.4000	             -210
  375.4200	             -121
  375.4400	              -75
  375.4600	              255
  375.4800	              739
  375.5000	              752
  375.5200	              318
  375.5400	              483
  375.5600	              108
  375.5800	                3
  375.6000	             -237
  375.6200	             -620
  375.6400	             -591
  375.6600	             -640
  375.6800	             -616
  375.7000	             -583
  375.7200	             -556
  375.7400	             -562
  375.7600	             -528
  375.7800	             -562
  375.8000	             -557
  375.8200	             -582
  375.8400	             -640
  375.8600	             -594
  375.8800	             -661
  375.9000	             -611
  375.9200	             -615
  375.9400	             -613
  375.9600	             -530
  375.9800	             -572
  376.0000	             -566
  376.0200	             -534
  376.0400	             -585
  376.0600	             -634
  376.0800	             -645
  376.1000	             -616
  376.1200	             -640
  376.1400	             -601
  376.1600	             -631
  376.1800	             -616
  376.2000	             -583
  376.2200	             -543
  376.2400	             -558
  376.2600	             -538
  376.2800	             -552
  376.3000	             -607
  376.3200	             -645
  376.3400	             -638
  376.3600	             -620
  376.3800	             -654
  376.4000	             -628
  376.4200	             -552
  376.4400	             -586
  376.4600	             -554
  376.4800	             -515
  376.5000	             -565
  376.5200	             -588
  376.5400	             -601
  376.5600	             -643
  376.5800	             -636
  376.6000	             -611
  376.6200	             -566
  376.6400	             -580
  376.6600	             -528
  376.6800	             -506
  376.7000	             -555
  376.7200	             -539
  376.7400	             -589
  376.7600	             -623
  376.7800	             -606
  376.8000	             -615
  376.8200	             -641
  376.8400	             -611
  376.8600	             -562
  376.8800	             -574
  376.9000	             -527
  376.9200	             -501
  376.9400	             -528
  376.9600	             -618
  376.9800	             -616
  377.0000	             -611
  377.0200	             -601
  377.0400	             -613
  377.0600	             -588
  377.0800	             -574
  377.1000	             -501
  377.1200	             -542
  377.1400	             -525
  377.1600	             -612
  377.1800	             -634
  377.2000	             -634
  377.2200	             -632
  377.2400	             -647
  377.2600	             -585
  377.2800	             -575
  377.3000	             -559
  377.3200	             -558
  377.3400	             -492
  377.3600	             -566
  377.3800	             -634
  377.4000	             -601
  377.4200	             -620
  377.4400	             -616
  377.4600	             -534
  377.4800	             -602
  377.5000	             -485
  377.5200	             -517
  377.5400	             -499
  377.5600	             -544
  377.5800	             -583
  377.6000	             -600
  377.6200	             -583
  377.6400	             -581
  377.6600	             -570
  377.6800	             -602
  377.7000	             -503
  377.7200	             -555
  377.7400	             -525
  377.7600	             -593
  377.7800	             -601
  377.8000	             -617
  377.8200	             -561
  377.8400	             -541
  377.8600	             -593
  377.8800	             -467
  377.9000	             -505
  377.9200	             -497
  377.9400	             -559
  377.9600	             -566
  377.9800	             -629
  378.0000	             -509
  378.0200	             -525
  378.0400	             -586
  378.0600	             -493
  378.0800	             -506
  378.1000	             -435
  378.1200	             -533
  378.1400	             -630
  378.1600	             -582
  378.1800	             -487
  378.2000	             -581
  378.2200	             -517
  378.2400	             -455
  378.2600	             -508
  378.2800	             -403
  378.3000	             -544
  378.3200	             -589
  378.3400	             -460
  378.3600	             -456
  378.3800	             -563
  378.4000	             -419
  378.4200	             -517
  378.4400	             -493
  378.4600	             -481
  378.4800	             -577
  378.5000	             -481
  378.5200	             -543
  378.5400	             -581
  378.5600	             -446
  378.5800	             -500
  378.6000	             -457
  378.6200	             -431
  378.6400	             -558
  378.6600	             -467
  378.6800	             -588
  378.7000	             -521
  378.7200	             -401
  378.7400	             -538
  378.7600	             -396
  378.7800	             -441
  378.8000	             -377
  378.8200	             -553
  378.8400	             -604
  378.8600	             -429
  378.8800	             -456
  378.9000	             -464
  378.9200	             -312
  378.9400	             -362
  378.9600	             -557
  378.9800	             -586
  379.0000	             -416
  379.0200	             -428
  379.0400	             -513
  379.0600	             -275
  379.0800	             -286
  379.1000	             -577
  379.1200	             -561
  379.1400	             -369
  379.1600	             -490
  379.1800	             -360
  379.2000	             -150
  379.2200	             -545
  379.2400	             -563
  379.2600	             -387
  379.2800	             -361
  379.3000	             -406
  379.3200	             -192
  379.3400	             -347
  379.3600	             -599
  379.3800	             -392
  379.4000	             -292
  379.4200	             -312
  379.4400	             -205
  379.4600	             -383
  379.4800	             -511
  379.5000	             -325
  379.5200	             -195
  379.5400	             -265
  379.5600	             -376
  379.5800	             -403
  379.6000	             -389
  379.6200	             -133
  379.6400	             -189
  379.6600	             -484
  379.6800	             -377
  379.7000	             -280
  379.7200	              -38
  379.7400	             -189
  379.7600	             -496
  379.7800	             -383
  379.8000	             -132
  379.8200	               15
  379.8400	             -373
  379.8600	             -478
  379.8800	             -258
  379.9000	              149
  379.9200	             -192
  379.9400	             -467
  379.9600	             -271
  379.9800	              -80
  380.0000	             -188
  380.0200	             -395
  380.0400	             -247
  380.0600	             -203
  380.0800	             -191
  380.1000	             -248
  380.1200	             -226
  380.1400	             -254
  380.1600	             -220
  380.1800	             -231
  380.2000	             -190
  380.2200	             -281
  380.2400	             -263
  380.2600	             -252
  380.2800	             -136
  380.3000	              -47
  380.3200	              149
  380.3400	               43
  380.3600	              112
  380.3800	              277
  380.4000	              315
  380.4200	              813
  380.4400	             1427
  380.4600	             1732
  380.4800	              971
  380.5000	             1084
  380.5200	              501
  380.5400	              321
  380.5600	             -405
  380.5800	             -631
  380.6000	             -618
  380.6200	             -644
  380.6400	             -618
  380.6600	             -611
  380.6800	             -565
  380.7000	             -631
  380.7200	             -631
  380.7400	             -564
  380.7600	             -620
  380.7800	             -612
  380.8000	             -628
  380.8200	             -633
  380.8400	             -611
  380.8600	             -637
  380.8800	             -601
  380.9000	             -620
  380.9200	             -640
  380.9400	             -614
  380.9600	             -597
  380.9800	             -640
  381.0000	             -566
  381.0200	             -607
  381.0400	             -618
  381.0600	             -661
  381.0800	             -625
  381.1000	             -634
  381.1200	             -643
  381.1400	             -591
  381.1600	             -618
  381.1800	             -597
  381.2000	             -566
  381.2200	             -640
  381.2400	             -585
  381.2600	             -612
  381.2800	             -618
  381.3000	             -651
  381.3200	             -625
  381.3400	             -603
  381.3600	             -618
  381.3800	             -571
  381.4000	             -618
  381.4200	             -634
  381.4400	             -611
  381.4600	             -611
  381.4800	             -618
  381.5000	             -651
  381.5200	             -642
  381.5400	             -618
  381.5600	             -625
  381.5800	             -618
  381.6000	             -576
  381.6200	             -622
  381.6400	             -591
  381.6600	             -612
  381.6800	             -582
  381.7000	             -627
  381.7200	             -634
  381.7400	             -634
  381.7600	             -634
  381.7800	             -633
  381.8000	             -583
  381.8200	             -585
  381.8400	             -659
  381.8600	             -600
  381.8800	             -618
  381.9000	             -613
  381.9200	             -613
  381.9400	             -574
  381.9600	             -631
  381.9800	             -618
  382.0000	             -634
