  370.0000	             -608
  370.0200	             -626
  370.0400	             -582
  370.0600	             -594
  370.0800	             -646
  370.1000	             -622
  370.1200	             -550
  370.1400	             -580
  370.1600	             -571
  370.1800	             -628
  370.2000	             -644
  370.2200	             -591
  370.2400	             -486
  370.2600	             -549
  370.2800	             -661
  370.3000	             -613
  370.3200	             -547
  370.3400	             -547
  370.3600	             -644
  370.3800	             -650
  370.4000	             -572
  370.4200	             -537
  370.4400	             -528
  370.4600	             -628
  370.4800	             -492
  370.5000	             -523
  370.5200	             -547
  370.5400	             -535
  370.5600	             -615
  370.5800	             -584
  370.6000	             -573
  370.6200	             -614
  370.6400	             -631
  370.6600	             -596
  370.6800	             -581
  370.7000	             -633
  370.7200	             -574
  370.7400	             -541
  370.7600	             -580
  370.7800	             -549
  370.8000	             -551
  370.8200	             -577
  370.8400	             -605
  370.8600	             -550
  370.8800	             -500
  370.9000	             -517
  370.9200	             -484
  370.9400	             -463
  370.9600	             -386
  370.9800	             -307
  371.0000	             -128
  371.0200	             -278
  371.0400	             -382
  371.0600	             -318
  371.0800	             -406
  371.1000	             -447
  371.1200	             -509
  371.1400	             -645
  371.1600	             -635
  371.1800	             -630
  371.2000	             -647
  371.2200	             -661
  371.2400	             -649
  371.2600	             -652
  371.2800	             -665
  371.3000	             -685
  371.3200	             -675
  371.3400	             -680
  371.3600	             -634
  371.3800	             -632
  371.4000	             -624
  371.4200	             -646
  371.4400	             -646
  371.4600	             -632
  371.4800	             -596
  371.5000	             -628
  371.5200	             -663
  371.5400	             -637
  371.5600	             -634
  371.5800	             -619
  371.6000	             -670
  371.6200	             -652
  371.6400	             -663
  371.6600	             -665
  371.6800	             -633
  371.7000	             -638
  371.7200	             -652
  371.7400	             -638
  371.7600	             -657
  371.7800	             -652
  371.8000	             -614
  371.8200	             -656
  371.8400	             -616
  371.8600	             -643
  371.8800	             -611
  371.9000	             -659
  371.9200	             -616
  371.9400	             -652
  371.9600	             -638
  371.9800	             -683
  372.0000	             -680
  372.0200	             -675
  372.0400	             -657
  372.0600	             -645
  372.0800	             -650
  372.1000	             -613
  372.1200	             -604
  372.1400	             -610
  372.1600	             -651
  372.1800	             -639
  372.2000	             -691
  372.2200	             -675
  372.2400	             -649
  372.2600	             -636
  372.2800	             -636
  372.3000	             -630
  372.3200	             -618
  372.3400	             -643
  372.3600	             -664
  372.3800	             -639
  372.4000	             -661
  372.4200	             -600
  372.4400	             -583
  372.4600	             -588
  372.4800	             -627
  372.5000	             -649
  372.5200	             -630
  372.5400	             -669
  372.5600	             -639
  372.5800	             -680
  372.6000	             -644
  372.6200	             -639
  372.6400	             -579
  372.6600	             -658
  372.6800	             -612
  372.7000	             -614
  372.7200	             -590
  372.7400	             -607
  372.7600	             -649
  372.7800	             -661
  372.8000	             -649
  372.8200	             -617
  372.8400	             -592
  372.8600	             -654
  372.8800	             -621
  372.9000	             -633
  372.9200	             -652
  372.9400	             -659
  372.9600	             -638
  372.9800	             -589
  373.0000	             -637
  373.0200	             -578
  373.0400	             -584
  373.0600	             -595
  373.0800	             -539
  373.1000	             -655
  373.1200	             -603
  373.1400	             -653
  373.1600	             -630
  373.1800	             -634
  373.2000	             -600
  373.2200	             -600
  373.2400	             -573
  373.2600	             -630
  373.2800	             -667
  373.3000	             -631
  373.3200	             -582
  373.3400	             -630
  373.3600	             -580
  373.3800	             -610
  373.4000	             -611
  373.4200	             -598
  373.4400	             -631
  373.4600	             -600
  373.4800	             -593
  373.5000	             -621
  373.5200	             -571
  373.5400	             -546
  373.5600	             -627
  373.5800	             -564
  373.6000	             -577
  373.6200	             -555
  373.6400	             -572
  373.6600	             -598
  373.6800	             -577
  373.7000	             -614
  373.7200	             -572
  373.7400	             -564
  373.7600	             -570
  373.7800	             -546
  373.8000	             -648
  373.8200	             -616
  373.8400	             -542
  373.8600	             -630
  373.8800	             -502
  373.9000	             -464
  373.9200	             -538
  373.9400	             -607
  373.9600	             -551
  373.9800	             -509
  374.0000	             -619
  374.0200	             -533
  374.0400	             -443
  374.0600	             -596
  374.0800	             -650
  374.1000	             -497
  374.1200	             -556
  374.1400	             -596
  374.1600	             -423
  374.1800	             -386
  374.2000	             -541
  374.2200	             -531
  374.2400	             -482
  374.2600	             -592
  374.2800	             -426
  374.3000	             -426
  374.3200	             -558
  374.3400	             -597
  374.3600	             -485
  374.3800	             -503
  374.4000	             -453
  374.4200	             -435
  374.4400	             -546
  374.4600	             -559
  374.4800	             -452
  374.5000	             -363
  374.5200	             -472
  374.5400	             -489
  374.5600	             -575
  374.5800	             -503
  374.6000	             -379
  374.6200	             -461
  374.6400	             -590
  374.6600	             -530
  374.6800	             -464
  374.7000	             -302
  374.7200	             -426
  374.7400	             -601
  374.7600	             -484
  374.7800	             -294
  374.8000	             -247
  374.8200	             -530
  374.8400	             -633
  374.8600	             -472
  374.8800	             -244
  374.9000	             -442
  374.9200	             -609
  374.9400	             -534
  374.9600	             -323
  374.9800	             -290
  375.0000	             -501
  375.0200	             -420
  375.0400	             -320
  375.0600	             -379
  375.0800	             -454
  375.1000	             -438
  375.1200	             -455
  375.1400	             -426
  375.1600	             -417
  375.1800	             -461
  375.2000	             -450
  375.2200	             -363
  375.2400	             -361
  375.2600	             -374
  375.2800	             -345
  375.3000	             -417
  375.3200	             -393
  375.3400	             -319
  375.3600	             -301
  375.3800	             -205
  375.4000	             -274
  375.4200	             -129
  375.4400	              -75
  375.4600	              187
  375.4800	              641
  375.5000	              775
  375.5200	              268
  375.5400	              428
  375.5600	               89
  375.5800	              -69
  375.6000	             -277
  375.6200	             -678
  375.6400	             -664
  375.6600	             -653
  375.6800	             -665
  375.7000	             -658
  375.7200	             -615
  375.7400	             -614
  375.7600	             -582
  375.7800	             -571
  375.8000	             -623
  375.8200	             -663
  375.8400	             -637
  375.8600	             -642
  375.8800	             -676
  375.9000	             -638
  375.9200	             -675
  375.9400	             -672
  375.9600	             -619
  375.9800	             -590
  376.0000	             -618
  376.0200	             -616
  376.0400	             -599
  376.0600	             -650
  376.0800	             -682
  376.1000	             -675
  376.1200	             -634
  376.1400	             -634
  376.1600	             -680
  376.1800	             -667
  376.2000	             -615
  376.2200	             -578
  376.2400	             -560
  376.2600	             -589
  376.2800	             -623
  376.3000	             -671
  376.3200	             -664
  376.3400	             -675
  376.3600	             -622
  376.3800	             -648
  376.4000	             -657
  376.4200	             -602
  376.4400	             -600
  376.4600	             -572
  376.4800	             -600
  376.5000	             -598
  376.5200	             -658
  376.5400	             -636
  376.5600	             -672
  376.5800	             -647
  376.6000	             -634
  376.6200	             -670
  376.6400	             -541
  376.6600	             -593
  376.6800	             -570
  376.7000	             -531
  376.7200	             -557
  376.7400	             -649
  376.7600	             -675
  376.7800	             -651
  376.8000	             -648
  376.8200	             -676
  376.8400	             -598
  376.8600	             -617
  376.8800	             -594
  376.9000	             -576
  376.9200	             -549
  376.9400	             -570
  376.9600	             -663
  376.9800	             -684
  377.0000	             -680
  377.0200	             -667
  377.0400	             -678
  377.0600	             -618
  377.0800	             -611
  377.1000	             -595
  377.1200	             -537
  377.1400	             -567
  377.1600	             -606
  377.1800	             -645
  377.2000	             -695
  377.2200	             -670
  377.2400	             -648
  377.2600	             -563
  377.2800	             -617
  377.3000	             -561
  377.3200	             -587
  377.3400	             -581
  377.3600	             -554
  377.3800	             -653
  377.4000	             -641
  377.4200	             -675
  377.4400	             -634
  377.4600	             -612
  377.4800	             -632
  377.5000	             -561
  377.5200	             -570
  377.5400	             -577
  377.5600	             -599
  377.5800	             -677
  377.6000	             -663
  377.6200	             -675
  377.6400	             -582
  377.6600	             -595
  377.6800	             -605
  377.7000	             -570
  377.7200	             -568
  377.7400	             -550
  377.7600	             -606
  377.7800	             -676
  377.8000	             -625
  377.8200	             -600
  377.8400	             -580
  377.8600	             -588
  377.8800	             -546
  377.9000	             -552
  377.9200	             -547
  377.9400	             -601
  377.9600	             -675
  377.9800	             -617
  378.0000	             -606
  378.0200	             -488
  378.0400	             -623
  378.0600	             -531
  378.0800	             -581
  378.1000	             -481
  378.1200	             -584
  378.1400	             -673
  378.1600	             -610
  378.1800	             -508
  378.2000	             -585
  378.2200	             -593
  378.2400	             -530
  378.2600	             -525
  378.2800	             -518
  378.3000	             -615
  378.3200	             -646
  378.3400	             -543
  378.3600	             -543
  378.3800	             -630
  378.4000	             -476
  378.4200	             -597
  378.4400	             -509
  378.4600	             -536
  378.4800	             -655
  378.5000	             -523
  378.5200	             -511
  378.5400	             -604
  378.5600	             -467
  378.5800	             -518
  378.6000	             -487
  378.6200	             -521
  378.6400	             -580
  378.6600	             -493
  378.6800	             -624
  378.7000	             -536
  378.7200	             -431
  378.7400	             -567
  378.7600	             -470
  378.7800	             -479
  378.8000	             -463
  378.8200	             -583
  378.8400	             -640
  378.8600	             -451
  378.8800	             -492
  378.9000	             -525
  378.9200	             -365
  378.9400	             -404
  378.9600	             -590
  378.9800	             -611
  379.0000	             -452
  379.0200	             -435
  379.0400	             -536
  379.0600	             -279
  379.0800	             -339
  379.1000	             -643
  379.1200	             -550
  379.1400	             -361
  379.1600	             -474
  379.1800	             -402
  379.2000	             -208
  379.2200	             -538
  379.2400	             -645
  379.2600	             -429
  379.2800	             -375
  379.3000	             -470
  379.3200	             -187
  379.3400	             -306
  379.3600	             -591
  379.3800	             -419
  379.4000	             -289
  379.4200	             -302
  379.4400	             -245
  379.4600	             -371
  379.4800	             -528
  379.5000	             -344
  379.5200	             -197
  379.5400	             -244
  379.5600	             -460
  379.5800	             -423
  379.6000	             -441
  379.6200	             -137
  379.6400	             -206
  379.6600	             -473
  379.6800	             -369
  379.7000	             -328
  379.7200	               10
  379.7400	             -205
  379.7600	             -584
  379.7800	             -481
  379.8000	             -176
  379.8200	               62
  379.8400	             -386
  379.8600	             -570
  379.8800	             -326
  379.9000	               73
  379.9200	             -197
  379.9400	             -540
  379.9600	             -298
  379.9800	              -75
  380.0000	             -191
  380.0200	             -406
  380.0400	             -235
  380.0600	             -243
  380.0800	             -210
  380.1000	             -261
  380.1200	             -252
  380.1400	             -275
  380.1600	             -235
  380.1800	             -243
  380.2000	             -246
  380.2200	             -279
  380.2400	             -265
  380.2600	             -272
  380.2800	              -91
  380.3000	              -54
  380.3200	              158
  380.3400	              119
  380.3600	              127
  380.3800	              312
  380.4000	              412
  380.4200	              920
  380.4400	             1532
  380.4600	             1921
  380.4800	             1104
  380.5000	             1188
  380.5200	              619
  380.5400	              373
  380.5600	             -423
  380.5800	             -673
  380.6000	             -677
  380.6200	             -651
  380.6400	             -652
  380.6600	             -667
  380.6800	             -659
  380.7000	             -633
  380.7200	             -659
  380.7400	             -675
  380.7600	             -652
  380.7800	             -663
  380.8000	             -648
  380.8200	             -658
  380.8400	             -661
  380.8600	             -625
  380.8800	             -654
  380.9000	             -636
  380.9200	             -659
  380.9400	             -641
  380.9600	             -680
  380.9800	             -666
  381.0000	             -676
  381.0200	             -684
  381.0400	             -601
  381.0600	             -642
  381.0800	             -651
  381.1000	             -665
  381.1200	             -652
  381.1400	             -612
  381.1600	             -675
  381.1800	             -654
  381.2000	             -671
  381.2200	             -644
  381.2400	             -664
  381.2600	             -658
  381.2800	             -693
  381.3000	             -675
  381.3200	             -634
  381.3400	             -667
  381.3600	             -641
  381.3800	             -665
  381.4000	             -677
  381.4200	             -641
  381.4400	             -619
  381.4600	             -617
  381.4800	             -648
  381.5000	             -653
  381.5200	             -675
  381.5400	             -678
  381.5600	             -675
  381.5800	             -664
  381.6000	             -634
  381.6200	             -617
  381.6400	             -691
  381.6600	             -636
  381.6800	             -628
  381.7000	             -622
  381.7200	             -639
  381.7400	             -675
  381.7600	             -652
  381.7800	             -617
  381.8000	             -675
  381.8200	             -665
  381.8400	             -687
  381.8600	             -596
  381.8800	             -675
  381.9000	             -616
  381.9200	             -641
  381.9400	             -689
  381.9600	             -683
  381.9800	             -641
  382.0000	             -644
