  370.0000	             -399
  370.0200	             -413
  370.0400	             -428
  370.0600	             -479
  370.0800	             -457
  370.1000	             -413
  370.1200	             -432
  370.1400	             -363
  370.1600	             -526
  370.1800	             -457
  370.2000	             -432
  370.2200	             -379
  370.2400	             -363
  370.2600	             -517
  370.2800	             -493
  370.3000	             -400
  370.3200	             -366
  370.3400	             -487
  370.3600	             -503
  370.3800	             -453
  370.4000	             -387
  370.4200	             -445
  370.4400	             -420
  370.4600	             -440
  370.4800	             -360
  370.5000	             -394
  370.5200	             -420
  370.5400	             -437
  370.5600	             -463
  370.5800	             -422
  370.6000	             -431
  370.6200	             -508
  370.6400	             -484
  370.6600	             -426
  370.6800	             -400
  370.7000	             -415
  370.7200	             -412
  370.7400	             -399
  370.7600	             -402
  370.7800	             -384
  370.8000	             -384
  370.8200	             -423
  370.8400	             -360
  370.8600	             -394
  370.8800	             -358
  370.9000	             -276
  370.9200	             -248
  370.9400	             -182
  370.9600	              -71
  370.9800	              121
  371.0000	              -13
  371.0200	             -188
  371.0400	             -100
  371.0600	             -198
  371.0800	             -296
  371.1000	             -264
  371.1200	             -452
  371.1400	             -467
  371.1600	             -516
  371.1800	             -526
  371.2000	             -514
  371.2200	             -525
  371.2400	             -530
  371.2600	             -488
  371.2800	             -531
  371.3000	             -554
  371.3200	             -529
  371.3400	             -545
  371.3600	             -559
  371.3800	             -472
  371.4000	             -469
  371.4200	             -482
  371.4400	             -421
  371.4600	             -460
  371.4800	             -493
  371.5000	             -501
  371.5200	             -554
  371.5400	             -557
  371.5600	             -537
  371.5800	             -510
  371.6000	             -497
  371.6200	             -510
  371.6400	             -467
  371.6600	             -494
  371.6800	             -514
  371.7000	             -527
  371.7200	             -544
  371.7400	             -487
  371.7600	             -511
  371.7800	             -508
  371.8000	             -494
  371.8200	             -447
  371.8400	             -506
  371.8600	             -481
  371.8800	             -498
  371.9000	             -484
  371.9200	             -472
  371.9400	             -507
  371.9600	             -553
  371.9800	             -534
  372.0000	             -520
  372.0200	             -507
  372.0400	             -480
  372.0600	             -510
  372.0800	             -470
  372.1000	             -402
  372.1200	             -446
  372.1400	             -518
  372.1600	             -506
  372.1800	             -507
  372.2000	             -507
  372.2200	             -512
  372.2400	             -494
  372.2600	             -461
  372.2800	             -466
  372.3000	             -473
  372.3200	             -507
  372.3400	             -530
  372.3600	             -520
  372.3800	             -550
  372.4000	             -480
  372.4200	             -438
  372.4400	             -439
  372.4600	             -495
  372.4800	             -466
  372.5000	             -440
  372.5200	             -469
  372.5400	             -515
  372.5600	             -508
  372.5800	             -486
  372.6000	             -503
  372.6200	             -518
  372.6400	             -504
  372.6600	             -466
  372.6800	             -477
  372.7000	             -454
  372.7200	             -416
  372.7400	             -434
  372.7600	             -517
  372.7800	             -481
  372.8000	             -480
  372.8200	             -486
  372.8400	             -419
  372.8600	             -482
  372.8800	             -475
  372.9000	             -508
  372.9200	             -520
  372.9400	             -480
  372.9600	             -479
  372.9800	             -488
  373.0000	             -410
  373.0200	             -414
  373.0400	             -409
  373.0600	             -429
  373.0800	             -444
  373.1000	             -544
  373.1200	             -430
  373.1400	             -447
  373.1600	             -489
  373.1800	             -463
  373.2000	             -466
  373.2200	             -441
  373.2400	             -462
  373.2600	             -474
  373.2800	             -412
  373.3000	             -435
  373.3200	             -441
  373.3400	             -408
  373.3600	             -414
  373.3800	             -456
  373.4000	             -424
  373.4200	             -498
  373.4400	             -433
  373.4600	             -437
  373.4800	             -487
  373.5000	             -452
  373.5200	             -411
  373.5400	             -459
  373.5600	             -439
  373.5800	             -434
  373.6000	             -381
  373.6200	             -355
  373.6400	             -463
  373.6600	             -415
  373.6800	             -447
  373.7000	             -399
  373.7200	             -411
  373.7400	             -417
  373.7600	             -436
  373.7800	             -526
  373.8000	             -427
  373.8200	             -402
  373.8400	             -465
  373.8600	             -310
  373.8800	             -305
  373.9000	             -353
  373.9200	             -460
  373.9400	             -361
  373.9600	             -366
  373.9800	             -472
  374.0000	             -355
  374.0200	             -245
  374.0400	             -429
  374.0600	             -505
  374.0800	             -363
  374.1000	             -340
  374.1200	             -433
  374.1400	             -210
  374.1600	             -198
  374.1800	             -417
  374.2000	             -365
  374.2200	             -241
  374.2400	             -319
  374.2600	             -227
  374.2800	             -216
  374.3000	             -426
  374.3200	             -467
  374.3400	             -312
  374.3600	             -282
  374.3800	             -243
  374.4000	             -204
  374.4200	             -355
  374.4400	             -368
  374.4600	             -194
  374.4800	             -130
  374.5000	             -245
  374.5200	             -299
  374.5400	             -354
  374.5600	             -314
  374.5800	             -100
  374.6000	             -169
  374.6200	             -399
  374.6400	             -290
  374.6600	             -234
  374.6800	              -12
  374.7000	             -180
  374.7200	             -364
  374.7400	             -249
  374.7600	              -12
  374.7800	              -23
  374.8000	             -293
  374.8200	             -397
  374.8400	             -195
  374.8600	              121
  374.8800	              -96
  374.9000	             -439
  374.9200	             -283
  374.9400	              -29
  374.9600	               35
  374.9800	             -248
  375.0000	             -167
  375.0200	             -113
  375.0400	             -161
  375.0600	             -173
  375.0800	             -188
  375.1000	             -222
  375.1200	             -168
  375.1400	             -153
  375.1600	             -222
  375.1800	             -216
  375.2000	             -155
  375.2200	             -118
  375.2400	              -71
  375.2600	             -124
  375.2800	             -141
  375.3000	             -111
  375.3200	              -12
  375.3400	               17
  375.3600	              221
  375.3800	              215
  375.4000	              271
  375.4200	              456
  375.4400	              795
  375.4600	             1535
  375.4800	             1590
  375.5000	             1033
  375.5200	             1121
  375.5400	              773
  375.5600	              414
  375.5800	              128
  375.6000	             -419
  375.6200	             -538
  375.6400	             -547
  375.6600	             -509
  375.6800	             -508
  375.7000	             -473
  375.7200	             -457
  375.7400	             -418
  375.7600	             -431
  375.7800	             -466
  375.8000	             -509
  375.8200	             -508
  375.8400	             -506
  375.8600	             -487
  375.8800	             -536
  375.9000	             -490
  375.9200	             -534
  375.9400	             -412
  375.9600	             -424
  375.9800	             -424
  376.0000	             -406
  376.0200	             -466
  376.0400	             -494
  376.0600	             -540
  376.0800	             -506
  376.1000	             -510
  376.1200	             -507
  376.1400	             -490
  376.1600	             -500
  376.1800	             -455
  376.2000	             -438
  376.2200	             -398
  376.2400	             -403
  376.2600	             -483
  376.2800	             -503
  376.3000	             -527
  376.3200	             -534
  376.3400	             -547
  376.3600	             -514
  376.3800	             -511
  376.4000	             -477
  376.4200	             -456
  376.4400	             -447
  376.4600	             -403
  376.4800	             -449
  376.5000	             -514
  376.5200	             -510
  376.5400	             -554
  376.5600	             -508
  376.5800	             -511
  376.6000	             -529
  376.6200	             -435
  376.6400	             -450
  376.6600	             -403
  376.6800	             -387
  376.7000	             -419
  376.7200	             -514
  376.7400	             -536
  376.7600	             -552
  376.7800	             -529
  376.8000	             -508
  376.8200	             -486
  376.8400	             -410
  376.8600	             -468
  376.8800	             -391
  376.9000	             -397
  376.9200	             -401
  376.9400	             -483
  376.9600	             -548
  376.9800	             -545
  377.0000	             -509
  377.0200	             -515
  377.0400	             -396
  377.0600	             -417
  377.0800	             -413
  377.1000	             -400
  377.1200	             -406
  377.1400	             -410
  377.1600	             -557
  377.1800	             -494
  377.2000	             -520
  377.2200	             -526
  377.2400	             -449
  377.2600	             -450
  377.2800	             -424
  377.3000	             -410
  377.3200	             -411
  377.3400	             -415
  377.3600	             -501
  377.3800	             -553
  377.4000	             -525
  377.4200	             -492
  377.4400	             -411
  377.4600	             -448
  377.4800	             -423
  377.5000	             -362
  377.5200	             -312
  377.5400	             -402
  377.5600	             -541
  377.5800	             -553
  377.6000	             -538
  377.6200	             -422
  377.6400	             -424
  377.6600	             -452
  377.6800	             -369
  377.7000	             -379
  377.7200	             -373
  377.7400	             -419
  377.7600	             -506
  377.7800	             -487
  377.8000	             -435
  377.8200	             -386
  377.8400	             -468
  377.8600	             -346
  377.8800	             -320
  377.9000	             -351
  377.9200	             -417
  377.9400	             -493
  377.9600	             -477
  377.9800	             -404
  378.0000	             -408
  378.0200	             -403
  378.0400	             -364
  378.0600	             -383
  378.0800	             -356
  378.1000	             -370
  378.1200	             -462
  378.1400	             -438
  378.1600	             -323
  378.1800	             -403
  378.2000	             -376
  378.2200	             -307
  378.2400	             -339
  378.2600	             -314
  378.2800	             -456
  378.3000	             -461
  378.3200	             -351
  378.3400	             -386
  378.3600	             -466
  378.3800	             -303
  378.4000	             -291
  378.4200	             -289
  378.4400	             -361
  378.4600	             -484
  378.4800	             -317
  378.5000	             -336
  378.5200	             -398
  378.5400	             -271
  378.5600	             -301
  378.5800	             -301
  378.6000	             -290
  378.6200	             -360
  378.6400	             -257
  378.6600	             -458
  378.6800	             -361
  378.7000	             -219
  378.7200	             -349
  378.7400	             -257
  378.7600	             -219
  378.7800	             -223
  378.8000	             -376
  378.8200	             -451
  378.8400	             -216
  378.8600	             -223
  378.8800	             -249
  378.9000	             -115
  378.9200	             -171
  378.9400	             -363
  378.9600	             -425
  378.9800	             -192
  379.0000	             -237
  379.0200	             -311
  379.0400	              119
  379.0600	              -43
  379.0800	             -419
  379.1000	             -359
  379.1200	             -150
  379.1400	             -254
  379.1600	             -109
  379.1800	              228
  379.2000	             -199
  379.2200	             -467
  379.2400	             -157
  379.2600	              -79
  379.2800	             -165
  379.3000	              201
  379.3200	             -127
  379.3400	             -447
  379.3600	             -215
  379.3800	               -3
  379.4000	               43
  379.4200	              147
  379.4400	             -162
  379.4600	             -308
  379.4800	              -78
  379.5000	              209
  379.5200	              124
  379.5400	             -109
  379.5600	             -163
  379.5800	             -138
  379.6000	              317
  379.6200	              261
  379.6400	             -201
  379.6600	             -112
  379.6800	               62
  379.7000	              466
  379.7200	              236
  379.7400	             -355
  379.7600	             -202
  379.7800	              376
  379.8000	              515
  379.8200	              -94
  379.8400	             -332
  379.8600	              172
  379.8800	              643
  379.9000	              218
  379.9200	             -267
  379.9400	              114
  379.9600	              407
  379.9800	              245
  380.0000	              -23
  380.0200	              173
  380.0400	              227
  380.0600	              211
  380.0800	              184
  380.1000	              140
  380.1200	              145
  380.1400	              217
  380.1600	              200
  380.1800	              162
  380.2000	              141
  380.2200	              161
  380.2400	              211
  380.2600	              382
  380.2800	              540
  380.3000	              787
  380.3200	              717
  380.3400	              796
  380.3600	             1071
  380.3800	             1320
  380.4000	             2115
  380.4200	             3444
  380.4400	             3800
  380.4600	             2617
  380.4800	             2488
  380.5000	             1723
  380.5200	             1128
  380.5400	               68
  380.5600	             -519
  380.5800	             -520
  380.6000	             -517
  380.6200	             -465
  380.6400	             -495
  380.6600	             -477
  380.6800	             -529
  380.7000	             -532
  380.7200	             -493
  380.7400	             -486
  380.7600	             -521
  380.7800	             -479
  380.8000	             -534
  380.8200	             -538
  380.8400	             -489
  380.8600	             -483
  380.8800	             -546
  380.9000	             -518
  380.9200	             -508
  380.9400	             -555
  380.9600	             -512
  380.9800	             -510
  381.0000	             -546
  381.0200	             -529
  381.0400	             -548
  381.0600	             -509
  381.0800	             -510
  381.1000	             -521
  381.1200	             -507
  381.1400	             -511
  381.1600	             -511
  381.1800	             -547
  381.2000	             -484
  381.2200	             -530
  381.2400	             -518
  381.2600	             -534
  381.2800	             -510
  381.3000	             -481
  381.3200	             -507
  381.3400	             -497
  381.3600	             -520
  381.3800	             -551
  381.4000	             -553
  381.4200	             -513
  381.4400	             -547
  381.4600	             -556
  381.4800	             -554
  381.5000	             -547
  381.5200	             -534
  381.5400	             -508
  381.5600	             -545
  381.5800	             -510
  381.6000	             -534
  381.6200	             -545
  381.6400	             -545
  381.6600	             -518
  381.6800	             -539
  381.7000	             -519
  381.7200	             -489
  381.7400	             -519
  381.7600	             -553
  381.7800	             -546
  381.8000	             -548
  381.8200	             -529
  381.8400	             -525
  381.8600	             -567
  381.8800	             -554
  381.9000	             -530
  381.9200	             -534
  381.9400	             -553
  381.9600	             -554
  381.9800	             -507
  382.0000	             -536
