  370.0000	             -471
  370.0200	             -428
  370.0400	             -431
  370.0600	             -511
  370.0800	             -482
  370.1000	             -472
  370.1200	             -413
  370.1400	             -442
  370.1600	             -510
  370.1800	             -482
  370.2000	             -439
  370.2200	             -363
  370.2400	             -413
  370.2600	             -467
  370.2800	             -473
  370.3000	             -415
  370.3200	             -409
  370.3400	             -520
  370.3600	             -527
  370.3800	             -478
  370.4000	             -387
  370.4200	             -428
  370.4400	             -418
  370.4600	             -418
  370.4800	             -384
  370.5000	             -399
  370.5200	             -440
  370.5400	             -453
  370.5600	             -455
  370.5800	             -403
  370.6000	             -405
  370.6200	             -457
  370.6400	             -483
  370.6600	             -437
  370.6800	             -399
  370.7000	             -470
  370.7200	             -413
  370.7400	             -429
  370.7600	             -363
  370.7800	             -374
  370.8000	             -404
  370.8200	             -421
  370.8400	             -363
  370.8600	             -323
  370.8800	             -340
  370.9000	             -327
  370.9200	             -308
  370.9400	             -259
  370.9600	             -107
  370.9800	              117
  371.0000	              -97
  371.0200	             -197
  371.0400	             -171
  371.0600	             -277
  371.0800	             -304
  371.1000	             -315
  371.1200	             -447
  371.1400	             -505
  371.1600	             -526
  371.1800	             -523
  371.2000	             -491
  371.2200	             -492
  371.2400	             -526
  371.2600	             -489
  371.2800	             -487
  371.3000	             -532
  371.3200	             -526
  371.3400	             -538
  371.3600	             -547
  371.3800	             -492
  371.4000	             -468
  371.4200	             -503
  371.4400	             -484
  371.4600	             -405
  371.4800	             -457
  371.5000	             -532
  371.5200	             -555
  371.5400	             -525
  371.5600	             -562
  371.5800	             -525
  371.6000	             -528
  371.6200	             -480
  371.6400	             -462
  371.6600	             -467
  371.6800	             -514
  371.7000	             -527
  371.7200	             -486
  371.7400	             -552
  371.7600	             -504
  371.7800	             -503
  371.8000	             -517
  371.8200	             -510
  371.8400	             -533
  371.8600	             -425
  371.8800	             -530
  371.9000	             -525
  371.9200	             -468
  371.9400	             -506
  371.9600	             -508
  371.9800	             -540
  372.0000	             -540
  372.0200	             -475
  372.0400	             -455
  372.0600	             -514
  372.0800	             -485
  372.1000	             -483
  372.1200	             -486
  372.1400	             -523
  372.1600	             -552
  372.1800	             -511
  372.2000	             -524
  372.2200	             -507
  372.2400	             -503
  372.2600	             -465
  372.2800	             -519
  372.3000	             -440
  372.3200	             -462
  372.3400	             -518
  372.3600	             -554
  372.3800	             -506
  372.4000	             -448
  372.4200	             -469
  372.4400	             -429
  372.4600	             -434
  372.4800	             -486
  372.5000	             -434
  372.5200	             -487
  372.5400	             -493
  372.5600	             -535
  372.5800	             -517
  372.6000	             -526
  372.6200	             -496
  372.6400	             -440
  372.6600	             -473
  372.6800	             -424
  372.7000	             -459
  372.7200	             -467
  372.7400	             -523
  372.7600	             -517
  372.7800	             -511
  372.8000	             -436
  372.8200	             -517
  372.8400	             -461
  372.8600	             -473
  372.8800	             -448
  372.9000	             -486
  372.9200	             -527
  372.9400	             -521
  372.9600	             -480
  372.9800	             -486
  373.0000	             -411
  373.0200	             -440
  373.0400	             -455
  373.0600	             -420
  373.0800	             -489
  373.1000	             -512
  373.1200	             -440
  373.1400	             -482
  373.1600	             -520
  373.1800	             -436
  373.2000	             -483
  373.2200	             -429
  373.2400	             -454
  373.2600	             -472
  373.2800	             -447
  373.3000	             -450
  373.3200	             -465
  373.3400	             -419
  373.3600	             -431
  373.3800	             -480
  373.4000	             -429
  373.4200	             -471
  373.4400	             -435
  373.4600	             -445
  373.4800	             -508
  373.5000	             -459
  373.5200	             -455
  373.5400	             -469
  373.5600	             -411
  373.5800	             -443
  373.6000	             -377
  373.6200	             -408
  373.6400	             -447
  373.6600	             -455
  373.6800	             -484
  373.7000	             -442
  373.7200	             -367
  373.7400	             -431
  373.7600	             -398
  373.7800	             -469
  373.8000	             -431
  373.8200	             -390
  373.8400	             -459
  373.8600	             -381
  373.8800	             -329
  373.9000	             -393
  373.9200	             -485
  373.9400	             -386
  373.9600	             -393
  373.9800	             -476
  374.0000	             -339
  374.0200	             -278
  374.0400	             -413
  374.0600	             -495
  374.0800	             -352
  374.1000	             -413
  374.1200	             -399
  374.1400	             -264
  374.1600	             -261
  374.1800	             -404
  374.2000	             -401
  374.2200	             -311
  374.2400	             -410
  374.2600	             -258
  374.2800	             -227
  374.3000	             -454
  374.3200	             -412
  374.3400	             -376
  374.3600	             -346
  374.3800	             -312
  374.4000	             -228
  374.4200	             -393
  374.4400	             -357
  374.4600	             -252
  374.4800	             -191
  374.5000	             -251
  374.5200	             -359
  374.5400	             -373
  374.5600	             -333
  374.5800	             -152
  374.6000	             -245
  374.6200	             -417
  374.6400	             -354
  374.6600	             -245
  374.6800	             -161
  374.7000	             -221
  374.7200	             -417
  374.7400	             -324
  374.7600	              -82
  374.7800	              -89
  374.8000	             -305
  374.8200	             -419
  374.8400	             -257
  374.8600	               44
  374.8800	             -210
  374.9000	             -428
  374.9200	             -298
  374.9400	              -84
  374.9600	              -98
  374.9800	             -311
  375.0000	             -243
  375.0200	             -165
  375.0400	             -196
  375.0600	             -198
  375.0800	             -235
  375.1000	             -253
  375.1200	             -210
  375.1400	             -197
  375.1600	             -272
  375.1800	             -212
  375.2000	             -215
  375.2200	             -180
  375.2400	             -144
  375.2600	             -190
  375.2800	             -213
  375.3000	             -183
  375.3200	              -89
  375.3400	              -12
  375.3600	              115
  375.3800	              100
  375.4000	              152
  375.4200	              318
  375.4400	              672
  375.4600	             1210
  375.4800	             1303
  375.5000	              787
  375.5200	              852
  375.5400	              561
  375.5600	              268
  375.5800	               10
  375.6000	             -399
  375.6200	             -508
  375.6400	             -538
  375.6600	             -518
  375.6800	             -506
  375.7000	             -510
  375.7200	             -492
  375.7400	             -429
  375.7600	             -480
  375.7800	             -480
  375.8000	             -524
  375.8200	             -541
  375.8400	             -543
  375.8600	             -490
  375.8800	             -524
  375.9000	             -533
  375.9200	             -532
  375.9400	             -508
  375.9600	             -473
  375.9800	             -497
  376.0000	             -399
  376.0200	             -486
  376.0400	             -547
  376.0600	             -517
  376.0800	             -499
  376.1000	             -510
  376.1200	             -539
  376.1400	             -514
  376.1600	             -516
  376.1800	             -470
  376.2000	             -494
  376.2200	             -449
  376.2400	             -427
  376.2600	             -504
  376.2800	             -525
  376.3000	             -509
  376.3200	             -510
  376.3400	             -556
  376.3600	             -504
  376.3800	             -538
  376.4000	             -443
  376.4200	             -448
  376.4400	             -470
  376.4600	             -483
  376.4800	             -440
  376.5000	             -524
  376.5200	             -545
  376.5400	             -520
  376.5600	             -507
  376.5800	             -512
  376.6000	             -530
  376.6200	             -502
  376.6400	             -470
  376.6600	             -416
  376.6800	             -472
  376.7000	             -444
  376.7200	             -534
  376.7400	             -510
  376.7600	             -499
  376.7800	             -552
  376.8000	             -476
  376.8200	             -517
  376.8400	             -431
  376.8600	             -447
  376.8800	             -480
  376.9000	             -453
  376.9200	             -415
  376.9400	             -462
  376.9600	             -545
  376.9800	             -508
  377.0000	             -563
  377.0200	             -534
  377.0400	             -484
  377.0600	             -474
  377.0800	             -467
  377.1000	             -410
  377.1200	             -455
  377.1400	             -480
  377.1600	             -536
  377.1800	             -551
  377.2000	             -529
  377.2200	             -472
  377.2400	             -497
  377.2600	             -435
  377.2800	             -399
  377.3000	             -450
  377.3200	             -434
  377.3400	             -462
  377.3600	             -527
  377.3800	             -549
  377.4000	             -509
  377.4200	             -468
  377.4400	             -458
  377.4600	             -455
  377.4800	             -411
  377.5000	             -431
  377.5200	             -413
  377.5400	             -407
  377.5600	             -527
  377.5800	             -551
  377.6000	             -480
  377.6200	             -483
  377.6400	             -411
  377.6600	             -430
  377.6800	             -441
  377.7000	             -420
  377.7200	             -431
  377.7400	             -486
  377.7600	             -510
  377.7800	             -552
  377.8000	             -437
  377.8200	             -452
  377.8400	             -417
  377.8600	             -422
  377.8800	             -411
  377.9000	             -399
  377.9200	             -438
  377.9400	             -541
  377.9600	             -492
  377.9800	             -401
  378.0000	             -438
  378.0200	             -432
  378.0400	             -360
  378.0600	             -429
  378.0800	             -411
  378.1000	             -460
  378.1200	             -484
  378.1400	             -495
  378.1600	             -421
  378.1800	             -413
  378.2000	             -437
  378.2200	             -354
  378.2400	             -425
  378.2600	             -389
  378.2800	             -484
  378.3000	             -513
  378.3200	             -363
  378.3400	             -412
  378.3600	             -462
  378.3800	             -364
  378.4000	             -411
  378.4200	             -372
  378.4400	             -414
  378.4600	             -494
  378.4800	             -306
  378.5000	             -406
  378.5200	             -460
  378.5400	             -333
  378.5600	             -384
  378.5800	             -383
  378.6000	             -374
  378.6200	             -379
  378.6400	             -298
  378.6600	             -427
  378.6800	             -349
  378.7000	             -322
  378.7200	             -352
  378.7400	             -322
  378.7600	             -273
  378.7800	             -317
  378.8000	             -381
  378.8200	             -419
  378.8400	             -226
  378.8600	             -307
  378.8800	             -315
  378.9000	             -177
  378.9200	             -185
  378.9400	             -393
  378.9600	             -448
  378.9800	             -263
  379.0000	             -303
  379.0200	             -364
  379.0400	              -16
  379.0600	             -140
  379.0800	             -438
  379.1000	             -378
  379.1200	             -188
  379.1400	             -308
  379.1600	             -139
  379.1800	              139
  379.2000	             -259
  379.2200	             -441
  379.2400	             -222
  379.2600	             -176
  379.2800	             -192
  379.3000	              148
  379.3200	             -188
  379.3400	             -441
  379.3600	             -191
  379.3800	              -87
  379.4000	              -20
  379.4200	              -12
  379.4400	             -208
  379.4600	             -379
  379.4800	             -157
  379.5000	              102
  379.5200	              -55
  379.5400	             -216
  379.5600	             -207
  379.5800	             -209
  379.6000	              197
  379.6200	              102
  379.6400	             -305
  379.6600	             -210
  379.6800	              -12
  379.7000	              297
  379.7200	              143
  379.7400	             -388
  379.7600	             -253
  379.7800	              191
  379.8000	              280
  379.8200	             -164
  379.8400	             -339
  379.8600	               79
  379.8800	              481
  379.9000	               89
  379.9200	             -255
  379.9400	               23
  379.9600	              262
  379.9800	              105
  380.0000	              -77
  380.0200	              139
  380.0400	              132
  380.0600	              114
  380.0800	               51
  380.1000	                0
  380.1200	              117
  380.1400	              149
  380.1600	               66
  380.1800	               99
  380.2000	               57
  380.2200	                0
  380.2400	               80
  380.2600	              232
  380.2800	              408
  380.3000	              634
  380.3200	              565
  380.3400	              621
  380.3600	              847
  380.3800	             1066
  380.4000	             1796
  380.4200	             2747
  380.4400	             3147
  380.4600	             2116
  380.4800	             2003
  380.5000	             1386
  380.5200	              839
  380.5400	              -12
  380.5600	             -508
  380.5800	             -526
  380.6000	             -481
  380.6200	             -530
  380.6400	             -507
  380.6600	             -524
  380.6800	             -541
  380.7000	             -538
  380.7200	             -489
  380.7400	             -496
  380.7600	             -523
  380.7800	             -512
  380.8000	             -525
  380.8200	             -533
  380.8400	             -521
  380.8600	             -525
  380.8800	             -486
  380.9000	             -506
  380.9200	             -526
  380.9400	             -551
  380.9600	             -511
  380.9800	             -554
  381.0000	             -481
  381.0200	             -554
  381.0400	             -534
  381.0600	             -525
  381.0800	             -555
  381.1000	             -539
  381.1200	             -511
  381.1400	             -508
  381.1600	             -551
  381.1800	             -526
  381.2000	             -536
  381.2200	             -511
  381.2400	             -525
  381.2600	             -558
  381.2800	             -511
  381.3000	             -487
  381.3200	             -494
  381.3400	             -501
  381.3600	             -551
  381.3800	             -563
  381.4000	             -507
  381.4200	             -553
  381.4400	             -527
  381.4600	             -525
  381.4800	             -552
  381.5000	             -551
  381.5200	             -504
  381.5400	             -538
  381.5600	             -563
  381.5800	             -514
  381.6000	             -529
  381.6200	             -504
  381.6400	             -554
  381.6600	             -545
  381.6800	             -529
  381.7000	             -514
  381.7200	             -525
  381.7400	             -552
  381.7600	             -540
  381.7800	             -501
  381.8000	             -518
  381.8200	             -559
  381.8400	             -545
  381.8600	             -545
  381.8800	             -548
  381.9000	             -512
  381.9200	             -545
  381.9400	             -554
  381.9600	             -547
  381.9800	             -519
  382.0000	             -513
