  370.0000	             -788
  370.0200	             -724
  370.0400	             -683
  370.0600	             -797
  370.0800	             -790
  370.1000	             -725
  370.1200	             -716
  370.1400	             -659
  370.1600	             -852
  370.1800	             -856
  370.2000	             -775
  370.2200	             -629
  370.2400	             -672
  370.2600	             -833
  370.2800	             -828
  370.3000	             -693
  370.3200	             -607
  370.3400	             -806
  370.3600	             -869
  370.3800	             -789
  370.4000	             -606
  370.4200	             -680
  370.4400	             -802
  370.4600	             -736
  370.4800	             -589
  370.5000	             -689
  370.5200	             -721
  370.5400	             -714
  370.5600	             -748
  370.5800	             -674
  370.6000	             -732
  370.6200	             -781
  370.6400	             -815
  370.6600	             -685
  370.6800	             -748
  370.7000	             -694
  370.7200	             -710
  370.7400	             -738
  370.7600	             -666
  370.7800	             -701
  370.8000	             -658
  370.8200	             -700
  370.8400	             -647
  370.8600	             -605
  370.8800	             -554
  370.9000	             -495
  370.9200	             -432
  370.9400	             -335
  370.9600	             -209
  370.9800	               82
  371.0000	              -37
  371.0200	             -270
  371.0400	             -236
  371.0600	             -357
  371.0800	             -516
  371.1000	             -593
  371.1200	             -776
  371.1400	             -870
  371.1600	             -840
  371.1800	             -870
  371.2000	             -891
  371.2200	             -838
  371.2400	             -887
  371.2600	             -899
  371.2800	             -868
  371.3000	             -914
  371.3200	             -855
  371.3400	             -871
  371.3600	             -911
  371.3800	             -861
  371.4000	             -838
  371.4200	             -835
  371.4400	             -838
  371.4600	             -833
  371.4800	             -835
  371.5000	             -866
  371.5200	             -884
  371.5400	             -902
  371.5600	             -865
  371.5800	             -893
  371.6000	             -898
  371.6200	             -878
  371.6400	             -877
  371.6600	             -887
  371.6800	             -860
  371.7000	             -840
  371.7200	             -874
  371.7400	             -894
  371.7600	             -872
  371.7800	             -840
  371.8000	             -858
  371.8200	             -858
  371.8400	             -827
  371.8600	             -847
  371.8800	             -861
  371.9000	             -872
  371.9200	             -838
  371.9400	             -910
  371.9600	             -916
  371.9800	             -883
  372.0000	             -888
  372.0200	             -835
  372.0400	             -872
  372.0600	             -861
  372.0800	             -794
  372.1000	             -795
  372.1200	             -781
  372.1400	             -838
  372.1600	             -895
  372.1800	             -856
  372.2000	             -874
  372.2200	             -857
  372.2400	             -834
  372.2600	             -878
  372.2800	             -852
  372.3000	             -819
  372.3200	             -806
  372.3400	             -899
  372.3600	             -856
  372.3800	             -854
  372.4000	             -813
  372.4200	             -821
  372.4400	             -791
  372.4600	             -790
  372.4800	             -806
  372.5000	             -832
  372.5200	             -814
  372.5400	             -888
  372.5600	             -843
  372.5800	             -902
  372.6000	             -858
  372.6200	             -823
  372.6400	             -813
  372.6600	             -796
  372.6800	             -822
  372.7000	             -780
  372.7200	             -813
  372.7400	             -886
  372.7600	             -871
  372.7800	             -859
  372.8000	             -812
  372.8200	             -851
  372.8400	             -830
  372.8600	             -817
  372.8800	             -784
  372.9000	             -850
  372.9200	             -904
  372.9400	             -893
  372.9600	             -834
  372.9800	             -784
  373.0000	             -773
  373.0200	             -745
  373.0400	             -796
  373.0600	             -747
  373.0800	             -878
  373.1000	             -905
  373.1200	             -816
  373.1400	             -801
  373.1600	             -847
  373.1800	             -805
  373.2000	             -763
  373.2200	             -810
  373.2400	             -801
  373.2600	             -817
  373.2800	             -791
  373.3000	             -768
  373.3200	             -797
  373.3400	             -765
  373.3600	             -734
  373.3800	             -782
  373.4000	             -778
  373.4200	             -842
  373.4400	             -796
  373.4600	             -727
  373.4800	             -855
  373.5000	             -796
  373.5200	             -727
  373.5400	             -789
  373.5600	             -747
  373.5800	             -722
  373.6000	             -710
  373.6200	             -669
  373.6400	             -793
  373.6600	             -754
  373.6800	             -804
  373.7000	             -761
  373.7200	             -711
  373.7400	             -705
  373.7600	             -687
  373.7800	             -877
  373.8000	             -699
  373.8200	             -671
  373.8400	             -828
  373.8600	             -720
  373.8800	             -550
  373.9000	             -573
  373.9200	             -782
  373.9400	             -747
  373.9600	             -652
  373.9800	             -776
  374.0000	             -617
  374.0200	             -501
  374.0400	             -686
  374.0600	             -882
  374.0800	             -711
  374.1000	             -577
  374.1200	             -780
  374.1400	             -507
  374.1600	             -368
  374.1800	             -774
  374.2000	             -736
  374.2200	             -592
  374.2400	             -577
  374.2600	             -518
  374.2800	             -405
  374.3000	             -695
  374.3200	             -773
  374.3400	             -643
  374.3600	             -557
  374.3800	             -570
  374.4000	             -426
  374.4200	             -634
  374.4400	             -736
  374.4600	             -510
  374.4800	             -348
  374.5000	             -449
  374.5200	             -622
  374.5400	             -574
  374.5600	             -642
  374.5800	             -324
  374.6000	             -363
  374.6200	             -722
  374.6400	             -565
  374.6600	             -478
  374.6800	             -213
  374.7000	             -264
  374.7200	             -716
  374.7400	             -613
  374.7600	             -281
  374.7800	             -216
  374.8000	             -515
  374.8200	             -809
  374.8400	             -494
  374.8600	             -162
  374.8800	             -224
  374.9000	             -729
  374.9200	             -647
  374.9400	             -213
  374.9600	             -171
  374.9800	             -431
  375.0000	             -419
  375.0200	             -276
  375.0400	             -298
  375.0600	             -353
  375.0800	             -425
  375.1000	             -397
  375.1200	             -325
  375.1400	             -310
  375.1600	             -460
  375.1800	             -367
  375.2000	             -309
  375.2200	             -314
  375.2400	             -324
  375.2600	             -265
  375.2800	             -333
  375.3000	             -296
  375.3200	              -96
  375.3400	             -180
  375.3600	              151
  375.3800	              236
  375.4000	              199
  375.4200	              436
  375.4400	              798
  375.4600	             1807
  375.4800	             2063
  375.5000	             1223
  375.5200	             1169
  375.5400	             1045
  375.5600	              404
  375.5800	              195
  375.6000	             -683
  375.6200	             -847
  375.6400	             -849
  375.6600	             -889
  375.6800	             -906
  375.7000	             -887
  375.7200	             -866
  375.7400	             -847
  375.7600	             -815
  375.7800	             -778
  375.8000	             -905
  375.8200	             -907
  375.8400	             -883
  375.8600	             -896
  375.8800	             -913
  375.9000	             -905
  375.9200	             -919
  375.9400	             -838
  375.9600	             -835
  375.9800	             -830
  376.0000	             -773
  376.0200	             -822
  376.0400	             -847
  376.0600	             -871
  376.0800	             -863
  376.1000	             -915
  376.1200	             -915
  376.1400	             -861
  376.1600	             -912
  376.1800	             -806
  376.2000	             -828
  376.2200	             -791
  376.2400	             -834
  376.2600	             -859
  376.2800	             -911
  376.3000	             -874
  376.3200	             -883
  376.3400	             -858
  376.3600	             -843
  376.3800	             -874
  376.4000	             -837
  376.4200	             -839
  376.4400	             -823
  376.4600	             -845
  376.4800	             -824
  376.5000	             -908
  376.5200	             -874
  376.5400	             -865
  376.5600	             -913
  376.5800	             -927
  376.6000	             -886
  376.6200	             -839
  376.6400	             -780
  376.6600	             -821
  376.6800	             -815
  376.7000	             -822
  376.7200	             -880
  376.7400	             -892
  376.7600	             -910
  376.7800	             -915
  376.8000	             -922
  376.8200	             -902
  376.8400	             -800
  376.8600	             -813
  376.8800	             -811
  376.9000	             -815
  376.9200	             -772
  376.9400	             -912
  376.9600	             -914
  376.9800	             -905
  377.0000	             -905
  377.0200	             -912
  377.0400	             -815
  377.0600	             -768
  377.0800	             -763
  377.1000	             -784
  377.1200	             -805
  377.1400	             -844
  377.1600	             -894
  377.1800	             -905
  377.2000	             -856
  377.2200	             -913
  377.2400	             -837
  377.2600	             -767
  377.2800	             -803
  377.3000	             -777
  377.3200	             -758
  377.3400	             -806
  377.3600	             -898
  377.3800	             -856
  377.4000	             -920
  377.4200	             -872
  377.4400	             -789
  377.4600	             -754
  377.4800	             -803
  377.5000	             -724
  377.5200	             -760
  377.5400	             -783
  377.5600	             -883
  377.5800	             -883
  377.6000	             -905
  377.6200	             -805
  377.6400	             -775
  377.6600	             -801
  377.6800	             -694
  377.7000	             -772
  377.7200	             -692
  377.7400	             -819
  377.7600	             -847
  377.7800	             -854
  377.8000	             -796
  377.8200	             -712
  377.8400	             -780
  377.8600	             -728
  377.8800	             -679
  377.9000	             -726
  377.9200	             -764
  377.9400	             -886
  377.9600	             -900
  377.9800	             -784
  378.0000	             -732
  378.0200	             -791
  378.0400	             -717
  378.0600	             -734
  378.0800	             -717
  378.1000	             -717
  378.1200	             -904
  378.1400	             -851
  378.1600	             -707
  378.1800	             -717
  378.2000	             -754
  378.2200	             -635
  378.2400	             -653
  378.2600	             -600
  378.2800	             -785
  378.3000	             -892
  378.3200	             -642
  378.3400	             -636
  378.3600	             -802
  378.3800	             -637
  378.4000	             -648
  378.4200	             -682
  378.4400	             -662
  378.4600	             -851
  378.4800	             -635
  378.5000	             -631
  378.5200	             -820
  378.5400	             -639
  378.5600	             -657
  378.5800	             -660
  378.6000	             -556
  378.6200	             -642
  378.6400	             -561
  378.6600	             -753
  378.6800	             -714
  378.7000	             -547
  378.7200	             -704
  378.7400	             -608
  378.7600	             -470
  378.7800	             -512
  378.8000	             -621
  378.8200	             -784
  378.8400	             -558
  378.8600	             -540
  378.8800	             -603
  378.9000	             -304
  378.9200	             -376
  378.9400	             -645
  378.9600	             -805
  378.9800	             -509
  379.0000	             -415
  379.0200	             -639
  379.0400	             -201
  379.0600	             -210
  379.0800	             -796
  379.1000	             -745
  379.1200	             -453
  379.1400	             -515
  379.1600	             -417
  379.1800	               21
  379.2000	             -411
  379.2200	             -817
  379.2400	             -454
  379.2600	             -354
  379.2800	             -554
  379.3000	             -119
  379.3200	             -254
  379.3400	             -793
  379.3600	             -508
  379.3800	             -240
  379.4000	             -264
  379.4200	             -185
  379.4400	             -401
  379.4600	             -644
  379.4800	             -438
  379.5000	              -66
  379.5200	             -204
  379.5400	             -320
  379.5600	             -404
  379.5800	             -432
  379.6000	               57
  379.6200	               63
  379.6400	             -554
  379.6600	             -446
  379.6800	             -264
  379.7000	              125
  379.7200	              154
  379.7400	             -682
  379.7600	             -569
  379.7800	              -12
  379.8000	              361
  379.8200	             -237
  379.8400	             -680
  379.8600	             -207
  379.8800	              355
  379.9000	               17
  379.9200	             -556
  379.9400	             -259
  379.9600	              143
  379.9800	              -12
  380.0000	             -244
  380.0200	             -204
  380.0400	               -7
  380.0600	             -112
  380.0800	              -68
  380.1000	              -75
  380.1200	             -132
  380.1400	              -23
  380.1600	              -12
  380.1800	              112
  380.2000	             -182
  380.2200	              -61
  380.2400	             -131
  380.2600	               52
  380.2800	              380
  380.3000	              512
  380.3200	              654
  380.3400	              579
  380.3600	              979
  380.3800	             1027
  380.4000	             1963
  380.4200	             3074
  380.4400	             3848
  380.4600	             2744
  380.4800	             2545
  380.5000	             1806
  380.5200	              976
  380.5400	               30
  380.5600	             -840
  380.5800	             -866
  380.6000	             -861
  380.6200	             -907
  380.6400	             -855
  380.6600	             -886
  380.6800	             -889
  380.7000	             -895
  380.7200	             -889
  380.7400	             -882
  380.7600	             -861
  380.7800	             -879
  380.8000	             -885
  380.8200	             -908
  380.8400	             -908
  380.8600	             -874
  380.8800	             -908
  380.9000	             -887
  380.9200	             -913
  380.9400	             -915
  380.9600	             -877
  380.9800	             -898
  381.0000	             -911
  381.0200	             -855
  381.0400	             -909
  381.0600	             -915
  381.0800	             -904
  381.1000	             -863
  381.1200	             -883
  381.1400	             -905
  381.1600	             -908
  381.1800	             -907
  381.2000	             -843
  381.2200	             -894
  381.2400	             -883
  381.2600	             -869
  381.2800	             -871
  381.3000	             -865
  381.3200	             -917
  381.3400	             -865
  381.3600	             -917
  381.3800	             -913
  381.4000	             -862
  381.4200	             -842
  381.4400	             -863
  381.4600	             -924
  381.4800	             -911
  381.5000	             -927
  381.5200	             -871
  381.5400	             -927
  381.5600	             -915
  381.5800	             -914
  381.6000	             -913
  381.6200	             -863
  381.6400	             -863
  381.6600	             -917
  381.6800	             -865
  381.7000	             -882
  381.7200	             -854
  381.7400	             -874
  381.7600	             -883
  381.7800	             -928
  381.8000	             -893
  381.8200	             -843
  381.8400	             -863
  381.8600	             -843
  381.8800	             -854
  381.9000	             -905
  381.9200	             -898
  381.9400	             -904
  381.9600	             -927
  381.9800	             -856
  382.0000	             -924
