  370.0000	             -419
  370.0200	             -415
  370.0400	             -390
  370.0600	             -447
  370.0800	             -393
  370.1000	             -377
  370.1200	             -353
  370.1400	             -368
  370.1600	             -415
  370.1800	             -467
  370.2000	             -385
  370.2200	             -348
  370.2400	             -327
  370.2600	             -415
  370.2800	             -422
  370.3000	             -354
  370.3200	             -331
  370.3400	             -403
  370.3600	             -424
  370.3800	             -335
  370.4000	             -276
  370.4200	             -295
  370.4400	             -438
  370.4600	             -292
  370.4800	             -372
  370.5000	             -349
  370.5200	             -376
  370.5400	             -390
  370.5600	             -412
  370.5800	             -382
  370.6000	             -411
  370.6200	             -388
  370.6400	             -392
  370.6600	             -373
  370.6800	             -417
  370.7000	             -360
  370.7200	             -359
  370.7400	             -368
  370.7600	             -314
  370.7800	             -289
  370.8000	             -337
  370.8200	             -423
  370.8400	             -351
  370.8600	             -373
  370.8800	             -287
  370.9000	             -278
  370.9200	             -167
  370.9400	             -231
  370.9600	              -94
  370.9800	               93
  371.0000	              -55
  371.0200	             -216
  371.0400	              -45
  371.0600	             -193
  371.0800	             -180
  371.1000	             -199
  371.1200	             -355
  371.1400	             -470
  371.1600	             -453
  371.1800	             -456
  371.2000	             -465
  371.2200	             -438
  371.2400	             -434
  371.2600	             -456
  371.2800	             -474
  371.3000	             -474
  371.3200	             -455
  371.3400	             -483
  371.3600	             -475
  371.3800	             -408
  371.4000	             -461
  371.4200	             -464
  371.4400	             -431
  371.4600	             -418
  371.4800	             -438
  371.5000	             -448
  371.5200	             -463
  371.5400	             -453
  371.5600	             -476
  371.5800	             -421
  371.6000	             -475
  371.6200	             -459
  371.6400	             -456
  371.6600	             -428
  371.6800	             -434
  371.7000	             -444
  371.7200	             -481
  371.7400	             -475
  371.7600	             -469
  371.7800	             -418
  371.8000	             -447
  371.8200	             -456
  371.8400	             -411
  371.8600	             -438
  371.8800	             -433
  371.9000	             -411
  371.9200	             -411
  371.9400	             -473
  371.9600	             -440
  371.9800	             -456
  372.0000	             -474
  372.0200	             -394
  372.0400	             -451
  372.0600	             -459
  372.0800	             -421
  372.1000	             -440
  372.1200	             -423
  372.1400	             -471
  372.1600	             -477
  372.1800	             -474
  372.2000	             -475
  372.2200	             -406
  372.2400	             -445
  372.2600	             -412
  372.2800	             -463
  372.3000	             -442
  372.3200	             -447
  372.3400	             -469
  372.3600	             -412
  372.3800	             -484
  372.4000	             -439
  372.4200	             -420
  372.4400	             -453
  372.4600	             -461
  372.4800	             -417
  372.5000	             -433
  372.5200	             -452
  372.5400	             -433
  372.5600	             -471
  372.5800	             -478
  372.6000	             -444
  372.6200	             -419
  372.6400	             -436
  372.6600	             -426
  372.6800	             -434
  372.7000	             -398
  372.7200	             -418
  372.7400	             -404
  372.7600	             -469
  372.7800	             -429
  372.8000	             -438
  372.8200	             -456
  372.8400	             -453
  372.8600	             -412
  372.8800	             -439
  372.9000	             -446
  372.9200	             -473
  372.9400	             -473
  372.9600	             -406
  372.9800	             -400
  373.0000	             -400
  373.0200	             -330
  373.0400	             -347
  373.0600	             -396
  373.0800	             -436
  373.1000	             -469
  373.1200	             -448
  373.1400	             -425
  373.1600	             -384
  373.1800	             -407
  373.2000	             -381
  373.2200	             -436
  373.2400	             -384
  373.2600	             -453
  373.2800	             -461
  373.3000	             -396
  373.3200	             -388
  373.3400	             -408
  373.3600	             -368
  373.3800	             -404
  373.4000	             -383
  373.4200	             -404
  373.4400	             -404
  373.4600	             -366
  373.4800	             -440
  373.5000	             -416
  373.5200	             -380
  373.5400	             -408
  373.5600	             -371
  373.5800	             -403
  373.6000	             -385
  373.6200	             -367
  373.6400	             -422
  373.6600	             -411
  373.6800	             -422
  373.7000	             -422
  373.7200	             -369
  373.7400	             -388
  373.7600	             -412
  373.7800	             -444
  373.8000	             -437
  373.8200	             -403
  373.8400	             -404
  373.8600	             -411
  373.8800	             -337
  373.9000	             -329
  373.9200	             -422
  373.9400	             -412
  373.9600	             -358
  373.9800	             -418
  374.0000	             -428
  374.0200	             -331
  374.0400	             -301
  374.0600	             -442
  374.0800	             -384
  374.1000	             -278
  374.1200	             -366
  374.1400	             -241
  374.1600	               82
  374.1800	             -402
  374.2000	             -388
  374.2200	             -162
  374.2400	             -348
  374.2600	             -304
  374.2800	              -63
  374.3000	             -322
  374.3200	             -447
  374.3400	             -294
  374.3600	             -268
  374.3800	             -277
  374.4000	             -148
  374.4200	             -283
  374.4400	             -329
  374.4600	             -246
  374.4800	             -169
  374.5000	             -201
  374.5200	             -207
  374.5400	             -220
  374.5600	             -345
  374.5800	             -135
  374.6000	              -92
  374.6200	             -343
  374.6400	             -316
  374.6600	             -232
  374.6800	               12
  374.7000	              108
  374.7200	             -347
  374.7400	             -300
  374.7600	             -184
  374.7800	             -126
  374.8000	             -196
  374.8200	             -414
  374.8400	             -323
  374.8600	                0
  374.8800	              -46
  374.9000	             -307
  374.9200	             -257
  374.9400	              -60
  374.9600	              130
  374.9800	             -173
  375.0000	             -251
  375.0200	                0
  375.0400	             -130
  375.0600	               12
  375.0800	             -212
  375.1000	             -267
  375.1200	              -75
  375.1400	             -134
  375.1600	             -257
  375.1800	             -158
  375.2000	             -144
  375.2200	             -132
  375.2400	             -182
  375.2600	              -53
  375.2800	             -121
  375.3000	             -219
  375.3200	               97
  375.3400	               83
  375.3600	              299
  375.3800	              298
  375.4000	              334
  375.4200	              443
  375.4400	              544
  375.4600	              829
  375.4800	             1786
  375.5000	              739
  375.5200	              877
  375.5400	              975
  375.5600	              492
  375.5800	              320
  375.6000	             -307
  375.6200	             -446
  375.6400	             -433
  375.6600	             -388
  375.6800	             -440
  375.7000	             -434
  375.7200	             -406
  375.7400	             -391
  375.7600	             -391
  375.7800	             -408
  375.8000	             -456
  375.8200	             -457
  375.8400	             -456
  375.8600	             -451
  375.8800	             -407
  375.9000	             -473
  375.9200	             -479
  375.9400	             -463
  375.9600	             -438
  375.9800	             -428
  376.0000	             -433
  376.0200	             -434
  376.0400	             -427
  376.0600	             -462
  376.0800	             -484
  376.1000	             -476
  376.1200	             -471
  376.1400	             -466
  376.1600	             -472
  376.1800	             -447
  376.2000	             -414
  376.2200	             -437
  376.2400	             -427
  376.2600	             -386
  376.2800	             -473
  376.3000	             -474
  376.3200	             -479
  376.3400	             -465
  376.3600	             -482
  376.3800	             -455
  376.4000	             -407
  376.4200	             -411
  376.4400	             -396
  376.4600	             -390
  376.4800	             -422
  376.5000	             -454
  376.5200	             -494
  376.5400	             -462
  376.5600	             -459
  376.5800	             -473
  376.6000	             -474
  376.6200	             -475
  376.6400	             -450
  376.6600	             -415
  376.6800	             -435
  376.7000	             -430
  376.7200	             -438
  376.7400	             -427
  376.7600	             -476
  376.7800	             -394
  376.8000	             -475
  376.8200	             -473
  376.8400	             -436
  376.8600	             -448
  376.8800	             -442
  376.9000	             -442
  376.9200	             -438
  376.9400	             -450
  376.9600	             -487
  376.9800	             -427
  377.0000	             -475
  377.0200	             -462
  377.0400	             -471
  377.0600	             -379
  377.0800	             -356
  377.1000	             -376
  377.1200	             -404
  377.1400	             -351
  377.1600	             -468
  377.1800	             -479
  377.2000	             -442
  377.2200	             -455
  377.2400	             -420
  377.2600	             -418
  377.2800	             -377
  377.3000	             -346
  377.3200	             -408
  377.3400	             -377
  377.3600	             -469
  377.3800	             -406
  377.4000	             -473
  377.4200	             -472
  377.4400	             -435
  377.4600	             -417
  377.4800	             -392
  377.5000	             -394
  377.5200	             -377
  377.5400	             -418
  377.5600	             -401
  377.5800	             -484
  377.6000	             -427
  377.6200	             -453
  377.6400	             -393
  377.6600	             -430
  377.6800	             -414
  377.7000	             -393
  377.7200	             -410
  377.7400	             -422
  377.7600	             -458
  377.7800	             -472
  377.8000	             -420
  377.8200	             -288
  377.8400	             -400
  377.8600	             -374
  377.8800	             -403
  377.9000	             -402
  377.9200	             -386
  377.9400	             -413
  377.9600	             -474
  377.9800	             -411
  378.0000	             -382
  378.0200	             -414
  378.0400	             -420
  378.0600	             -377
  378.0800	             -406
  378.1000	             -372
  378.1200	             -436
  378.1400	             -421
  378.1600	             -359
  378.1800	             -375
  378.2000	             -428
  378.2200	             -415
  378.2400	             -327
  378.2600	             -362
  378.2800	             -393
  378.3000	             -401
  378.3200	             -366
  378.3400	             -352
  378.3600	             -448
  378.3800	             -339
  378.4000	             -300
  378.4200	             -358
  378.4400	             -276
  378.4600	             -422
  378.4800	             -337
  378.5000	             -303
  378.5200	             -424
  378.5400	             -370
  378.5600	             -332
  378.5800	             -349
  378.6000	             -324
  378.6200	             -293
  378.6400	              -72
  378.6600	             -362
  378.6800	             -418
  378.7000	             -310
  378.7200	             -375
  378.7400	             -292
  378.7600	             -259
  378.7800	             -334
  378.8000	             -278
  378.8200	             -420
  378.8400	             -279
  378.8600	             -189
  378.8800	             -316
  378.9000	             -262
  378.9200	             -165
  378.9400	             -291
  378.9600	             -458
  378.9800	             -296
  379.0000	             -254
  379.0200	             -365
  379.0400	               15
  379.0600	              -16
  379.0800	             -313
  379.1000	             -402
  379.1200	             -222
  379.1400	             -234
  379.1600	             -314
  379.1800	               10
  379.2000	              -98
  379.2200	             -401
  379.2400	             -294
  379.2600	             -141
  379.2800	             -277
  379.3000	             -137
  379.3200	               38
  379.3400	             -366
  379.3600	             -247
  379.3800	             -156
  379.4000	             -179
  379.4200	              -75
  379.4400	             -131
  379.4600	             -324
  379.4800	             -276
  379.5000	              -22
  379.5200	               73
  379.5400	              -88
  379.5600	             -231
  379.5800	             -182
  379.6000	              -96
  379.6200	              324
  379.6400	             -175
  379.6600	             -149
  379.6800	             -144
  379.7000	              342
  379.7200	              163
  379.7400	             -300
  379.7600	             -348
  379.7800	              293
  379.8000	              223
  379.8200	               -2
  379.8400	             -366
  379.8600	             -181
  379.8800	              313
  379.9000	              199
  379.9200	             -243
  379.9400	              -94
  379.9600	              226
  379.9800	              158
  380.0000	              -87
  380.0200	              187
  380.0400	              144
  380.0600	             -133
  380.0800	              136
  380.1000	                0
  380.1200	              -95
  380.1400	              151
  380.1600	              118
  380.1800	              -37
  380.2000	              -99
  380.2200	              -42
  380.2400	             -112
  380.2600	              154
  380.2800	              426
  380.3000	              464
  380.3200	              518
  380.3400	              635
  380.3600	             1149
  380.3800	             1081
  380.4000	             1209
  380.4200	             2086
  380.4400	             2080
  380.4600	             2752
  380.4800	             2188
  380.5000	             2158
  380.5200	              873
  380.5400	              283
  380.5600	             -429
  380.5800	             -407
  380.6000	             -452
  380.6200	             -421
  380.6400	             -429
  380.6600	             -459
  380.6800	             -417
  380.7000	             -473
  380.7200	             -463
  380.7400	             -476
  380.7600	             -424
  380.7800	             -468
  380.8000	             -408
  380.8200	             -468
  380.8400	             -451
  380.8600	             -472
  380.8800	             -435
  380.9000	             -469
  380.9200	             -481
  380.9400	             -462
  380.9600	             -437
  380.9800	             -475
  381.0000	             -430
  381.0200	             -460
  381.0400	             -423
  381.0600	             -458
  381.0800	             -436
  381.1000	             -445
  381.1200	             -474
  381.1400	             -458
  381.1600	             -474
  381.1800	             -463
  381.2000	             -449
  381.2200	             -456
  381.2400	             -473
  381.2600	             -474
  381.2800	             -457
  381.3000	             -451
  381.3200	             -465
  381.3400	             -453
  381.3600	             -475
  381.3800	             -462
  381.4000	             -462
  381.4200	             -474
  381.4400	             -499
  381.4600	             -474
  381.4800	             -436
  381.5000	             -417
  381.5200	             -414
  381.5400	             -433
  381.5600	             -448
  381.5800	             -469
  381.6000	             -411
  381.6200	             -411
  381.6400	             -462
  381.6600	             -501
  381.6800	             -419
  381.7000	             -463
  381.7200	             -469
  381.7400	             -474
  381.7600	             -475
  381.7800	             -462
  381.8000	             -406
  381.8200	             -463
  381.8400	             -411
  381.8600	             -433
  381.8800	             -481
  381.9000	             -456
  381.9200	             -473
  381.9400	             -473
  381.9600	             -477
  381.9800	             -432
  382.0000	             -467
