  370.0000	             -334
  370.0200	             -377
  370.0400	             -362
  370.0600	             -412
  370.0800	             -376
  370.1000	             -335
  370.1200	             -342
  370.1400	             -364
  370.1600	             -399
  370.1800	             -383
  370.2000	             -387
  370.2200	             -368
  370.2400	             -320
  370.2600	             -368
  370.2800	             -328
  370.3000	             -363
  370.3200	             -297
  370.3400	             -394
  370.3600	             -371
  370.3800	             -396
  370.4000	             -350
  370.4200	             -370
  370.4400	             -397
  370.4600	             -363
  370.4800	             -352
  370.5000	             -364
  370.5200	             -314
  370.5400	             -377
  370.5600	             -381
  370.5800	             -373
  370.6000	             -335
  370.6200	             -412
  370.6400	             -390
  370.6600	             -344
  370.6800	             -394
  370.7000	             -387
  370.7200	             -370
  370.7400	             -366
  370.7600	             -367
  370.7800	             -342
  370.8000	             -359
  370.8200	             -362
  370.8400	             -358
  370.8600	             -357
  370.8800	             -292
  370.9000	             -341
  370.9200	             -289
  370.9400	             -274
  370.9600	             -202
  370.9800	             -159
  371.0000	             -193
  371.0200	             -269
  371.0400	             -246
  371.0600	             -228
  371.0800	             -309
  371.1000	             -316
  371.1200	             -362
  371.1400	             -371
  371.1600	             -418
  371.1800	             -379
  371.2000	             -408
  371.2200	             -364
  371.2400	             -363
  371.2600	             -377
  371.2800	             -374
  371.3000	             -406
  371.3200	             -375
  371.3400	             -376
  371.3600	             -424
  371.3800	             -391
  371.4000	             -395
  371.4200	             -383
  371.4400	             -384
  371.4600	             -389
  371.4800	             -402
  371.5000	             -351
  371.5200	             -398
  371.5400	             -427
  371.5600	             -413
  371.5800	             -404
  371.6000	             -360
  371.6200	             -384
  371.6400	             -398
  371.6600	             -363
  371.6800	             -407
  371.7000	             -383
  371.7200	             -421
  371.7400	             -375
  371.7600	             -394
  371.7800	             -402
  371.8000	             -391
  371.8200	             -356
  371.8400	             -401
  371.8600	             -382
  371.8800	             -377
  371.9000	             -389
  371.9200	             -424
  371.9400	             -419
  371.9600	             -384
  371.9800	             -428
  372.0000	             -396
  372.0200	             -390
  372.0400	             -381
  372.0600	             -410
  372.0800	             -368
  372.1000	             -380
  372.1200	             -330
  372.1400	             -368
  372.1600	             -436
  372.1800	             -419
  372.2000	             -426
  372.2200	             -368
  372.2400	             -402
  372.2600	             -371
  372.2800	             -368
  372.3000	             -412
  372.3200	             -369
  372.3400	             -392
  372.3600	             -419
  372.3800	             -392
  372.4000	             -386
  372.4200	             -347
  372.4400	             -398
  372.4600	             -402
  372.4800	             -391
  372.5000	             -379
  372.5200	             -412
  372.5400	             -394
  372.5600	             -404
  372.5800	             -412
  372.6000	             -392
  372.6200	             -367
  372.6400	             -381
  372.6600	             -374
  372.6800	             -379
  372.7000	             -335
  372.7200	             -381
  372.7400	             -367
  372.7600	             -388
  372.7800	             -369
  372.8000	             -371
  372.8200	             -366
  372.8400	             -410
  372.8600	             -389
  372.8800	             -325
  372.9000	             -383
  372.9200	             -395
  372.9400	             -414
  372.9600	             -394
  372.9800	             -380
  373.0000	             -373
  373.0200	             -325
  373.0400	             -322
  373.0600	             -384
  373.0800	             -389
  373.1000	             -351
  373.1200	             -368
  373.1400	             -368
  373.1600	             -392
  373.1800	             -345
  373.2000	             -399
  373.2200	             -342
  373.2400	             -394
  373.2600	             -424
  373.2800	             -373
  373.3000	             -342
  373.3200	             -340
  373.3400	             -353
  373.3600	             -354
  373.3800	             -339
  373.4000	             -376
  373.4200	             -375
  373.4400	             -383
  373.4600	             -396
  373.4800	             -390
  373.5000	             -379
  373.5200	             -376
  373.5400	             -368
  373.5600	             -338
  373.5800	             -383
  373.6000	             -360
  373.6200	             -356
  373.6400	             -383
  373.6600	             -330
  373.6800	             -387
  373.7000	             -370
  373.7200	             -361
  373.7400	             -351
  373.7600	             -384
  373.7800	             -360
  373.8000	             -374
  373.8200	             -333
  373.8400	             -368
  373.8600	             -320
  373.8800	             -285
  373.9000	             -294
  373.9200	             -363
  373.9400	             -320
  373.9600	             -318
  373.9800	             -362
  374.0000	             -336
  374.0200	             -275
  374.0400	             -324
  374.0600	             -368
  374.0800	             -330
  374.1000	             -359
  374.1200	             -386
  374.1400	             -241
  374.1600	             -238
  374.1800	             -377
  374.2000	             -323
  374.2200	             -304
  374.2400	             -326
  374.2600	             -259
  374.2800	             -240
  374.3000	             -349
  374.3200	             -399
  374.3400	             -291
  374.3600	             -275
  374.3800	             -280
  374.4000	             -241
  374.4200	             -307
  374.4400	             -355
  374.4600	             -246
  374.4800	             -208
  374.5000	             -282
  374.5200	             -278
  374.5400	             -351
  374.5600	             -330
  374.5800	             -212
  374.6000	             -243
  374.6200	             -325
  374.6400	             -287
  374.6600	             -302
  374.6800	             -178
  374.7000	             -202
  374.7200	             -357
  374.7400	             -303
  374.7600	             -218
  374.7800	             -173
  374.8000	             -321
  374.8200	             -330
  374.8400	             -250
  374.8600	             -146
  374.8800	             -232
  374.9000	             -332
  374.9200	             -301
  374.9400	             -185
  374.9600	             -200
  374.9800	             -297
  375.0000	             -213
  375.0200	             -185
  375.0400	             -186
  375.0600	             -238
  375.0800	             -245
  375.1000	             -250
  375.1200	             -252
  375.1400	             -251
  375.1600	             -292
  375.1800	             -268
  375.2000	             -189
  375.2200	             -263
  375.2400	             -166
  375.2600	             -186
  375.2800	             -250
  375.3000	             -198
  375.3200	             -191
  375.3400	             -176
  375.3600	              -73
  375.3800	              -97
  375.4000	             -141
  375.4200	               19
  375.4400	              162
  375.4600	              453
  375.4800	              482
  375.5000	              250
  375.5200	              288
  375.5400	              173
  375.5600	               19
  375.5800	              -83
  375.6000	             -366
  375.6200	             -396
  375.6400	             -409
  375.6600	             -384
  375.6800	             -369
  375.7000	             -359
  375.7200	             -366
  375.7400	             -362
  375.7600	             -366
  375.7800	             -362
  375.8000	             -369
  375.8200	             -413
  375.8400	             -391
  375.8600	             -412
  375.8800	             -413
  375.9000	             -401
  375.9200	             -374
  375.9400	             -394
  375.9600	             -376
  375.9800	             -362
  376.0000	             -384
  376.0200	             -368
  376.0400	             -424
  376.0600	             -416
  376.0800	             -387
  376.1000	             -363
  376.1200	             -419
  376.1400	             -424
  376.1600	             -382
  376.1800	             -401
  376.2000	             -379
  376.2200	             -326
  376.2400	             -338
  376.2600	             -383
  376.2800	             -375
  376.3000	             -395
  376.3200	             -375
  376.3400	             -436
  376.3600	             -422
  376.3800	             -411
  376.4000	             -393
  376.4200	             -361
  376.4400	             -389
  376.4600	             -359
  376.4800	             -345
  376.5000	             -409
  376.5200	             -399
  376.5400	             -417
  376.5600	             -380
  376.5800	             -384
  376.6000	             -412
  376.6200	             -395
  376.6400	             -379
  376.6600	             -388
  376.6800	             -366
  376.7000	             -357
  376.7200	             -383
  376.7400	             -421
  376.7600	             -396
  376.7800	             -425
  376.8000	             -384
  376.8200	             -392
  376.8400	             -381
  376.8600	             -387
  376.8800	             -385
  376.9000	             -386
  376.9200	             -325
  376.9400	             -389
  376.9600	             -376
  376.9800	             -417
  377.0000	             -371
  377.0200	             -419
  377.0400	             -387
  377.0600	             -345
  377.0800	             -326
  377.1000	             -339
  377.1200	             -356
  377.1400	             -332
  377.1600	             -421
  377.1800	             -424
  377.2000	             -403
  377.2200	             -394
  377.2400	             -359
  377.2600	             -368
  377.2800	             -353
  377.3000	             -326
  377.3200	             -348
  377.3400	             -364
  377.3600	             -398
  377.3800	             -420
  377.4000	             -414
  377.4200	             -360
  377.4400	             -312
  377.4600	             -338
  377.4800	             -361
  377.5000	             -295
  377.5200	             -363
  377.5400	             -389
  377.5600	             -416
  377.5800	             -376
  377.6000	             -360
  377.6200	             -383
  377.6400	             -338
  377.6600	             -336
  377.6800	             -368
  377.7000	             -353
  377.7200	             -351
  377.7400	             -383
  377.7600	             -424
  377.7800	             -395
  377.8000	             -383
  377.8200	             -355
  377.8400	             -370
  377.8600	             -344
  377.8800	             -300
  377.9000	             -333
  377.9200	             -385
  377.9400	             -424
  377.9600	             -360
  377.9800	             -361
  378.0000	             -336
  378.0200	             -334
  378.0400	             -335
  378.0600	             -353
  378.0800	             -301
  378.1000	             -339
  378.1200	             -421
  378.1400	             -398
  378.1600	             -362
  378.1800	             -376
  378.2000	             -287
  378.2200	             -280
  378.2400	             -326
  378.2600	             -319
  378.2800	             -311
  378.3000	             -364
  378.3200	             -366
  378.3400	             -347
  378.3600	             -387
  378.3800	             -281
  378.4000	             -284
  378.4200	             -316
  378.4400	             -350
  378.4600	             -368
  378.4800	             -316
  378.5000	             -357
  378.5200	             -369
  378.5400	             -283
  378.5600	             -332
  378.5800	             -266
  378.6000	             -316
  378.6200	             -290
  378.6400	             -286
  378.6600	             -387
  378.6800	             -333
  378.7000	             -289
  378.7200	             -340
  378.7400	             -266
  378.7600	             -269
  378.7800	             -292
  378.8000	             -344
  378.8200	             -377
  378.8400	             -274
  378.8600	             -303
  378.8800	             -245
  378.9000	             -216
  378.9200	             -201
  378.9400	             -314
  378.9600	             -362
  378.9800	             -283
  379.0000	             -301
  379.0200	             -310
  379.0400	             -124
  379.0600	             -214
  379.0800	             -376
  379.1000	             -330
  379.1200	             -237
  379.1400	             -250
  379.1600	             -205
  379.1800	             -124
  379.2000	             -296
  379.2200	             -389
  379.2400	             -190
  379.2600	             -203
  379.2800	             -257
  379.3000	              -80
  379.3200	             -183
  379.3400	             -379
  379.3600	             -276
  379.3800	             -187
  379.4000	             -146
  379.4200	             -115
  379.4400	             -207
  379.4600	             -290
  379.4800	             -202
  379.5000	             -101
  379.5200	             -160
  379.5400	             -164
  379.5600	             -230
  379.5800	             -243
  379.6000	              -17
  379.6200	              -65
  379.6400	             -283
  379.6600	             -232
  379.6800	             -193
  379.7000	               90
  379.7200	              -66
  379.7400	             -326
  379.7600	             -280
  379.7800	               24
  379.8000	               66
  379.8200	             -188
  379.8400	             -316
  379.8600	             -145
  379.8800	              118
  379.9000	              -77
  379.9200	             -275
  379.9400	             -134
  379.9600	               81
  379.9800	              -17
  380.0000	             -164
  380.0200	              -96
  380.0400	             -113
  380.0600	              -32
  380.0800	              -59
  380.1000	             -127
  380.1200	              -94
  380.1400	              -65
  380.1600	              -64
  380.1800	             -175
  380.2000	             -103
  380.2200	             -150
  380.2400	             -129
  380.2600	              -17
  380.2800	               86
  380.3000	              209
  380.3200	              168
  380.3400	              192
  380.3600	              299
  380.3800	              424
  380.4000	              796
  380.4200	             1355
  380.4400	             1516
  380.4600	              991
  380.4800	              956
  380.5000	              602
  380.5200	              297
  380.5400	             -116
  380.5600	             -363
  380.5800	             -399
  380.6000	             -375
  380.6200	             -420
  380.6400	             -372
  380.6600	             -413
  380.6800	             -419
  380.7000	             -380
  380.7200	             -365
  380.7400	             -411
  380.7600	             -365
  380.7800	             -413
  380.8000	             -396
  380.8200	             -418
  380.8400	             -373
  380.8600	             -424
  380.8800	             -396
  380.9000	             -399
  380.9200	             -404
  380.9400	             -366
  380.9600	             -421
  380.9800	             -375
  381.0000	             -402
  381.0200	             -426
  381.0400	             -428
  381.0600	             -377
  381.0800	             -428
  381.1000	             -432
  381.1200	             -373
  381.1400	             -417
  381.1600	             -403
  381.1800	             -417
  381.2000	             -416
  381.2200	             -397
  381.2400	             -418
  381.2600	             -401
  381.2800	             -376
  381.3000	             -423
  381.3200	             -424
  381.3400	             -435
  381.3600	             -363
  381.3800	             -419
  381.4000	             -376
  381.4200	             -379
  381.4400	             -436
  381.4600	             -404
  381.4800	             -392
  381.5000	             -424
  381.5200	             -429
  381.5400	             -375
  381.5600	             -386
  381.5800	             -410
  381.6000	             -388
  381.6200	             -413
  381.6400	             -436
  381.6600	             -381
  381.6800	             -395
  381.7000	             -450
  381.7200	             -376
  381.7400	             -438
  381.7600	             -423
  381.7800	             -403
  381.8000	             -416
  381.8200	             -402
  381.8400	             -394
  381.8600	             -417
  381.8800	             -422
  381.9000	             -402
  381.9200	             -375
  381.9400	             -437
  381.9600	             -419
  381.9800	             -362
  382.0000	             -428
