  370.0000	             -373
  370.0200	             -335
  370.0400	             -386
  370.0600	             -398
  370.0800	             -383
  370.1000	             -387
  370.1200	             -384
  370.1400	             -337
  370.1600	             -347
  370.1800	             -371
  370.2000	             -376
  370.2200	             -323
  370.2400	             -328
  370.2600	             -405
  370.2800	             -358
  370.3000	             -342
  370.3200	             -303
  370.3400	             -380
  370.3600	             -369
  370.3800	             -370
  370.4000	             -350
  370.4200	             -333
  370.4400	             -365
  370.4600	             -361
  370.4800	             -329
  370.5000	             -368
  370.5200	             -363
  370.5400	             -362
  370.5600	             -363
  370.5800	             -338
  370.6000	             -362
  370.6200	             -401
  370.6400	             -401
  370.6600	             -334
  370.6800	             -363
  370.7000	             -376
  370.7200	             -364
  370.7400	             -353
  370.7600	             -361
  370.7800	             -359
  370.8000	             -322
  370.8200	             -384
  370.8400	             -337
  370.8600	             -344
  370.8800	             -350
  370.9000	             -296
  370.9200	             -308
  370.9400	             -232
  370.9600	             -232
  370.9800	             -169
  371.0000	             -197
  371.0200	             -266
  371.0400	             -206
  371.0600	             -280
  371.0800	             -266
  371.1000	             -296
  371.1200	             -380
  371.1400	             -374
  371.1600	             -360
  371.1800	             -360
  371.2000	             -390
  371.2200	             -394
  371.2400	             -368
  371.2600	             -405
  371.2800	             -424
  371.3000	             -419
  371.3200	             -372
  371.3400	             -412
  371.3600	             -404
  371.3800	             -360
  371.4000	             -385
  371.4200	             -377
  371.4400	             -334
  371.4600	             -381
  371.4800	             -395
  371.5000	             -415
  371.5200	             -414
  371.5400	             -425
  371.5600	             -369
  371.5800	             -387
  371.6000	             -407
  371.6200	             -359
  371.6400	             -405
  371.6600	             -390
  371.6800	             -326
  371.7000	             -369
  371.7200	             -414
  371.7400	             -383
  371.7600	             -386
  371.7800	             -389
  371.8000	             -390
  371.8200	             -383
  371.8400	             -396
  371.8600	             -409
  371.8800	             -358
  371.9000	             -397
  371.9200	             -366
  371.9400	             -383
  371.9600	             -430
  371.9800	             -425
  372.0000	             -388
  372.0200	             -393
  372.0400	             -405
  372.0600	             -389
  372.0800	             -382
  372.1000	             -368
  372.1200	             -377
  372.1400	             -408
  372.1600	             -420
  372.1800	             -417
  372.2000	             -354
  372.2200	             -344
  372.2400	             -368
  372.2600	             -366
  372.2800	             -391
  372.3000	             -399
  372.3200	             -389
  372.3400	             -421
  372.3600	             -373
  372.3800	             -416
  372.4000	             -334
  372.4200	             -349
  372.4400	             -410
  372.4600	             -396
  372.4800	             -383
  372.5000	             -349
  372.5200	             -402
  372.5400	             -382
  372.5600	             -372
  372.5800	             -403
  372.6000	             -401
  372.6200	             -369
  372.6400	             -401
  372.6600	             -355
  372.6800	             -337
  372.7000	             -381
  372.7200	             -375
  372.7400	             -368
  372.7600	             -394
  372.7800	             -368
  372.8000	             -368
  372.8200	             -383
  372.8400	             -387
  372.8600	             -396
  372.8800	             -390
  372.9000	             -394
  372.9200	             -407
  372.9400	             -376
  372.9600	             -401
  372.9800	             -358
  373.0000	             -394
  373.0200	             -325
  373.0400	             -309
  373.0600	             -379
  373.0800	             -380
  373.1000	             -404
  373.1200	             -368
  373.1400	             -393
  373.1600	             -401
  373.1800	             -364
  373.2000	             -357
  373.2200	             -401
  373.2400	             -382
  373.2600	             -399
  373.2800	             -368
  373.3000	             -362
  373.3200	             -325
  373.3400	             -344
  373.3600	             -384
  373.3800	             -353
  373.4000	             -364
  373.4200	             -344
  373.4400	             -377
  373.4600	             -373
  373.4800	             -369
  373.5000	             -345
  373.5200	             -381
  373.5400	             -362
  373.5600	             -387
  373.5800	             -377
  373.6000	             -320
  373.6200	             -366
  373.6400	             -378
  373.6600	             -333
  373.6800	             -381
  373.7000	             -379
  373.7200	             -356
  373.7400	             -368
  373.7600	             -328
  373.7800	             -384
  373.8000	             -343
  373.8200	             -296
  373.8400	             -379
  373.8600	             -310
  373.8800	             -317
  373.9000	             -342
  373.9200	             -362
  373.9400	             -360
  373.9600	             -359
  373.9800	             -383
  374.0000	             -283
  374.0200	             -310
  374.0400	             -377
  374.0600	             -373
  374.0800	             -360
  374.1000	             -355
  374.1200	             -324
  374.1400	             -280
  374.1600	             -263
  374.1800	             -327
  374.2000	             -331
  374.2200	             -311
  374.2400	             -348
  374.2600	             -269
  374.2800	             -234
  374.3000	             -368
  374.3200	             -387
  374.3400	             -316
  374.3600	             -327
  374.3800	             -315
  374.4000	             -279
  374.4200	             -341
  374.4400	             -327
  374.4600	             -294
  374.4800	             -244
  374.5000	             -305
  374.5200	             -304
  374.5400	             -346
  374.5600	             -309
  374.5800	             -200
  374.6000	             -259
  374.6200	             -345
  374.6400	             -320
  374.6600	             -291
  374.6800	             -215
  374.7000	             -250
  374.7200	             -310
  374.7400	             -273
  374.7600	             -198
  374.7800	             -179
  374.8000	             -265
  374.8200	             -370
  374.8400	             -305
  374.8600	             -169
  374.8800	             -216
  374.9000	             -351
  374.9200	             -337
  374.9400	             -197
  374.9600	             -173
  374.9800	             -312
  375.0000	             -270
  375.0200	             -179
  375.0400	             -219
  375.0600	             -215
  375.0800	             -233
  375.1000	             -263
  375.1200	             -208
  375.1400	             -251
  375.1600	             -295
  375.1800	             -248
  375.2000	             -240
  375.2200	             -243
  375.2400	             -232
  375.2600	             -237
  375.2800	             -262
  375.3000	             -230
  375.3200	             -202
  375.3400	             -154
  375.3600	              -78
  375.3800	             -142
  375.4000	              -49
  375.4200	               14
  375.4400	              143
  375.4600	              478
  375.4800	              500
  375.5000	              299
  375.5200	              317
  375.5400	              188
  375.5600	               20
  375.5800	              -82
  375.6000	             -342
  375.6200	             -366
  375.6400	             -384
  375.6600	             -383
  375.6800	             -388
  375.7000	             -366
  375.7200	             -402
  375.7400	             -385
  375.7600	             -387
  375.7800	             -381
  375.8000	             -392
  375.8200	             -428
  375.8400	             -404
  375.8600	             -375
  375.8800	             -351
  375.9000	             -414
  375.9200	             -404
  375.9400	             -365
  375.9600	             -390
  375.9800	             -370
  376.0000	             -313
  376.0200	             -371
  376.0400	             -385
  376.0600	             -427
  376.0800	             -422
  376.1000	             -424
  376.1200	             -420
  376.1400	             -404
  376.1600	             -384
  376.1800	             -377
  376.2000	             -325
  376.2200	             -326
  376.2400	             -370
  376.2600	             -303
  376.2800	             -396
  376.3000	             -429
  376.3200	             -376
  376.3400	             -426
  376.3600	             -407
  376.3800	             -417
  376.4000	             -366
  376.4200	             -377
  376.4400	             -399
  376.4600	             -328
  376.4800	             -388
  376.5000	             -391
  376.5200	             -418
  376.5400	             -389
  376.5600	             -428
  376.5800	             -428
  376.6000	             -412
  376.6200	             -386
  376.6400	             -377
  376.6600	             -380
  376.6800	             -362
  376.7000	             -365
  376.7200	             -369
  376.7400	             -383
  376.7600	             -426
  376.7800	             -424
  376.8000	             -404
  376.8200	             -392
  376.8400	             -401
  376.8600	             -381
  376.8800	             -350
  376.9000	             -361
  376.9200	             -384
  376.9400	             -360
  376.9600	             -419
  376.9800	             -425
  377.0000	             -424
  377.0200	             -415
  377.0400	             -408
  377.0600	             -325
  377.0800	             -364
  377.1000	             -330
  377.1200	             -312
  377.1400	             -392
  377.1600	             -406
  377.1800	             -390
  377.2000	             -424
  377.2200	             -396
  377.2400	             -394
  377.2600	             -381
  377.2800	             -378
  377.3000	             -320
  377.3200	             -333
  377.3400	             -368
  377.3600	             -392
  377.3800	             -410
  377.4000	             -420
  377.4200	             -369
  377.4400	             -347
  377.4600	             -384
  377.4800	             -370
  377.5000	             -359
  377.5200	             -364
  377.5400	             -384
  377.5600	             -421
  377.5800	             -403
  377.6000	             -412
  377.6200	             -394
  377.6400	             -362
  377.6600	             -341
  377.6800	             -313
  377.7000	             -313
  377.7200	             -367
  377.7400	             -392
  377.7600	             -402
  377.7800	             -410
  377.8000	             -370
  377.8200	             -347
  377.8400	             -360
  377.8600	             -362
  377.8800	             -309
  377.9000	             -336
  377.9200	             -384
  377.9400	             -360
  377.9600	             -379
  377.9800	             -328
  378.0000	             -367
  378.0200	             -360
  378.0400	             -350
  378.0600	             -322
  378.0800	             -347
  378.1000	             -338
  378.1200	             -395
  378.1400	             -394
  378.1600	             -342
  378.1800	             -362
  378.2000	             -320
  378.2200	             -280
  378.2400	             -338
  378.2600	             -304
  378.2800	             -335
  378.3000	             -394
  378.3200	             -303
  378.3400	             -364
  378.3600	             -377
  378.3800	             -322
  378.4000	             -340
  378.4200	             -291
  378.4400	             -350
  378.4600	             -394
  378.4800	             -325
  378.5000	             -340
  378.5200	             -377
  378.5400	             -269
  378.5600	             -324
  378.5800	             -323
  378.6000	             -293
  378.6200	             -291
  378.6400	             -285
  378.6600	             -327
  378.6800	             -303
  378.7000	             -271
  378.7200	             -303
  378.7400	             -295
  378.7600	             -255
  378.7800	             -318
  378.8000	             -312
  378.8200	             -303
  378.8400	             -296
  378.8600	             -253
  378.8800	             -287
  378.9000	             -217
  378.9200	             -243
  378.9400	             -307
  378.9600	             -332
  378.9800	             -275
  379.0000	             -292
  379.0200	             -312
  379.0400	             -148
  379.0600	             -193
  379.0800	             -384
  379.1000	             -301
  379.1200	             -225
  379.1400	             -283
  379.1600	             -208
  379.1800	             -155
  379.2000	             -260
  379.2200	             -362
  379.2400	             -206
  379.2600	             -209
  379.2800	             -209
  379.3000	             -140
  379.3200	             -204
  379.3400	             -356
  379.3600	             -244
  379.3800	             -164
  379.4000	             -172
  379.4200	             -120
  379.4400	             -175
  379.4600	             -316
  379.4800	             -213
  379.5000	             -104
  379.5200	             -186
  379.5400	             -203
  379.5600	             -243
  379.5800	             -212
  379.6000	              -26
  379.6200	              -58
  379.6400	             -244
  379.6600	             -214
  379.6800	             -163
  379.7000	               79
  379.7200	              -17
  379.7400	             -319
  379.7600	             -243
  379.7800	              -15
  379.8000	               30
  379.8200	             -178
  379.8400	             -269
  379.8600	             -124
  379.8800	              123
  379.9000	              -91
  379.9200	             -292
  379.9400	             -126
  379.9600	              -13
  379.9800	              -86
  380.0000	             -163
  380.0200	             -119
  380.0400	             -107
  380.0600	              -66
  380.0800	             -150
  380.1000	             -126
  380.1200	              -90
  380.1400	              -65
  380.1600	              -72
  380.1800	             -122
  380.2000	             -119
  380.2200	             -123
  380.2400	             -137
  380.2600	                4
  380.2800	               71
  380.3000	              182
  380.3200	              188
  380.3400	              209
  380.3600	              295
  380.3800	              443
  380.4000	              844
  380.4200	             1393
  380.4400	             1535
  380.4600	             1050
  380.4800	              976
  380.5000	              652
  380.5200	              335
  380.5400	             -132
  380.5600	             -368
  380.5800	             -394
  380.6000	             -410
  380.6200	             -369
  380.6400	             -398
  380.6600	             -388
  380.6800	             -393
  380.7000	             -384
  380.7200	             -383
  380.7400	             -378
  380.7600	             -393
  380.7800	             -416
  380.8000	             -398
  380.8200	             -401
  380.8400	             -397
  380.8600	             -428
  380.8800	             -392
  380.9000	             -419
  380.9200	             -376
  380.9400	             -356
  380.9600	             -393
  380.9800	             -424
  381.0000	             -438
  381.0200	             -432
  381.0400	             -375
  381.0600	             -419
  381.0800	             -395
  381.1000	             -375
  381.1200	             -437
  381.1400	             -424
  381.1600	             -404
  381.1800	             -366
  381.2000	             -426
  381.2200	             -394
  381.2400	             -408
  381.2600	             -426
  381.2800	             -402
  381.3000	             -376
  381.3200	             -425
  381.3400	             -428
  381.3600	             -420
  381.3800	             -404
  381.4000	             -393
  381.4200	             -404
  381.4400	             -427
  381.4600	             -424
  381.4800	             -376
  381.5000	             -384
  381.5200	             -373
  381.5400	             -416
  381.5600	             -428
  381.5800	             -419
  381.6000	             -436
  381.6200	             -424
  381.6400	             -434
  381.6600	             -410
  381.6800	             -436
  381.7000	             -426
  381.7200	             -367
  381.7400	             -428
  381.7600	             -393
  381.7800	             -417
  381.8000	             -404
  381.8200	             -424
  381.8400	             -433
  381.8600	             -404
  381.8800	             -428
  381.9000	             -394
  381.9200	             -408
  381.9400	             -434
  381.9600	             -427
  381.9800	             -405
  382.0000	             -429
