  370.0000	             -375
  370.0200	             -358
  370.0400	             -374
  370.0600	             -366
  370.0800	             -327
  370.1000	             -347
  370.1200	             -292
  370.1400	             -300
  370.1600	             -381
  370.1800	             -378
  370.2000	             -320
  370.2200	             -279
  370.2400	             -320
  370.2600	             -391
  370.2800	             -345
  370.3000	             -341
  370.3200	             -307
  370.3400	             -334
  370.3600	             -416
  370.3800	             -373
  370.4000	             -299
  370.4200	             -295
  370.4400	             -361
  370.4600	             -353
  370.4800	             -333
  370.5000	             -316
  370.5200	             -303
  370.5400	             -320
  370.5600	             -360
  370.5800	             -330
  370.6000	             -369
  370.6200	             -373
  370.6400	             -334
  370.6600	             -332
  370.6800	             -384
  370.7000	             -358
  370.7200	             -308
  370.7400	             -331
  370.7600	             -296
  370.7800	             -326
  370.8000	             -322
  370.8200	             -345
  370.8400	             -282
  370.8600	             -301
  370.8800	             -261
  370.9000	             -243
  370.9200	             -281
  370.9400	             -243
  370.9600	             -157
  370.9800	              -17
  371.0000	              -87
  371.0200	             -194
  371.0400	             -147
  371.0600	             -229
  371.0800	             -242
  371.1000	             -264
  371.1200	             -342
  371.1400	             -401
  371.1600	             -401
  371.1800	             -395
  371.2000	             -404
  371.2200	             -401
  371.2400	             -401
  371.2600	             -424
  371.2800	             -351
  371.3000	             -398
  371.3200	             -417
  371.3400	             -421
  371.3600	             -398
  371.3800	             -393
  371.4000	             -360
  371.4200	             -368
  371.4400	             -362
  371.4600	             -363
  371.4800	             -380
  371.5000	             -402
  371.5200	             -403
  371.5400	             -428
  371.5600	             -419
  371.5800	             -412
  371.6000	             -391
  371.6200	             -366
  371.6400	             -383
  371.6600	             -394
  371.6800	             -392
  371.7000	             -389
  371.7200	             -407
  371.7400	             -399
  371.7600	             -361
  371.7800	             -325
  371.8000	             -379
  371.8200	             -363
  371.8400	             -358
  371.8600	             -353
  371.8800	             -404
  371.9000	             -351
  371.9200	             -395
  371.9400	             -386
  371.9600	             -386
  371.9800	             -375
  372.0000	             -407
  372.0200	             -394
  372.0400	             -361
  372.0600	             -373
  372.0800	             -327
  372.1000	             -377
  372.1200	             -380
  372.1400	             -400
  372.1600	             -389
  372.1800	             -425
  372.2000	             -384
  372.2200	             -405
  372.2400	             -399
  372.2600	             -358
  372.2800	             -334
  372.3000	             -374
  372.3200	             -368
  372.3400	             -366
  372.3600	             -391
  372.3800	             -400
  372.4000	             -377
  372.4200	             -320
  372.4400	             -376
  372.4600	             -363
  372.4800	             -329
  372.5000	             -357
  372.5200	             -367
  372.5400	             -392
  372.5600	             -428
  372.5800	             -412
  372.6000	             -395
  372.6200	             -364
  372.6400	             -394
  372.6600	             -347
  372.6800	             -362
  372.7000	             -336
  372.7200	             -367
  372.7400	             -387
  372.7600	             -390
  372.7800	             -389
  372.8000	             -386
  372.8200	             -392
  372.8400	             -353
  372.8600	             -374
  372.8800	             -351
  372.9000	             -363
  372.9200	             -402
  372.9400	             -424
  372.9600	             -337
  372.9800	             -377
  373.0000	             -368
  373.0200	             -291
  373.0400	             -281
  373.0600	             -322
  373.0800	             -389
  373.1000	             -402
  373.1200	             -389
  373.1400	             -312
  373.1600	             -394
  373.1800	             -341
  373.2000	             -322
  373.2200	             -305
  373.2400	             -353
  373.2600	             -368
  373.2800	             -368
  373.3000	             -357
  373.3200	             -325
  373.3400	             -303
  373.3600	             -340
  373.3800	             -323
  373.4000	             -290
  373.4200	             -341
  373.4400	             -365
  373.4600	             -377
  373.4800	             -356
  373.5000	             -354
  373.5200	             -325
  373.5400	             -374
  373.5600	             -297
  373.5800	             -357
  373.6000	             -318
  373.6200	             -285
  373.6400	             -349
  373.6600	             -342
  373.6800	             -320
  373.7000	             -295
  373.7200	             -312
  373.7400	             -298
  373.7600	             -331
  373.7800	             -372
  373.8000	             -335
  373.8200	             -316
  373.8400	             -333
  373.8600	             -318
  373.8800	             -241
  373.9000	             -289
  373.9200	             -351
  373.9400	             -316
  373.9600	             -274
  373.9800	             -359
  374.0000	             -310
  374.0200	             -213
  374.0400	             -304
  374.0600	             -413
  374.0800	             -308
  374.1000	             -306
  374.1200	             -370
  374.1400	             -223
  374.1600	             -203
  374.1800	             -309
  374.2000	             -294
  374.2200	             -268
  374.2400	             -295
  374.2600	             -270
  374.2800	             -173
  374.3000	             -340
  374.3200	             -386
  374.3400	             -297
  374.3600	             -223
  374.3800	             -202
  374.4000	             -216
  374.4200	             -244
  374.4400	             -316
  374.4600	             -228
  374.4800	             -158
  374.5000	             -201
  374.5200	             -281
  374.5400	             -319
  374.5600	             -294
  374.5800	             -168
  374.6000	             -186
  374.6200	             -307
  374.6400	             -263
  374.6600	             -216
  374.6800	             -101
  374.7000	             -177
  374.7200	             -317
  374.7400	             -232
  374.7600	              -86
  374.7800	              -69
  374.8000	             -249
  374.8200	             -320
  374.8400	             -225
  374.8600	              -49
  374.8800	             -124
  374.9000	             -291
  374.9200	             -261
  374.9400	             -133
  374.9600	              -83
  374.9800	             -227
  375.0000	             -182
  375.0200	             -141
  375.0400	             -140
  375.0600	             -153
  375.0800	             -185
  375.1000	             -197
  375.1200	             -199
  375.1400	             -163
  375.1600	             -194
  375.1800	             -192
  375.2000	             -206
  375.2200	             -141
  375.2400	             -107
  375.2600	             -132
  375.2800	             -139
  375.3000	             -196
  375.3200	             -144
  375.3400	              -66
  375.3600	               47
  375.3800	               14
  375.4000	               96
  375.4200	              214
  375.4400	              374
  375.4600	              817
  375.4800	              900
  375.5000	              607
  375.5200	              579
  375.5400	              435
  375.5600	              194
  375.5800	               44
  375.6000	             -320
  375.6200	             -394
  375.6400	             -397
  375.6600	             -405
  375.6800	             -384
  375.7000	             -364
  375.7200	             -359
  375.7400	             -370
  375.7600	             -346
  375.7800	             -322
  375.8000	             -361
  375.8200	             -395
  375.8400	             -394
  375.8600	             -397
  375.8800	             -409
  375.9000	             -375
  375.9200	             -383
  375.9400	             -373
  375.9600	             -348
  375.9800	             -320
  376.0000	             -342
  376.0200	             -370
  376.0400	             -407
  376.0600	             -426
  376.0800	             -424
  376.1000	             -409
  376.1200	             -394
  376.1400	             -428
  376.1600	             -384
  376.1800	             -384
  376.2000	             -370
  376.2200	             -320
  376.2400	             -342
  376.2600	             -367
  376.2800	             -384
  376.3000	             -401
  376.3200	             -428
  376.3400	             -432
  376.3600	             -417
  376.3800	             -402
  376.4000	             -383
  376.4200	             -348
  376.4400	             -319
  376.4600	             -292
  376.4800	             -370
  376.5000	             -374
  376.5200	             -415
  376.5400	             -355
  376.5600	             -369
  376.5800	             -404
  376.6000	             -405
  376.6200	             -381
  376.6400	             -351
  376.6600	             -301
  376.6800	             -327
  376.7000	             -349
  376.7200	             -381
  376.7400	             -383
  376.7600	             -427
  376.7800	             -365
  376.8000	             -424
  376.8200	             -371
  376.8400	             -364
  376.8600	             -317
  376.8800	             -353
  376.9000	             -344
  376.9200	             -313
  376.9400	             -389
  376.9600	             -390
  376.9800	             -428
  377.0000	             -417
  377.0200	             -390
  377.0400	             -339
  377.0600	             -325
  377.0800	             -348
  377.1000	             -320
  377.1200	             -290
  377.1400	             -363
  377.1600	             -383
  377.1800	             -393
  377.2000	             -418
  377.2200	             -352
  377.2400	             -370
  377.2600	             -374
  377.2800	             -357
  377.3000	             -287
  377.3200	             -339
  377.3400	             -347
  377.3600	             -401
  377.3800	             -435
  377.4000	             -374
  377.4200	             -412
  377.4400	             -313
  377.4600	             -310
  377.4800	             -337
  377.5000	             -287
  377.5200	             -311
  377.5400	             -350
  377.5600	             -394
  377.5800	             -394
  377.6000	             -383
  377.6200	             -336
  377.6400	             -342
  377.6600	             -365
  377.6800	             -269
  377.7000	             -306
  377.7200	             -308
  377.7400	             -364
  377.7600	             -384
  377.7800	             -398
  377.8000	             -333
  377.8200	             -283
  377.8400	             -355
  377.8600	             -271
  377.8800	             -265
  377.9000	             -257
  377.9200	             -347
  377.9400	             -402
  377.9600	             -406
  377.9800	             -311
  378.0000	             -328
  378.0200	             -309
  378.0400	             -275
  378.0600	             -309
  378.0800	             -311
  378.1000	             -308
  378.1200	             -408
  378.1400	             -362
  378.1600	             -286
  378.1800	             -329
  378.2000	             -281
  378.2200	             -267
  378.2400	             -259
  378.2600	             -288
  378.2800	             -293
  378.3000	             -375
  378.3200	             -309
  378.3400	             -304
  378.3600	             -320
  378.3800	             -289
  378.4000	             -276
  378.4200	             -234
  378.4400	             -302
  378.4600	             -368
  378.4800	             -272
  378.5000	             -261
  378.5200	             -322
  378.5400	             -263
  378.5600	             -284
  378.5800	             -279
  378.6000	             -274
  378.6200	             -292
  378.6400	             -232
  378.6600	             -305
  378.6800	             -269
  378.7000	             -232
  378.7200	             -261
  378.7400	             -225
  378.7600	             -215
  378.7800	             -215
  378.8000	             -249
  378.8200	             -312
  378.8400	             -204
  378.8600	             -241
  378.8800	             -249
  378.9000	             -175
  378.9200	             -124
  378.9400	             -267
  378.9600	             -348
  378.9800	             -178
  379.0000	             -218
  379.0200	             -250
  379.0400	              -17
  379.0600	              -67
  379.0800	             -299
  379.1000	             -306
  379.1200	             -181
  379.1400	             -218
  379.1600	             -160
  379.1800	              105
  379.2000	             -183
  379.2200	             -364
  379.2400	             -201
  379.2600	             -122
  379.2800	             -187
  379.3000	               26
  379.3200	              -68
  379.3400	             -290
  379.3600	             -194
  379.3800	             -107
  379.4000	              -17
  379.4200	               30
  379.4400	             -152
  379.4600	             -229
  379.4800	             -156
  379.5000	                4
  379.5200	                3
  379.5400	             -143
  379.5600	             -200
  379.5800	             -167
  379.6000	              130
  379.6200	              108
  379.6400	             -214
  379.6600	             -144
  379.6800	             -115
  379.7000	              186
  379.7200	              168
  379.7400	             -288
  379.7600	             -226
  379.7800	              147
  379.8000	              245
  379.8200	             -110
  379.8400	             -285
  379.8600	              -37
  379.8800	              274
  379.9000	              123
  379.9200	             -199
  379.9400	              -17
  379.9600	              146
  379.9800	              100
  380.0000	              -88
  380.0200	               -9
  380.0400	               75
  380.0600	              117
  380.0800	               82
  380.1000	               70
  380.1200	                3
  380.1400	               36
  380.1600	               82
  380.1800	               92
  380.2000	               -9
  380.2200	                9
  380.2400	               30
  380.2600	              151
  380.2800	              252
  380.3000	              418
  380.3200	              359
  380.3400	              443
  380.3600	              512
  380.3800	              709
  380.4000	             1162
  380.4200	             2016
  380.4400	             2248
  380.4600	             1619
  380.4800	             1463
  380.5000	             1047
  380.5200	              630
  380.5400	               75
  380.5600	             -356
  380.5800	             -389
  380.6000	             -364
  380.6200	             -383
  380.6400	             -360
  380.6600	             -407
  380.6800	             -375
  380.7000	             -415
  380.7200	             -391
  380.7400	             -384
  380.7600	             -388
  380.7800	             -402
  380.8000	             -415
  380.8200	             -382
  380.8400	             -398
  380.8600	             -392
  380.8800	             -421
  380.9000	             -382
  380.9200	             -394
  380.9400	             -394
  380.9600	             -374
  380.9800	             -421
  381.0000	             -412
  381.0200	             -398
  381.0400	             -383
  381.0600	             -376
  381.0800	             -356
  381.1000	             -403
  381.1200	             -428
  381.1400	             -376
  381.1600	             -404
  381.1800	             -412
  381.2000	             -421
  381.2200	             -392
  381.2400	             -391
  381.2600	             -380
  381.2800	             -436
  381.3000	             -403
  381.3200	             -406
  381.3400	             -404
  381.3600	             -426
  381.3800	             -425
  381.4000	             -424
  381.4200	             -420
  381.4400	             -404
  381.4600	             -386
  381.4800	             -398
  381.5000	             -361
  381.5200	             -417
  381.5400	             -377
  381.5600	             -432
  381.5800	             -410
  381.6000	             -409
  381.6200	             -363
  381.6400	             -410
  381.6600	             -384
  381.6800	             -383
  381.7000	             -414
  381.7200	             -375
  381.7400	             -378
  381.7600	             -420
  381.7800	             -387
  381.8000	             -415
  381.8200	             -423
  381.8400	             -398
  381.8600	             -425
  381.8800	             -426
  381.9000	             -409
  381.9200	             -406
  381.9400	             -424
  381.9600	             -402
  381.9800	             -417
  382.0000	             -402
