  370.0000	             -384
  370.0200	             -295
  370.0400	             -343
  370.0600	             -361
  370.0800	             -327
  370.1000	             -378
  370.1200	             -292
  370.1400	             -327
  370.1600	             -386
  370.1800	             -368
  370.2000	             -346
  370.2200	             -301
  370.2400	             -321
  370.2600	             -349
  370.2800	             -361
  370.3000	             -341
  370.3200	             -316
  370.3400	             -390
  370.3600	             -402
  370.3800	             -330
  370.4000	             -329
  370.4200	             -304
  370.4400	             -370
  370.4600	             -315
  370.4800	             -320
  370.5000	             -292
  370.5200	             -320
  370.5400	             -319
  370.5600	             -326
  370.5800	             -313
  370.6000	             -320
  370.6200	             -381
  370.6400	             -361
  370.6600	             -368
  370.6800	             -362
  370.7000	             -374
  370.7200	             -309
  370.7400	             -298
  370.7600	             -327
  370.7800	             -280
  370.8000	             -284
  370.8200	             -369
  370.8400	             -275
  370.8600	             -330
  370.8800	             -306
  370.9000	             -299
  370.9200	             -291
  370.9400	             -175
  370.9600	             -119
  370.9800	              -42
  371.0000	             -158
  371.0200	             -208
  371.0400	             -176
  371.0600	             -217
  371.0800	             -271
  371.1000	             -249
  371.1200	             -366
  371.1400	             -395
  371.1600	             -415
  371.1800	             -378
  371.2000	             -406
  371.2200	             -368
  371.2400	             -407
  371.2600	             -396
  371.2800	             -389
  371.3000	             -374
  371.3200	             -402
  371.3400	             -377
  371.3600	             -376
  371.3800	             -371
  371.4000	             -353
  371.4200	             -374
  371.4400	             -371
  371.4600	             -370
  371.4800	             -403
  371.5000	             -384
  371.5200	             -413
  371.5400	             -400
  371.5600	             -348
  371.5800	             -382
  371.6000	             -365
  371.6200	             -434
  371.6400	             -368
  371.6600	             -398
  371.6800	             -386
  371.7000	             -325
  371.7200	             -392
  371.7400	             -374
  371.7600	             -348
  371.7800	             -351
  371.8000	             -396
  371.8200	             -377
  371.8400	             -361
  371.8600	             -373
  371.8800	             -351
  371.9000	             -373
  371.9200	             -372
  371.9400	             -402
  371.9600	             -426
  371.9800	             -421
  372.0000	             -401
  372.0200	             -353
  372.0400	             -399
  372.0600	             -394
  372.0800	             -370
  372.1000	             -320
  372.1200	             -370
  372.1400	             -390
  372.1600	             -392
  372.1800	             -398
  372.2000	             -358
  372.2200	             -385
  372.2400	             -380
  372.2600	             -345
  372.2800	             -330
  372.3000	             -373
  372.3200	             -356
  372.3400	             -398
  372.3600	             -373
  372.3800	             -387
  372.4000	             -363
  372.4200	             -320
  372.4400	             -333
  372.4600	             -362
  372.4800	             -353
  372.5000	             -369
  372.5200	             -395
  372.5400	             -373
  372.5600	             -409
  372.5800	             -353
  372.6000	             -374
  372.6200	             -366
  372.6400	             -384
  372.6600	             -345
  372.6800	             -381
  372.7000	             -347
  372.7200	             -384
  372.7400	             -377
  372.7600	             -401
  372.7800	             -356
  372.8000	             -378
  372.8200	             -394
  372.8400	             -315
  372.8600	             -383
  372.8800	             -338
  372.9000	             -368
  372.9200	             -383
  372.9400	             -366
  372.9600	             -387
  372.9800	             -374
  373.0000	             -308
  373.0200	             -350
  373.0400	             -303
  373.0600	             -329
  373.0800	             -383
  373.1000	             -402
  373.1200	             -375
  373.1400	             -374
  373.1600	             -364
  373.1800	             -333
  373.2000	             -362
  373.2200	             -359
  373.2400	             -374
  373.2600	             -403
  373.2800	             -366
  373.3000	             -362
  373.3200	             -351
  373.3400	             -295
  373.3600	             -341
  373.3800	             -352
  373.4000	             -315
  373.4200	             -381
  373.4400	             -330
  373.4600	             -341
  373.4800	             -339
  373.5000	             -360
  373.5200	             -369
  373.5400	             -366
  373.5600	             -348
  373.5800	             -354
  373.6000	             -316
  373.6200	             -280
  373.6400	             -311
  373.6600	             -361
  373.6800	             -339
  373.7000	             -298
  373.7200	             -307
  373.7400	             -296
  373.7600	             -350
  373.7800	             -360
  373.8000	             -368
  373.8200	             -303
  373.8400	             -375
  373.8600	             -302
  373.8800	             -245
  373.9000	             -249
  373.9200	             -320
  373.9400	             -319
  373.9600	             -278
  373.9800	             -363
  374.0000	             -301
  374.0200	             -233
  374.0400	             -314
  374.0600	             -388
  374.0800	             -281
  374.1000	             -269
  374.1200	             -370
  374.1400	             -210
  374.1600	             -209
  374.1800	             -348
  374.2000	             -324
  374.2200	             -254
  374.2400	             -236
  374.2600	             -221
  374.2800	             -220
  374.3000	             -312
  374.3200	             -324
  374.3400	             -248
  374.3600	             -283
  374.3800	             -259
  374.4000	             -228
  374.4200	             -306
  374.4400	             -329
  374.4600	             -226
  374.4800	             -174
  374.5000	             -227
  374.5200	             -258
  374.5400	             -306
  374.5600	             -302
  374.5800	             -175
  374.6000	             -223
  374.6200	             -316
  374.6400	             -298
  374.6600	             -251
  374.6800	              -98
  374.7000	             -141
  374.7200	             -320
  374.7400	             -277
  374.7600	             -114
  374.7800	              -69
  374.8000	             -212
  374.8200	             -353
  374.8400	             -259
  374.8600	              -20
  374.8800	             -130
  374.9000	             -271
  374.9200	             -284
  374.9400	             -104
  374.9600	              -70
  374.9800	             -215
  375.0000	             -214
  375.0200	             -126
  375.0400	             -174
  375.0600	             -186
  375.0800	             -194
  375.1000	             -217
  375.1200	             -151
  375.1400	             -179
  375.1600	             -199
  375.1800	             -197
  375.2000	             -197
  375.2200	             -161
  375.2400	             -136
  375.2600	             -137
  375.2800	             -205
  375.3000	             -180
  375.3200	             -114
  375.3400	              -63
  375.3600	               74
  375.3800	               30
  375.4000	               44
  375.4200	              203
  375.4400	              339
  375.4600	              731
  375.4800	              902
  375.5000	              579
  375.5200	              567
  375.5400	              404
  375.5600	              192
  375.5800	               83
  375.6000	             -274
  375.6200	             -396
  375.6400	             -369
  375.6600	             -352
  375.6800	             -392
  375.7000	             -362
  375.7200	             -375
  375.7400	             -352
  375.7600	             -342
  375.7800	             -323
  375.8000	             -392
  375.8200	             -347
  375.8400	             -421
  375.8600	             -383
  375.8800	             -363
  375.9000	             -394
  375.9200	             -403
  375.9400	             -346
  375.9600	             -388
  375.9800	             -379
  376.0000	             -346
  376.0200	             -349
  376.0400	             -338
  376.0600	             -403
  376.0800	             -405
  376.1000	             -394
  376.1200	             -417
  376.1400	             -373
  376.1600	             -390
  376.1800	             -370
  376.2000	             -358
  376.2200	             -310
  376.2400	             -349
  376.2600	             -373
  376.2800	             -351
  376.3000	             -376
  376.3200	             -436
  376.3400	             -420
  376.3600	             -374
  376.3800	             -382
  376.4000	             -376
  376.4200	             -330
  376.4400	             -339
  376.4600	             -370
  376.4800	             -351
  376.5000	             -390
  376.5200	             -406
  376.5400	             -372
  376.5600	             -421
  376.5800	             -351
  376.6000	             -388
  376.6200	             -377
  376.6400	             -328
  376.6600	             -330
  376.6800	             -340
  376.7000	             -315
  376.7200	             -394
  376.7400	             -412
  376.7600	             -415
  376.7800	             -419
  376.8000	             -360
  376.8200	             -383
  376.8400	             -362
  376.8600	             -347
  376.8800	             -350
  376.9000	             -304
  376.9200	             -358
  376.9400	             -415
  376.9600	             -406
  376.9800	             -424
  377.0000	             -424
  377.0200	             -392
  377.0400	             -356
  377.0600	             -331
  377.0800	             -358
  377.1000	             -287
  377.1200	             -346
  377.1400	             -320
  377.1600	             -377
  377.1800	             -412
  377.2000	             -373
  377.2200	             -399
  377.2400	             -371
  377.2600	             -329
  377.2800	             -303
  377.3000	             -292
  377.3200	             -283
  377.3400	             -374
  377.3600	             -395
  377.3800	             -366
  377.4000	             -383
  377.4200	             -392
  377.4400	             -320
  377.4600	             -359
  377.4800	             -348
  377.5000	             -297
  377.5200	             -285
  377.5400	             -327
  377.5600	             -381
  377.5800	             -396
  377.6000	             -408
  377.6200	             -362
  377.6400	             -323
  377.6600	             -329
  377.6800	             -281
  377.7000	             -292
  377.7200	             -305
  377.7400	             -363
  377.7600	             -402
  377.7800	             -353
  377.8000	             -377
  377.8200	             -348
  377.8400	             -309
  377.8600	             -294
  377.8800	             -326
  377.9000	             -308
  377.9200	             -348
  377.9400	             -391
  377.9600	             -390
  377.9800	             -362
  378.0000	             -283
  378.0200	             -359
  378.0400	             -270
  378.0600	             -312
  378.0800	             -254
  378.1000	             -270
  378.1200	             -399
  378.1400	             -369
  378.1600	             -272
  378.1800	             -283
  378.2000	             -341
  378.2200	             -283
  378.2400	             -304
  378.2600	             -271
  378.2800	             -310
  378.3000	             -405
  378.3200	             -316
  378.3400	             -324
  378.3600	             -318
  378.3800	             -259
  378.4000	             -316
  378.4200	             -249
  378.4400	             -257
  378.4600	             -376
  378.4800	             -236
  378.5000	             -265
  378.5200	             -357
  378.5400	             -222
  378.5600	             -256
  378.5800	             -235
  378.6000	             -229
  378.6200	             -257
  378.6400	             -238
  378.6600	             -293
  378.6800	             -285
  378.7000	             -225
  378.7200	             -269
  378.7400	             -260
  378.7600	             -199
  378.7800	             -235
  378.8000	             -257
  378.8200	             -310
  378.8400	             -221
  378.8600	             -205
  378.8800	             -277
  378.9000	             -175
  378.9200	             -167
  378.9400	             -291
  378.9600	             -365
  378.9800	             -202
  379.0000	             -191
  379.0200	             -312
  379.0400	              -94
  379.0600	             -132
  379.0800	             -309
  379.1000	             -321
  379.1200	             -187
  379.1400	             -212
  379.1600	             -181
  379.1800	              100
  379.2000	             -206
  379.2200	             -384
  379.2400	             -199
  379.2600	             -160
  379.2800	             -207
  379.3000	               91
  379.3200	             -133
  379.3400	             -337
  379.3600	             -207
  379.3800	              -74
  379.4000	              -53
  379.4200	              -17
  379.4400	             -171
  379.4600	             -284
  379.4800	             -141
  379.5000	               99
  379.5200	              -17
  379.5400	             -105
  379.5600	             -202
  379.5800	             -171
  379.6000	               98
  379.6200	              121
  379.6400	             -200
  379.6600	             -183
  379.6800	             -132
  379.7000	              179
  379.7200	              117
  379.7400	             -269
  379.7600	             -215
  379.7800	              107
  379.8000	              228
  379.8200	              -95
  379.8400	             -272
  379.8600	              -39
  379.8800	              277
  379.9000	               82
  379.9200	             -210
  379.9400	              -38
  379.9600	              158
  379.9800	              133
  380.0000	             -143
  380.0200	               68
  380.0400	              105
  380.0600	               39
  380.0800	              110
  380.1000	               50
  380.1200	              -27
  380.1400	              127
  380.1600	               36
  380.1800	               10
  380.2000	              -17
  380.2200	              -11
  380.2400	                1
  380.2600	              136
  380.2800	              242
  380.3000	              351
  380.3200	              374
  380.3400	              402
  380.3600	              546
  380.3800	              684
  380.4000	             1219
  380.4200	             1929
  380.4400	             2207
  380.4600	             1556
  380.4800	             1391
  380.5000	              981
  380.5200	              647
  380.5400	               98
  380.5600	             -334
  380.5800	             -395
  380.6000	             -384
  380.6200	             -354
  380.6400	             -374
  380.6600	             -375
  380.6800	             -377
  380.7000	             -423
  380.7200	             -355
  380.7400	             -369
  380.7600	             -396
  380.7800	             -379
  380.8000	             -392
  380.8200	             -403
  380.8400	             -417
  380.8600	             -419
  380.8800	             -396
  380.9000	             -386
  380.9200	             -392
  380.9400	             -414
  380.9600	             -414
  380.9800	             -412
  381.0000	             -413
  381.0200	             -362
  381.0400	             -374
  381.0600	             -419
  381.0800	             -386
  381.1000	             -433
  381.1200	             -418
  381.1400	             -393
  381.1600	             -421
  381.1800	             -386
  381.2000	             -424
  381.2200	             -411
  381.2400	             -404
  381.2600	             -403
  381.2800	             -403
  381.3000	             -376
  381.3200	             -389
  381.3400	             -426
  381.3600	             -376
  381.3800	             -384
  381.4000	             -375
  381.4200	             -383
  381.4400	             -417
  381.4600	             -375
  381.4800	             -411
  381.5000	             -414
  381.5200	             -422
  381.5400	             -414
  381.5600	             -413
  381.5800	             -412
  381.6000	             -382
  381.6200	             -421
  381.6400	             -417
  381.6600	             -421
  381.6800	             -398
  381.7000	             -412
  381.7200	             -373
  381.7400	             -370
  381.7600	             -424
  381.7800	             -436
  381.8000	             -423
  381.8200	             -428
  381.8400	             -395
  381.8600	             -411
  381.8800	             -376
  381.9000	             -395
  381.9200	             -403
  381.9400	             -437
  381.9600	             -373
  381.9800	             -417
  382.0000	             -395
