  370.0000	             -396
  370.0200	             -317
  370.0400	             -359
  370.0600	             -374
  370.0800	             -407
  370.1000	             -397
  370.1200	             -307
  370.1400	             -319
  370.1600	             -406
  370.1800	             -401
  370.2000	             -340
  370.2200	             -274
  370.2400	             -286
  370.2600	             -359
  370.2800	             -400
  370.3000	             -359
  370.3200	             -263
  370.3400	             -380
  370.3600	             -427
  370.3800	             -417
  370.4000	             -286
  370.4200	             -320
  370.4400	             -333
  370.4600	             -362
  370.4800	             -310
  370.5000	             -272
  370.5200	             -333
  370.5400	             -321
  370.5600	             -345
  370.5800	             -352
  370.6000	             -316
  370.6200	             -373
  370.6400	             -364
  370.6600	             -370
  370.6800	             -371
  370.7000	             -366
  370.7200	             -322
  370.7400	             -342
  370.7600	             -295
  370.7800	             -275
  370.8000	             -292
  370.8200	             -368
  370.8400	             -326
  370.8600	             -272
  370.8800	             -310
  370.9000	             -235
  370.9200	             -228
  370.9400	             -189
  370.9600	              -47
  370.9800	              127
  371.0000	               81
  371.0200	              -63
  371.0400	              -11
  371.0600	             -116
  371.0800	             -245
  371.1000	             -193
  371.1200	             -342
  371.1400	             -417
  371.1600	             -420
  371.1800	             -428
  371.2000	             -417
  371.2200	             -407
  371.2400	             -429
  371.2600	             -412
  371.2800	             -454
  371.3000	             -454
  371.3200	             -434
  371.3400	             -464
  371.3600	             -449
  371.3800	             -446
  371.4000	             -438
  371.4200	             -420
  371.4400	             -355
  371.4600	             -351
  371.4800	             -390
  371.5000	             -391
  371.5200	             -436
  371.5400	             -416
  371.5600	             -452
  371.5800	             -479
  371.6000	             -412
  371.6200	             -428
  371.6400	             -422
  371.6600	             -382
  371.6800	             -417
  371.7000	             -429
  371.7200	             -423
  371.7400	             -398
  371.7600	             -409
  371.7800	             -403
  371.8000	             -348
  371.8200	             -421
  371.8400	             -392
  371.8600	             -422
  371.8800	             -371
  371.9000	             -374
  371.9200	             -394
  371.9400	             -418
  371.9600	             -463
  371.9800	             -455
  372.0000	             -458
  372.0200	             -413
  372.0400	             -403
  372.0600	             -413
  372.0800	             -362
  372.1000	             -333
  372.1200	             -388
  372.1400	             -418
  372.1600	             -381
  372.1800	             -467
  372.2000	             -458
  372.2200	             -413
  372.2400	             -430
  372.2600	             -384
  372.2800	             -418
  372.3000	             -393
  372.3200	             -405
  372.3400	             -438
  372.3600	             -408
  372.3800	             -456
  372.4000	             -400
  372.4200	             -389
  372.4400	             -344
  372.4600	             -396
  372.4800	             -362
  372.5000	             -382
  372.5200	             -391
  372.5400	             -454
  372.5600	             -457
  372.5800	             -438
  372.6000	             -427
  372.6200	             -425
  372.6400	             -423
  372.6600	             -362
  372.6800	             -392
  372.7000	             -375
  372.7200	             -325
  372.7400	             -400
  372.7600	             -392
  372.7800	             -396
  372.8000	             -412
  372.8200	             -416
  372.8400	             -414
  372.8600	             -399
  372.8800	             -349
  372.9000	             -408
  372.9200	             -406
  372.9400	             -434
  372.9600	             -388
  372.9800	             -359
  373.0000	             -368
  373.0200	             -342
  373.0400	             -296
  373.0600	             -341
  373.0800	             -341
  373.1000	             -419
  373.1200	             -432
  373.1400	             -399
  373.1600	             -414
  373.1800	             -362
  373.2000	             -377
  373.2200	             -396
  373.2400	             -343
  373.2600	             -423
  373.2800	             -423
  373.3000	             -321
  373.3200	             -318
  373.3400	             -332
  373.3600	             -345
  373.3800	             -321
  373.4000	             -328
  373.4200	             -406
  373.4400	             -413
  373.4600	             -352
  373.4800	             -410
  373.5000	             -349
  373.5200	             -338
  373.5400	             -391
  373.5600	             -323
  373.5800	             -331
  373.6000	             -285
  373.6200	             -253
  373.6400	             -358
  373.6600	             -310
  373.6800	             -317
  373.7000	             -329
  373.7200	             -326
  373.7400	             -272
  373.7600	             -336
  373.7800	             -375
  373.8000	             -332
  373.8200	             -275
  373.8400	             -366
  373.8600	             -284
  373.8800	             -223
  373.9000	             -232
  373.9200	             -326
  373.9400	             -357
  373.9600	             -306
  373.9800	             -341
  374.0000	             -317
  374.0200	             -208
  374.0400	             -301
  374.0600	             -428
  374.0800	             -341
  374.1000	             -245
  374.1200	             -348
  374.1400	             -211
  374.1600	             -197
  374.1800	             -262
  374.2000	             -334
  374.2200	             -247
  374.2400	             -272
  374.2600	             -241
  374.2800	             -158
  374.3000	             -275
  374.3200	             -364
  374.3400	             -253
  374.3600	             -233
  374.3800	             -238
  374.4000	             -127
  374.4200	             -246
  374.4400	             -277
  374.4600	             -199
  374.4800	              -47
  374.5000	             -178
  374.5200	             -246
  374.5400	             -266
  374.5600	             -277
  374.5800	             -137
  374.6000	             -108
  374.6200	             -289
  374.6400	             -291
  374.6600	             -235
  374.6800	              -47
  374.7000	               18
  374.7200	             -300
  374.7400	             -245
  374.7600	              -47
  374.7800	              109
  374.8000	             -143
  374.8200	             -377
  374.8400	             -275
  374.8600	              106
  374.8800	              105
  374.9000	             -269
  374.9200	             -310
  374.9400	              -43
  374.9600	               83
  374.9800	             -171
  375.0000	             -132
  375.0200	               -6
  375.0400	              -47
  375.0600	             -118
  375.0800	             -115
  375.1000	             -144
  375.1200	             -102
  375.1400	              -90
  375.1600	             -104
  375.1800	              -92
  375.2000	             -173
  375.2200	              -81
  375.2400	               34
  375.2600	               62
  375.2800	              -47
  375.3000	              -50
  375.3200	                6
  375.3400	              124
  375.3600	              171
  375.3800	              214
  375.4000	              210
  375.4200	              377
  375.4400	              571
  375.4600	             1065
  375.4800	             1487
  375.5000	             1053
  375.5200	              935
  375.5400	              814
  375.5600	              394
  375.5800	              293
  375.6000	             -242
  375.6200	             -377
  375.6400	             -426
  375.6600	             -452
  375.6800	             -398
  375.7000	             -417
  375.7200	             -391
  375.7400	             -360
  375.7600	             -345
  375.7800	             -379
  375.8000	             -364
  375.8200	             -434
  375.8400	             -464
  375.8600	             -466
  375.8800	             -453
  375.9000	             -429
  375.9200	             -458
  375.9400	             -413
  375.9600	             -343
  375.9800	             -376
  376.0000	             -329
  376.0200	             -330
  376.0400	             -355
  376.0600	             -399
  376.0800	             -438
  376.1000	             -468
  376.1200	             -429
  376.1400	             -464
  376.1600	             -455
  376.1800	             -395
  376.2000	             -337
  376.2200	             -358
  376.2400	             -350
  376.2600	             -340
  376.2800	             -397
  376.3000	             -447
  376.3200	             -429
  376.3400	             -432
  376.3600	             -454
  376.3800	             -441
  376.4000	             -361
  376.4200	             -353
  376.4400	             -358
  376.4600	             -316
  376.4800	             -358
  376.5000	             -360
  376.5200	             -418
  376.5400	             -425
  376.5600	             -432
  376.5800	             -446
  376.6000	             -458
  376.6200	             -379
  376.6400	             -377
  376.6600	             -369
  376.6800	             -295
  376.7000	             -350
  376.7200	             -356
  376.7400	             -458
  376.7600	             -467
  376.7800	             -397
  376.8000	             -436
  376.8200	             -432
  376.8400	             -362
  376.8600	             -397
  376.8800	             -362
  376.9000	             -312
  376.9200	             -362
  376.9400	             -401
  376.9600	             -458
  376.9800	             -432
  377.0000	             -432
  377.0200	             -434
  377.0400	             -387
  377.0600	             -390
  377.0800	             -359
  377.1000	             -336
  377.1200	             -279
  377.1400	             -312
  377.1600	             -406
  377.1800	             -434
  377.2000	             -466
  377.2200	             -406
  377.2400	             -387
  377.2600	             -384
  377.2800	             -351
  377.3000	             -345
  377.3200	             -338
  377.3400	             -335
  377.3600	             -390
  377.3800	             -456
  377.4000	             -468
  377.4200	             -435
  377.4400	             -348
  377.4600	             -333
  377.4800	             -365
  377.5000	             -283
  377.5200	             -265
  377.5400	             -341
  377.5600	             -404
  377.5800	             -417
  377.6000	             -428
  377.6200	             -406
  377.6400	             -320
  377.6600	             -379
  377.6800	             -313
  377.7000	             -275
  377.7200	             -309
  377.7400	             -369
  377.7600	             -455
  377.7800	             -464
  377.8000	             -377
  377.8200	             -293
  377.8400	             -358
  377.8600	             -280
  377.8800	             -242
  377.9000	             -244
  377.9200	             -290
  377.9400	             -434
  377.9600	             -406
  377.9800	             -327
  378.0000	             -321
  378.0200	             -376
  378.0400	             -309
  378.0600	             -285
  378.0800	             -254
  378.1000	             -302
  378.1200	             -426
  378.1400	             -391
  378.1600	             -261
  378.1800	             -289
  378.2000	             -335
  378.2200	             -229
  378.2400	             -251
  378.2600	             -222
  378.2800	             -287
  378.3000	             -386
  378.3200	             -268
  378.3400	             -292
  378.3600	             -385
  378.3800	             -265
  378.4000	             -239
  378.4200	             -233
  378.4400	             -265
  378.4600	             -397
  378.4800	             -219
  378.5000	             -284
  378.5200	             -353
  378.5400	             -229
  378.5600	             -232
  378.5800	             -213
  378.6000	             -234
  378.6200	             -255
  378.6400	             -229
  378.6600	             -286
  378.6800	             -284
  378.7000	             -197
  378.7200	             -212
  378.7400	             -237
  378.7600	             -199
  378.7800	             -188
  378.8000	             -226
  378.8200	             -406
  378.8400	             -201
  378.8600	             -180
  378.8800	             -242
  378.9000	              -59
  378.9200	              -26
  378.9400	             -238
  378.9600	             -388
  378.9800	             -166
  379.0000	             -110
  379.0200	             -310
  379.0400	               85
  379.0600	              131
  379.0800	             -275
  379.1000	             -329
  379.1200	              -47
  379.1400	              -89
  379.1600	             -162
  379.1800	              210
  379.2000	              -37
  379.2200	             -373
  379.2400	             -192
  379.2600	              -47
  379.2800	             -133
  379.3000	              154
  379.3200	               88
  379.3400	             -342
  379.3600	             -200
  379.3800	              100
  379.4000	               83
  379.4200	              125
  379.4400	              -57
  379.4600	             -236
  379.4800	             -104
  379.5000	              127
  379.5200	              140
  379.5400	               18
  379.5600	              -47
  379.5800	             -124
  379.6000	              215
  379.6200	              330
  379.6400	              -47
  379.6600	             -148
  379.6800	               94
  379.7000	              320
  379.7200	              326
  379.7400	             -154
  379.7600	             -226
  379.7800	              186
  379.8000	              513
  379.8200	              140
  379.8400	             -261
  379.8600	              -49
  379.8800	              469
  379.9000	              393
  379.9200	             -130
  379.9400	               -4
  379.9600	              253
  379.9800	              330
  380.0000	               42
  380.0200	              158
  380.0400	              218
  380.0600	              194
  380.0800	              223
  380.1000	              186
  380.1200	              172
  380.1400	              205
  380.1600	              247
  380.1800	              215
  380.2000	              157
  380.2200	              192
  380.2400	              185
  380.2600	              347
  380.2800	              466
  380.3000	              631
  380.3200	              711
  380.3400	              706
  380.3600	              858
  380.3800	             1120
  380.4000	             1728
  380.4200	             2604
  380.4400	             3179
  380.4600	             2359
  380.4800	             2127
  380.5000	             1633
  380.5200	             1142
  380.5400	              292
  380.5600	             -354
  380.5800	             -419
  380.6000	             -445
  380.6200	             -404
  380.6400	             -434
  380.6600	             -434
  380.6800	             -436
  380.7000	             -404
  380.7200	             -439
  380.7400	             -450
  380.7600	             -413
  380.7800	             -412
  380.8000	             -423
  380.8200	             -442
  380.8400	             -446
  380.8600	             -464
  380.8800	             -463
  380.9000	             -406
  380.9200	             -442
  380.9400	             -456
  380.9600	             -438
  380.9800	             -440
  381.0000	             -417
  381.0200	             -460
  381.0400	             -444
  381.0600	             -440
  381.0800	             -469
  381.1000	             -438
  381.1200	             -432
  381.1400	             -406
  381.1600	             -462
  381.1800	             -456
  381.2000	             -457
  381.2200	             -415
  381.2400	             -462
  381.2600	             -428
  381.2800	             -471
  381.3000	             -474
  381.3200	             -452
  381.3400	             -419
  381.3600	             -405
  381.3800	             -397
  381.4000	             -474
  381.4200	             -474
  381.4400	             -425
  381.4600	             -418
  381.4800	             -401
  381.5000	             -430
  381.5200	             -438
  381.5400	             -458
  381.5600	             -417
  381.5800	             -436
  381.6000	             -440
  381.6200	             -433
  381.6400	             -451
  381.6600	             -423
  381.6800	             -453
  381.7000	             -481
  381.7200	             -436
  381.7400	             -413
  381.7600	             -452
  381.7800	             -425
  381.8000	             -417
  381.8200	             -438
  381.8400	             -425
  381.8600	             -464
  381.8800	             -449
  381.9000	             -414
  381.9200	             -447
  381.9400	             -404
  381.9600	             -437
  381.9800	             -446
  382.0000	             -440
