  370.0000	             -360
  370.0200	             -314
  370.0400	             -291
  370.0600	             -371
  370.0800	             -400
  370.1000	             -375
  370.1200	             -330
  370.1400	             -284
  370.1600	             -410
  370.1800	             -407
  370.2000	             -386
  370.2200	             -268
  370.2400	             -302
  370.2600	             -346
  370.2800	             -374
  370.3000	             -354
  370.3200	             -242
  370.3400	             -324
  370.3600	             -453
  370.3800	             -395
  370.4000	             -272
  370.4200	             -291
  370.4400	             -331
  370.4600	             -322
  370.4800	             -269
  370.5000	             -245
  370.5200	             -320
  370.5400	             -349
  370.5600	             -376
  370.5800	             -349
  370.6000	             -345
  370.6200	             -392
  370.6400	             -395
  370.6600	             -316
  370.6800	             -338
  370.7000	             -345
  370.7200	             -297
  370.7400	             -334
  370.7600	             -309
  370.7800	             -317
  370.8000	             -318
  370.8200	             -335
  370.8400	             -328
  370.8600	             -236
  370.8800	             -285
  370.9000	             -216
  370.9200	             -233
  370.9400	             -164
  370.9600	              -46
  370.9800	              145
  371.0000	              106
  371.0200	              -59
  371.0400	               46
  371.0600	              -88
  371.0800	             -219
  371.1000	             -194
  371.1200	             -345
  371.1400	             -400
  371.1600	             -375
  371.1800	             -395
  371.2000	             -421
  371.2200	             -413
  371.2400	             -387
  371.2600	             -390
  371.2800	             -406
  371.3000	             -479
  371.3200	             -445
  371.3400	             -397
  371.3600	             -432
  371.3800	             -412
  371.4000	             -442
  371.4200	             -348
  371.4400	             -359
  371.4600	             -397
  371.4800	             -360
  371.5000	             -397
  371.5200	             -406
  371.5400	             -466
  371.5600	             -438
  371.5800	             -436
  371.6000	             -409
  371.6200	             -397
  371.6400	             -431
  371.6600	             -404
  371.6800	             -383
  371.7000	             -419
  371.7200	             -403
  371.7400	             -449
  371.7600	             -432
  371.7800	             -396
  371.8000	             -420
  371.8200	             -343
  371.8400	             -423
  371.8600	             -362
  371.8800	             -407
  371.9000	             -400
  371.9200	             -428
  371.9400	             -408
  371.9600	             -431
  371.9800	             -453
  372.0000	             -397
  372.0200	             -404
  372.0400	             -357
  372.0600	             -347
  372.0800	             -398
  372.1000	             -369
  372.1200	             -377
  372.1400	             -429
  372.1600	             -403
  372.1800	             -467
  372.2000	             -419
  372.2200	             -419
  372.2400	             -416
  372.2600	             -364
  372.2800	             -401
  372.3000	             -366
  372.3200	             -400
  372.3400	             -385
  372.3600	             -457
  372.3800	             -454
  372.4000	             -386
  372.4200	             -349
  372.4400	             -391
  372.4600	             -347
  372.4800	             -360
  372.5000	             -377
  372.5200	             -405
  372.5400	             -416
  372.5600	             -465
  372.5800	             -453
  372.6000	             -400
  372.6200	             -360
  372.6400	             -404
  372.6600	             -350
  372.6800	             -397
  372.7000	             -351
  372.7200	             -385
  372.7400	             -404
  372.7600	             -422
  372.7800	             -420
  372.8000	             -384
  372.8200	             -400
  372.8400	             -419
  372.8600	             -364
  372.8800	             -387
  372.9000	             -411
  372.9200	             -420
  372.9400	             -453
  372.9600	             -398
  372.9800	             -340
  373.0000	             -386
  373.0200	             -287
  373.0400	             -274
  373.0600	             -320
  373.0800	             -355
  373.1000	             -435
  373.1200	             -410
  373.1400	             -349
  373.1600	             -391
  373.1800	             -367
  373.2000	             -385
  373.2200	             -340
  373.2400	             -363
  373.2600	             -373
  373.2800	             -391
  373.3000	             -349
  373.3200	             -344
  373.3400	             -312
  373.3600	             -289
  373.3800	             -344
  373.4000	             -324
  373.4200	             -385
  373.4400	             -372
  373.4600	             -363
  373.4800	             -362
  373.5000	             -395
  373.5200	             -307
  373.5400	             -370
  373.5600	             -343
  373.5800	             -316
  373.6000	             -312
  373.6200	             -236
  373.6400	             -340
  373.6600	             -299
  373.6800	             -350
  373.7000	             -337
  373.7200	             -308
  373.7400	             -289
  373.7600	             -319
  373.7800	             -369
  373.8000	             -324
  373.8200	             -315
  373.8400	             -358
  373.8600	             -283
  373.8800	             -206
  373.9000	             -243
  373.9200	             -324
  373.9400	             -294
  373.9600	             -222
  373.9800	             -332
  374.0000	             -302
  374.0200	             -181
  374.0400	             -300
  374.0600	             -399
  374.0800	             -300
  374.1000	             -251
  374.1200	             -310
  374.1400	             -227
  374.1600	              -47
  374.1800	             -277
  374.2000	             -352
  374.2200	             -216
  374.2400	             -256
  374.2600	             -238
  374.2800	             -137
  374.3000	             -259
  374.3200	             -356
  374.3400	             -260
  374.3600	             -235
  374.3800	             -199
  374.4000	             -123
  374.4200	             -227
  374.4400	             -288
  374.4600	             -218
  374.4800	              -40
  374.5000	             -159
  374.5200	             -214
  374.5400	             -230
  374.5600	             -261
  374.5800	              -53
  374.6000	              -47
  374.6200	             -279
  374.6400	             -278
  374.6600	             -203
  374.6800	              -29
  374.7000	              105
  374.7200	             -237
  374.7400	             -247
  374.7600	              -47
  374.7800	              113
  374.8000	             -152
  374.8200	             -356
  374.8400	             -212
  374.8600	              108
  374.8800	               84
  374.9000	             -280
  374.9200	             -313
  374.9400	              -26
  374.9600	              147
  374.9800	             -104
  375.0000	             -167
  375.0200	               53
  375.0400	               25
  375.0600	              -70
  375.0800	             -159
  375.1000	             -100
  375.1200	              -90
  375.1400	              -47
  375.1600	             -126
  375.1800	              -47
  375.2000	             -102
  375.2200	              -56
  375.2400	               -4
  375.2600	               99
  375.2800	              -39
  375.3000	              -47
  375.3200	               67
  375.3400	               40
  375.3600	              244
  375.3800	              259
  375.4000	              265
  375.4200	              371
  375.4400	              598
  375.4600	             1190
  375.4800	             1509
  375.5000	             1145
  375.5200	             1025
  375.5400	              944
  375.5600	              490
  375.5800	              298
  375.6000	             -226
  375.6200	             -421
  375.6400	             -413
  375.6600	             -453
  375.6800	             -453
  375.7000	             -400
  375.7200	             -354
  375.7400	             -371
  375.7600	             -330
  375.7800	             -316
  375.8000	             -411
  375.8200	             -450
  375.8400	             -462
  375.8600	             -403
  375.8800	             -433
  375.9000	             -449
  375.9200	             -468
  375.9400	             -388
  375.9600	             -364
  375.9800	             -354
  376.0000	             -353
  376.0200	             -323
  376.0400	             -421
  376.0600	             -437
  376.0800	             -455
  376.1000	             -460
  376.1200	             -413
  376.1400	             -431
  376.1600	             -434
  376.1800	             -347
  376.2000	             -359
  376.2200	             -313
  376.2400	             -297
  376.2600	             -313
  376.2800	             -412
  376.3000	             -474
  376.3200	             -479
  376.3400	             -462
  376.3600	             -438
  376.3800	             -462
  376.4000	             -371
  376.4200	             -392
  376.4400	             -310
  376.4600	             -309
  376.4800	             -324
  376.5000	             -366
  376.5200	             -435
  376.5400	             -471
  376.5600	             -441
  376.5800	             -406
  376.6000	             -464
  376.6200	             -372
  376.6400	             -378
  376.6600	             -333
  376.6800	             -316
  376.7000	             -300
  376.7200	             -343
  376.7400	             -469
  376.7600	             -415
  376.7800	             -438
  376.8000	             -461
  376.8200	             -412
  376.8400	             -325
  376.8600	             -343
  376.8800	             -335
  376.9000	             -296
  376.9200	             -304
  376.9400	             -355
  376.9600	             -446
  376.9800	             -435
  377.0000	             -397
  377.0200	             -454
  377.0400	             -342
  377.0600	             -329
  377.0800	             -315
  377.1000	             -324
  377.1200	             -313
  377.1400	             -321
  377.1600	             -413
  377.1800	             -436
  377.2000	             -403
  377.2200	             -406
  377.2400	             -373
  377.2600	             -359
  377.2800	             -311
  377.3000	             -306
  377.3200	             -292
  377.3400	             -346
  377.3600	             -420
  377.3800	             -455
  377.4000	             -440
  377.4200	             -447
  377.4400	             -321
  377.4600	             -318
  377.4800	             -348
  377.5000	             -240
  377.5200	             -272
  377.5400	             -320
  377.5600	             -423
  377.5800	             -462
  377.6000	             -469
  377.6200	             -373
  377.6400	             -295
  377.6600	             -332
  377.6800	             -271
  377.7000	             -268
  377.7200	             -264
  377.7400	             -352
  377.7600	             -451
  377.7800	             -392
  377.8000	             -346
  377.8200	             -286
  377.8400	             -353
  377.8600	             -297
  377.8800	             -226
  377.9000	             -281
  377.9200	             -296
  377.9400	             -356
  377.9600	             -434
  377.9800	             -373
  378.0000	             -286
  378.0200	             -361
  378.0400	             -256
  378.0600	             -228
  378.0800	             -279
  378.1000	             -238
  378.1200	             -390
  378.1400	             -423
  378.1600	             -311
  378.1800	             -327
  378.2000	             -295
  378.2200	             -235
  378.2400	             -273
  378.2600	             -217
  378.2800	             -325
  378.3000	             -423
  378.3200	             -296
  378.3400	             -283
  378.3600	             -317
  378.3800	             -200
  378.4000	             -244
  378.4200	             -245
  378.4400	             -219
  378.4600	             -371
  378.4800	             -247
  378.5000	             -264
  378.5200	             -328
  378.5400	             -235
  378.5600	             -208
  378.5800	             -219
  378.6000	             -211
  378.6200	             -260
  378.6400	             -213
  378.6600	             -311
  378.6800	             -337
  378.7000	             -122
  378.7200	             -225
  378.7400	             -217
  378.7600	             -175
  378.7800	             -175
  378.8000	             -243
  378.8200	             -376
  378.8400	             -200
  378.8600	              -91
  378.8800	             -256
  378.9000	              -50
  378.9200	               -4
  378.9400	             -237
  378.9600	             -348
  378.9800	             -173
  379.0000	             -122
  379.0200	             -266
  379.0400	               79
  379.0600	              144
  379.0800	             -274
  379.1000	             -332
  379.1200	              -58
  379.1400	              -50
  379.1600	             -113
  379.1800	              263
  379.2000	               95
  379.2200	             -345
  379.2400	             -181
  379.2600	               64
  379.2800	             -150
  379.3000	              201
  379.3200	              109
  379.3400	             -280
  379.3600	             -186
  379.3800	               59
  379.4000	              123
  379.4200	              139
  379.4400	               86
  379.4600	             -190
  379.4800	              -63
  379.5000	              201
  379.5200	              173
  379.5400	               25
  379.5600	              -47
  379.5800	              -81
  379.6000	              259
  379.6200	              346
  379.6400	              -47
  379.6600	             -102
  379.6800	               65
  379.7000	              405
  379.7200	              385
  379.7400	             -174
  379.7600	             -208
  379.7800	              213
  379.8000	              568
  379.8200	              178
  379.8400	             -225
  379.8600	               45
  379.8800	              498
  379.9000	              455
  379.9200	             -188
  379.9400	               41
  379.9600	              341
  379.9800	              397
  380.0000	               92
  380.0200	              183
  380.0400	              284
  380.0600	              241
  380.0800	              265
  380.1000	              213
  380.1200	              181
  380.1400	              217
  380.1600	              250
  380.1800	              263
  380.2000	              187
  380.2200	              274
  380.2400	              228
  380.2600	              379
  380.2800	              523
  380.3000	              653
  380.3200	              829
  380.3400	              810
  380.3600	              917
  380.3800	             1171
  380.4000	             1834
  380.4200	             2705
  380.4400	             3411
  380.4600	             2702
  380.4800	             2363
  380.5000	             1780
  380.5200	             1254
  380.5400	              484
  380.5600	             -356
  380.5800	             -423
  380.6000	             -429
  380.6200	             -429
  380.6400	             -423
  380.6600	             -453
  380.6800	             -405
  380.7000	             -403
  380.7200	             -381
  380.7400	             -439
  380.7600	             -412
  380.7800	             -407
  380.8000	             -394
  380.8200	             -430
  380.8400	             -451
  380.8600	             -456
  380.8800	             -451
  380.9000	             -463
  380.9200	             -465
  380.9400	             -399
  380.9600	             -406
  380.9800	             -406
  381.0000	             -419
  381.0200	             -467
  381.0400	             -438
  381.0600	             -433
  381.0800	             -422
  381.1000	             -439
  381.1200	             -452
  381.1400	             -466
  381.1600	             -436
  381.1800	             -414
  381.2000	             -440
  381.2200	             -479
  381.2400	             -457
  381.2600	             -417
  381.2800	             -466
  381.3000	             -474
  381.3200	             -467
  381.3400	             -442
  381.3600	             -466
  381.3800	             -427
  381.4000	             -415
  381.4200	             -434
  381.4400	             -458
  381.4600	             -444
  381.4800	             -397
  381.5000	             -474
  381.5200	             -428
  381.5400	             -417
  381.5600	             -451
  381.5800	             -433
  381.6000	             -474
  381.6200	             -432
  381.6400	             -467
  381.6600	             -412
  381.6800	             -431
  381.7000	             -402
  381.7200	             -459
  381.7400	             -420
  381.7600	             -460
  381.7800	             -425
  381.8000	             -481
  381.8200	             -449
  381.8400	             -425
  381.8600	             -438
  381.8800	             -411
  381.9000	             -431
  381.9200	             -436
  381.9400	             -462
  381.9600	             -436
  381.9800	             -460
  382.0000	             -413
