  370.0000	             -289
  370.0200	             -177
  370.0400	             -138
  370.0600	             -327
  370.0800	             -310
  370.1000	             -222
  370.1200	             -179
  370.1400	             -130
  370.1600	             -252
  370.1800	             -357
  370.2000	             -270
  370.2200	              -53
  370.2400	             -105
  370.2600	             -310
  370.2800	             -327
  370.3000	             -155
  370.3200	              -84
  370.3400	             -244
  370.3600	             -362
  370.3800	             -309
  370.4000	              -99
  370.4200	             -158
  370.4400	             -289
  370.4600	             -178
  370.4800	              -47
  370.5000	              -47
  370.5200	             -109
  370.5400	             -236
  370.5600	             -256
  370.5800	             -204
  370.6000	             -212
  370.6200	             -338
  370.6400	             -313
  370.6600	             -230
  370.6800	             -267
  370.7000	             -225
  370.7200	             -144
  370.7400	             -127
  370.7600	             -182
  370.7800	             -165
  370.8000	             -115
  370.8200	             -170
  370.8400	              -96
  370.8600	              -47
  370.8800	              -47
  370.9000	               97
  370.9200	               87
  370.9400	              221
  370.9600	              491
  370.9800	              857
  371.0000	              736
  371.0200	              374
  371.0400	              483
  371.0600	              290
  371.0800	               90
  371.1000	               88
  371.1200	             -198
  371.1400	             -358
  371.1600	             -332
  371.1800	             -366
  371.2000	             -378
  371.2200	             -329
  371.2400	             -326
  371.2600	             -415
  371.2800	             -427
  371.3000	             -446
  371.3200	             -479
  371.3400	             -397
  371.3600	             -425
  371.3800	             -398
  371.4000	             -383
  371.4200	             -303
  371.4400	             -339
  371.4600	             -274
  371.4800	             -318
  371.5000	             -404
  371.5200	             -399
  371.5400	             -453
  371.5600	             -437
  371.5800	             -405
  371.6000	             -415
  371.6200	             -323
  371.6400	             -322
  371.6600	             -373
  371.6800	             -338
  371.7000	             -372
  371.7200	             -408
  371.7400	             -434
  371.7600	             -412
  371.7800	             -352
  371.8000	             -329
  371.8200	             -288
  371.8400	             -342
  371.8600	             -304
  371.8800	             -270
  371.9000	             -324
  371.9200	             -389
  371.9400	             -420
  371.9600	             -413
  371.9800	             -461
  372.0000	             -381
  372.0200	             -327
  372.0400	             -277
  372.0600	             -301
  372.0800	             -293
  372.1000	             -244
  372.1200	             -253
  372.1400	             -349
  372.1600	             -420
  372.1800	             -438
  372.2000	             -405
  372.2200	             -357
  372.2400	             -349
  372.2600	             -321
  372.2800	             -324
  372.3000	             -286
  372.3200	             -322
  372.3400	             -425
  372.3600	             -461
  372.3800	             -412
  372.4000	             -345
  372.4200	             -250
  372.4400	             -225
  372.4600	             -299
  372.4800	             -312
  372.5000	             -253
  372.5200	             -289
  372.5400	             -397
  372.5600	             -443
  372.5800	             -434
  372.6000	             -360
  372.6200	             -342
  372.6400	             -349
  372.6600	             -279
  372.6800	             -286
  372.7000	             -216
  372.7200	             -228
  372.7400	             -275
  372.7600	             -342
  372.7800	             -295
  372.8000	             -299
  372.8200	             -345
  372.8400	             -325
  372.8600	             -267
  372.8800	             -271
  372.9000	             -351
  372.9200	             -446
  372.9400	             -403
  372.9600	             -236
  372.9800	             -265
  373.0000	             -287
  373.0200	             -114
  373.0400	             -149
  373.0600	             -111
  373.0800	             -256
  373.1000	             -405
  373.1200	             -313
  373.1400	             -293
  373.1600	             -360
  373.1800	             -229
  373.2000	             -229
  373.2200	             -233
  373.2400	             -219
  373.2600	             -318
  373.2800	             -324
  373.3000	             -177
  373.3200	             -202
  373.3400	             -177
  373.3600	             -160
  373.3800	             -214
  373.4000	             -198
  373.4200	             -238
  373.4400	             -313
  373.4600	             -216
  373.4800	             -351
  373.5000	             -225
  373.5200	             -180
  373.5400	             -228
  373.5600	             -187
  373.5800	             -220
  373.6000	              -47
  373.6200	              -47
  373.6400	             -214
  373.6600	             -175
  373.6800	             -240
  373.7000	             -230
  373.7200	             -129
  373.7400	              -29
  373.7600	             -174
  373.7800	             -312
  373.8000	             -229
  373.8200	              -56
  373.8400	             -235
  373.8600	              -95
  373.8800	              148
  373.9000	               77
  373.9200	             -220
  373.9400	             -181
  373.9600	              -47
  373.9800	             -202
  374.0000	              -52
  374.0200	              200
  374.0400	              -47
  374.0600	             -404
  374.0800	             -191
  374.1000	               -6
  374.1200	             -235
  374.1400	              148
  374.1600	              338
  374.1800	              -47
  374.2000	             -181
  374.2200	              132
  374.2400	               -5
  374.2600	               67
  374.2800	              279
  374.3000	              -61
  374.3200	             -312
  374.3400	               42
  374.3600	               99
  374.3800	               94
  374.4000	              250
  374.4200	               97
  374.4400	             -115
  374.4600	              181
  374.4800	              446
  374.5000	              241
  374.5200	               27
  374.5400	              -39
  374.5600	              -50
  374.5800	              292
  374.6000	              320
  374.6200	              -61
  374.6400	              -57
  374.6600	              123
  374.6800	              464
  374.7000	              458
  374.7200	               24
  374.7400	              108
  374.7600	              470
  374.7800	              710
  374.8000	              180
  374.8200	             -243
  374.8400	               86
  374.8600	              665
  374.8800	              596
  374.9000	              -93
  374.9200	              -72
  374.9400	              475
  374.9600	              634
  374.9800	              257
  375.0000	              265
  375.0200	              470
  375.0400	              404
  375.0600	              308
  375.0800	              244
  375.1000	              269
  375.1200	              308
  375.1400	              341
  375.1600	              295
  375.1800	              354
  375.2000	              295
  375.2200	              439
  375.2400	              550
  375.2600	              577
  375.2800	              428
  375.3000	              356
  375.3200	              659
  375.3400	              603
  375.3600	              989
  375.3800	              918
  375.4000	              986
  375.4200	             1332
  375.4400	             1742
  375.4600	             2858
  375.4800	             3445
  375.5000	             2569
  375.5200	             2429
  375.5400	             2107
  375.5600	             1308
  375.5800	              954
  375.6000	              -47
  375.6200	             -402
  375.6400	             -435
  375.6600	             -431
  375.6800	             -426
  375.7000	             -310
  375.7200	             -274
  375.7400	             -221
  375.7600	             -213
  375.7800	             -223
  375.8000	             -370
  375.8200	             -429
  375.8400	             -421
  375.8600	             -432
  375.8800	             -450
  375.9000	             -449
  375.9200	             -413
  375.9400	             -317
  375.9600	             -239
  375.9800	             -231
  376.0000	             -222
  376.0200	             -261
  376.0400	             -380
  376.0600	             -419
  376.0800	             -433
  376.1000	             -465
  376.1200	             -425
  376.1400	             -432
  376.1600	             -408
  376.1800	             -272
  376.2000	             -235
  376.2200	             -224
  376.2400	             -165
  376.2600	             -256
  376.2800	             -412
  376.3000	             -477
  376.3200	             -453
  376.3400	             -406
  376.3600	             -479
  376.3800	             -429
  376.4000	             -287
  376.4200	             -265
  376.4400	             -216
  376.4600	             -164
  376.4800	             -224
  376.5000	             -358
  376.5200	             -446
  376.5400	             -431
  376.5600	             -443
  376.5800	             -403
  376.6000	             -385
  376.6200	             -313
  376.6400	             -202
  376.6600	             -195
  376.6800	             -161
  376.7000	             -189
  376.7200	             -265
  376.7400	             -450
  376.7600	             -406
  376.7800	             -434
  376.8000	             -449
  376.8200	             -387
  376.8400	             -272
  376.8600	             -247
  376.8800	             -190
  376.9000	             -153
  376.9200	             -179
  376.9400	             -366
  376.9600	             -432
  376.9800	             -464
  377.0000	             -401
  377.0200	             -444
  377.0400	             -294
  377.0600	             -237
  377.0800	             -199
  377.1000	             -169
  377.1200	              -98
  377.1400	             -210
  377.1600	             -395
  377.1800	             -434
  377.2000	             -421
  377.2200	             -392
  377.2400	             -273
  377.2600	             -216
  377.2800	             -185
  377.3000	             -109
  377.3200	             -158
  377.3400	             -170
  377.3600	             -386
  377.3800	             -418
  377.4000	             -452
  377.4200	             -400
  377.4400	             -232
  377.4600	             -208
  377.4800	             -153
  377.5000	              -47
  377.5200	              -43
  377.5400	             -195
  377.5600	             -392
  377.5800	             -455
  377.6000	             -404
  377.6200	             -289
  377.6400	             -191
  377.6600	             -229
  377.6800	              -47
  377.7000	              -59
  377.7200	              -47
  377.7400	             -226
  377.7600	             -453
  377.7800	             -390
  377.8000	             -303
  377.8200	             -173
  377.8400	             -193
  377.8600	              -71
  377.8800	              -36
  377.9000	               -9
  377.9200	             -137
  377.9400	             -413
  377.9600	             -413
  377.9800	             -220
  378.0000	              -62
  378.0200	             -225
  378.0400	              -21
  378.0600	               32
  378.0800	               31
  378.1000	              -47
  378.1200	             -396
  378.1400	             -360
  378.1600	              -78
  378.1800	             -106
  378.2000	             -109
  378.2200	               96
  378.2400	               55
  378.2600	              138
  378.2800	             -129
  378.3000	             -398
  378.3200	              -11
  378.3400	              -72
  378.3600	             -249
  378.3800	               77
  378.4000	              108
  378.4200	              106
  378.4400	               77
  378.4600	             -268
  378.4800	               71
  378.5000	              -39
  378.5200	             -244
  378.5400	              121
  378.5600	              146
  378.5800	              111
  378.6000	              112
  378.6200	              -61
  378.6400	              132
  378.6600	             -134
  378.6800	             -111
  378.7000	              216
  378.7200	               62
  378.7400	              161
  378.7600	              207
  378.7800	              213
  378.8000	               80
  378.8200	             -277
  378.8400	              200
  378.8600	              275
  378.8800	               65
  378.9000	              462
  378.9200	              518
  378.9400	              -27
  378.9600	             -293
  378.9800	              241
  379.0000	              283
  379.0200	                0
  379.0400	              714
  379.0600	              758
  379.0800	             -136
  379.1000	             -196
  379.1200	              405
  379.1400	              305
  379.1600	              287
  379.1800	             1019
  379.2000	              446
  379.2200	             -338
  379.2400	              244
  379.2600	              477
  379.2800	              250
  379.3000	              908
  379.3200	              620
  379.3400	             -175
  379.3600	              169
  379.3800	              619
  379.4000	              681
  379.4200	              751
  379.4400	              446
  379.4600	               13
  379.4800	              341
  379.5000	              837
  379.5200	              732
  379.5400	              406
  379.5600	              312
  379.5800	              279
  379.6000	              927
  379.6200	             1075
  379.6400	              319
  379.6600	              279
  379.6800	              536
  379.7000	             1179
  379.7200	             1104
  379.7400	              127
  379.7600	              124
  379.7800	              942
  379.8000	             1486
  379.8200	              660
  379.8400	              109
  379.8600	              549
  379.8800	             1511
  379.9000	             1197
  379.9200	              211
  379.9400	              599
  379.9600	             1162
  379.9800	             1085
  380.0000	              587
  380.0200	              863
  380.0400	             1021
  380.0600	              910
  380.0800	              873
  380.1000	              867
  380.1200	              839
  380.1400	              874
  380.1600	             1010
  380.1800	              957
  380.2000	              789
  380.2200	              973
  380.2400	              902
  380.2600	             1252
  380.2800	             1457
  380.3000	             1786
  380.3200	             1961
  380.3400	             1962
  380.3600	             2221
  380.3800	             2543
  380.4000	             3662
  380.4200	             5377
  380.4400	             6460
  380.4600	             4926
  380.4800	             4511
  380.5000	             3486
  380.5200	             2498
  380.5400	             1006
  380.5600	             -362
  380.5800	             -398
  380.6000	             -400
  380.6200	             -363
  380.6400	             -434
  380.6600	             -412
  380.6800	             -421
  380.7000	             -408
  380.7200	             -425
  380.7400	             -392
  380.7600	             -401
  380.7800	             -426
  380.8000	             -398
  380.8200	             -412
  380.8400	             -427
  380.8600	             -466
  380.8800	             -403
  380.9000	             -432
  380.9200	             -417
  380.9400	             -433
  380.9600	             -405
  380.9800	             -458
  381.0000	             -440
  381.0200	             -449
  381.0400	             -462
  381.0600	             -463
  381.0800	             -466
  381.1000	             -447
  381.1200	             -474
  381.1400	             -437
  381.1600	             -429
  381.1800	             -450
  381.2000	             -432
  381.2200	             -434
  381.2400	             -461
  381.2600	             -448
  381.2800	             -474
  381.3000	             -406
  381.3200	             -474
  381.3400	             -462
  381.3600	             -459
  381.3800	             -464
  381.4000	             -425
  381.4200	             -445
  381.4400	             -399
  381.4600	             -447
  381.4800	             -443
  381.5000	             -436
  381.5200	             -474
  381.5400	             -420
  381.5600	             -444
  381.5800	             -438
  381.6000	             -397
  381.6200	             -433
  381.6400	             -413
  381.6600	             -427
  381.6800	             -476
  381.7000	             -456
  381.7200	             -463
  381.7400	             -457
  381.7600	             -461
  381.7800	             -465
  381.8000	             -474
  381.8200	             -425
  381.8400	             -465
  381.8600	             -474
  381.8800	             -436
  381.9000	             -447
  381.9200	             -438
  381.9400	             -431
  381.9600	             -444
  381.9800	             -438
  382.0000	             -451
