  370.0000	             -279
  370.0200	             -203
  370.0400	             -152
  370.0600	             -283
  370.0800	             -313
  370.1000	             -246
  370.1200	             -201
  370.1400	             -130
  370.1600	             -289
  370.1800	             -385
  370.2000	             -241
  370.2200	               32
  370.2400	              -96
  370.2600	             -252
  370.2800	             -309
  370.3000	             -177
  370.3200	              -56
  370.3400	             -288
  370.3600	             -406
  370.3800	             -313
  370.4000	             -124
  370.4200	             -128
  370.4400	             -217
  370.4600	             -189
  370.4800	              -47
  370.5000	              -76
  370.5200	             -111
  370.5400	             -209
  370.5600	             -250
  370.5800	             -195
  370.6000	             -217
  370.6200	             -341
  370.6400	             -336
  370.6600	             -253
  370.6800	             -256
  370.7000	             -209
  370.7200	             -153
  370.7400	             -164
  370.7600	             -124
  370.7800	              -56
  370.8000	             -101
  370.8200	             -209
  370.8400	              -47
  370.8600	              -47
  370.8800	              -44
  370.9000	              108
  370.9200	              112
  370.9400	              265
  370.9600	              525
  370.9800	              896
  371.0000	              740
  371.0200	              399
  371.0400	              465
  371.0600	              314
  371.0800	              130
  371.1000	              102
  371.1200	             -193
  371.1400	             -343
  371.1600	             -348
  371.1800	             -312
  371.2000	             -345
  371.2200	             -330
  371.2400	             -343
  371.2600	             -400
  371.2800	             -421
  371.3000	             -452
  371.3200	             -445
  371.3400	             -397
  371.3600	             -452
  371.3800	             -412
  371.4000	             -340
  371.4200	             -322
  371.4400	             -273
  371.4600	             -230
  371.4800	             -279
  371.5000	             -406
  371.5200	             -463
  371.5400	             -446
  371.5600	             -427
  371.5800	             -434
  371.6000	             -362
  371.6200	             -339
  371.6400	             -367
  371.6600	             -323
  371.6800	             -301
  371.7000	             -370
  371.7200	             -390
  371.7400	             -392
  371.7600	             -408
  371.7800	             -319
  371.8000	             -313
  371.8200	             -280
  371.8400	             -293
  371.8600	             -321
  371.8800	             -283
  371.9000	             -319
  371.9200	             -369
  371.9400	             -398
  371.9600	             -431
  371.9800	             -406
  372.0000	             -412
  372.0200	             -304
  372.0400	             -316
  372.0600	             -338
  372.0800	             -272
  372.1000	             -187
  372.1200	             -231
  372.1400	             -362
  372.1600	             -390
  372.1800	             -397
  372.2000	             -436
  372.2200	             -339
  372.2400	             -299
  372.2600	             -300
  372.2800	             -285
  372.3000	             -259
  372.3200	             -307
  372.3400	             -400
  372.3600	             -385
  372.3800	             -413
  372.4000	             -322
  372.4200	             -225
  372.4400	             -264
  372.4600	             -291
  372.4800	             -298
  372.5000	             -287
  372.5200	             -295
  372.5400	             -407
  372.5600	             -466
  372.5800	             -454
  372.6000	             -325
  372.6200	             -325
  372.6400	             -352
  372.6600	             -290
  372.6800	             -272
  372.7000	             -203
  372.7200	             -253
  372.7400	             -279
  372.7600	             -322
  372.7800	             -345
  372.8000	             -288
  372.8200	             -338
  372.8400	             -285
  372.8600	             -245
  372.8800	             -253
  372.9000	             -295
  372.9200	             -404
  372.9400	             -428
  372.9600	             -266
  372.9800	             -254
  373.0000	             -243
  373.0200	             -143
  373.0400	             -107
  373.0600	             -165
  373.0800	             -291
  373.1000	             -398
  373.1200	             -319
  373.1400	             -251
  373.1600	             -307
  373.1800	             -253
  373.2000	             -223
  373.2200	             -226
  373.2400	             -202
  373.2600	             -353
  373.2800	             -289
  373.3000	             -162
  373.3200	             -186
  373.3400	             -187
  373.3600	              -96
  373.3800	             -211
  373.4000	             -198
  373.4200	             -228
  373.4400	             -286
  373.4600	             -222
  373.4800	             -343
  373.5000	             -224
  373.5200	             -158
  373.5400	             -211
  373.5600	             -131
  373.5800	             -179
  373.6000	              -47
  373.6200	               22
  373.6400	             -175
  373.6600	             -145
  373.6800	             -191
  373.7000	             -154
  373.7200	              -90
  373.7400	              -43
  373.7600	             -104
  373.7800	             -321
  373.8000	             -245
  373.8200	              -52
  373.8400	             -219
  373.8600	              -69
  373.8800	              193
  373.9000	               87
  373.9200	             -187
  373.9400	             -170
  373.9600	              -12
  373.9800	             -191
  374.0000	              -43
  374.0200	              226
  374.0400	              -47
  374.0600	             -390
  374.0800	              -93
  374.1000	              -26
  374.1200	             -207
  374.1400	              206
  374.1600	              406
  374.1800	              -17
  374.2000	             -144
  374.2200	              142
  374.2400	              113
  374.2600	              117
  374.2800	              339
  374.3000	              -70
  374.3200	             -322
  374.3400	               59
  374.3600	               92
  374.3800	              138
  374.4000	              305
  374.4200	              102
  374.4400	              -99
  374.4600	              206
  374.4800	              497
  374.5000	              274
  374.5200	              105
  374.5400	               57
  374.5600	               59
  374.5800	              425
  374.6000	              356
  374.6200	              -47
  374.6400	              -12
  374.6600	              146
  374.6800	              494
  374.7000	              531
  374.7200	               -1
  374.7400	              115
  374.7600	              526
  374.7800	              736
  374.8000	              203
  374.8200	             -221
  374.8400	               89
  374.8600	              692
  374.8800	              629
  374.9000	              -74
  374.9200	              -44
  374.9400	              504
  374.9600	              742
  374.9800	              363
  375.0000	              309
  375.0200	              553
  375.0400	              489
  375.0600	              333
  375.0800	              238
  375.1000	              320
  375.1200	              371
  375.1400	              377
  375.1600	              316
  375.1800	              366
  375.2000	              363
  375.2200	              514
  375.2400	              607
  375.2600	              620
  375.2800	              505
  375.3000	              478
  375.3200	              721
  375.3400	              704
  375.3600	             1056
  375.3800	             1058
  375.4000	             1085
  375.4200	             1470
  375.4400	             1876
  375.4600	             3039
  375.4800	             3712
  375.5000	             2842
  375.5200	             2653
  375.5400	             2348
  375.5600	             1404
  375.5800	             1020
  375.6000	              -67
  375.6200	             -417
  375.6400	             -388
  375.6600	             -414
  375.6800	             -431
  375.7000	             -299
  375.7200	             -272
  375.7400	             -249
  375.7600	             -155
  375.7800	             -223
  375.8000	             -313
  375.8200	             -373
  375.8400	             -438
  375.8600	             -413
  375.8800	             -446
  375.9000	             -462
  375.9200	             -408
  375.9400	             -291
  375.9600	             -253
  375.9800	             -249
  376.0000	             -212
  376.0200	             -229
  376.0400	             -394
  376.0600	             -439
  376.0800	             -406
  376.1000	             -428
  376.1200	             -415
  376.1400	             -468
  376.1600	             -364
  376.1800	             -260
  376.2000	             -216
  376.2200	             -205
  376.2400	             -165
  376.2600	             -246
  376.2800	             -352
  376.3000	             -482
  376.3200	             -433
  376.3400	             -479
  376.3600	             -455
  376.3800	             -426
  376.4000	             -307
  376.4200	             -230
  376.4400	             -246
  376.4600	             -194
  376.4800	             -200
  376.5000	             -352
  376.5200	             -406
  376.5400	             -404
  376.5600	             -434
  376.5800	             -466
  376.6000	             -450
  376.6200	             -236
  376.6400	             -206
  376.6600	             -203
  376.6800	             -129
  376.7000	             -150
  376.7200	             -295
  376.7400	             -424
  376.7600	             -449
  376.7800	             -437
  376.8000	             -423
  376.8200	             -349
  376.8400	             -242
  376.8600	             -203
  376.8800	             -187
  376.9000	             -122
  376.9200	             -151
  376.9400	             -317
  376.9600	             -411
  376.9800	             -458
  377.0000	             -459
  377.0200	             -453
  377.0400	             -272
  377.0600	             -217
  377.0800	             -151
  377.1000	              -78
  377.1200	              -82
  377.1400	             -191
  377.1600	             -430
  377.1800	             -447
  377.2000	             -423
  377.2200	             -419
  377.2400	             -221
  377.2600	             -220
  377.2800	             -220
  377.3000	              -99
  377.3200	             -121
  377.3400	             -171
  377.3600	             -348
  377.3800	             -449
  377.4000	             -425
  377.4200	             -423
  377.4400	             -175
  377.4600	             -180
  377.4800	             -125
  377.5000	              -47
  377.5200	               52
  377.5400	             -141
  377.5600	             -403
  377.5800	             -445
  377.6000	             -432
  377.6200	             -272
  377.6400	             -135
  377.6600	             -204
  377.6800	              -42
  377.7000	              -58
  377.7200	              -34
  377.7400	             -218
  377.7600	             -412
  377.7800	             -381
  377.8000	             -291
  377.8200	             -103
  377.8400	             -191
  377.8600	               58
  377.8800	               64
  377.9000	               97
  377.9200	              -83
  377.9400	             -417
  377.9600	             -397
  377.9800	             -216
  378.0000	              -47
  378.0200	             -206
  378.0400	               71
  378.0600	               75
  378.0800	               63
  378.1000	               18
  378.1200	             -366
  378.1400	             -338
  378.1600	              -27
  378.1800	             -122
  378.2000	             -170
  378.2200	              115
  378.2400	               83
  378.2600	              134
  378.2800	             -167
  378.3000	             -350
  378.3200	               44
  378.3400	                8
  378.3600	             -209
  378.3800	              126
  378.4000	               97
  378.4200	              102
  378.4400	               82
  378.4600	             -252
  378.4800	              109
  378.5000	               65
  378.5200	             -241
  378.5400	              177
  378.5600	              149
  378.5800	              157
  378.6000	              169
  378.6200	              -39
  378.6400	              156
  378.6600	             -175
  378.6800	             -112
  378.7000	              271
  378.7200	               88
  378.7400	              215
  378.7600	              286
  378.7800	              251
  378.8000	               80
  378.8200	             -272
  378.8400	              286
  378.8600	              298
  378.8800	              101
  378.9000	              534
  378.9200	              588
  378.9400	               71
  378.9600	             -223
  378.9800	              290
  379.0000	              339
  379.0200	               53
  379.0400	              809
  379.0600	              825
  379.0800	             -159
  379.1000	             -171
  379.1200	              454
  379.1400	              342
  379.1600	              341
  379.1800	             1119
  379.2000	              507
  379.2200	             -320
  379.2400	              290
  379.2600	              561
  379.2800	              308
  379.3000	             1006
  379.3200	              692
  379.3400	             -137
  379.3600	              212
  379.3800	              655
  379.4000	              902
  379.4200	              878
  379.4400	              486
  379.4600	               49
  379.4800	              395
  379.5000	              916
  379.5200	              816
  379.5400	              520
  379.5600	              379
  379.5800	              360
  379.6000	             1142
  379.6200	             1243
  379.6400	              326
  379.6600	              344
  379.6800	              616
  379.7000	             1337
  379.7200	             1196
  379.7400	              125
  379.7600	              174
  379.7800	             1052
  379.8000	             1582
  379.8200	              741
  379.8400	               87
  379.8600	              662
  379.8800	             1597
  379.9000	             1251
  379.9200	              259
  379.9400	              658
  379.9600	             1274
  379.9800	             1177
  380.0000	              673
  380.0200	              950
  380.0400	             1082
  380.0600	              943
  380.0800	             1002
  380.1000	             1010
  380.1200	              999
  380.1400	              981
  380.1600	             1133
  380.1800	             1034
  380.2000	              888
  380.2200	             1053
  380.2400	             1069
  380.2600	             1403
  380.2800	             1593
  380.3000	             2036
  380.3200	             2117
  380.3400	             2175
  380.3600	             2467
  380.3800	             2844
  380.4000	             4353
  380.4200	             6093
  380.4400	             6954
  380.4600	             5235
  380.4800	             4910
  380.5000	             3733
  380.5200	             2646
  380.5400	             1033
  380.5600	             -324
  380.5800	             -355
  380.6000	             -397
  380.6200	             -440
  380.6400	             -425
  380.6600	             -431
  380.6800	             -418
  380.7000	             -417
  380.7200	             -426
  380.7400	             -409
  380.7600	             -439
  380.7800	             -392
  380.8000	             -401
  380.8200	             -420
  380.8400	             -432
  380.8600	             -432
  380.8800	             -453
  380.9000	             -450
  380.9200	             -443
  380.9400	             -464
  380.9600	             -460
  380.9800	             -469
  381.0000	             -440
  381.0200	             -456
  381.0400	             -461
  381.0600	             -479
  381.0800	             -418
  381.1000	             -461
  381.1200	             -438
  381.1400	             -419
  381.1600	             -466
  381.1800	             -413
  381.2000	             -450
  381.2200	             -406
  381.2400	             -465
  381.2600	             -413
  381.2800	             -431
  381.3000	             -464
  381.3200	             -466
  381.3400	             -460
  381.3600	             -461
  381.3800	             -439
  381.4000	             -436
  381.4200	             -438
  381.4400	             -438
  381.4600	             -438
  381.4800	             -448
  381.5000	             -452
  381.5200	             -464
  381.5400	             -481
  381.5600	             -417
  381.5800	             -464
  381.6000	             -406
  381.6200	             -434
  381.6400	             -449
  381.6600	             -438
  381.6800	             -441
  381.7000	             -447
  381.7200	             -445
  381.7400	             -461
  381.7600	             -422
  381.7800	             -436
  381.8000	             -418
  381.8200	             -460
  381.8400	             -453
  381.8600	             -461
  381.8800	             -439
  381.9000	             -410
  381.9200	             -438
  381.9400	             -455
  381.9600	             -461
  381.9800	             -417
  382.0000	             -448
