  370.0000	             -134
  370.0200	               38
  370.0400	               77
  370.0600	             -236
  370.0800	             -181
  370.1000	              -47
  370.1200	               99
  370.1400	               80
  370.1600	             -233
  370.1800	             -291
  370.2000	              -30
  370.2200	              260
  370.2400	              123
  370.2600	             -202
  370.2800	             -229
  370.3000	               81
  370.3200	              189
  370.3400	             -212
  370.3600	             -276
  370.3800	             -161
  370.4000	              175
  370.4200	              109
  370.4400	             -174
  370.4600	               77
  370.4800	              259
  370.5000	              189
  370.5200	               85
  370.5400	               62
  370.5600	               -2
  370.5800	              134
  370.6000	              -37
  370.6200	             -243
  370.6400	             -221
  370.6600	              -54
  370.6800	             -106
  370.7000	               62
  370.7200	              114
  370.7400	              161
  370.7600	              189
  370.7800	              216
  370.8000	              192
  370.8200	               65
  370.8400	              226
  370.8600	              216
  370.8800	              298
  370.9000	              458
  370.9200	              529
  370.9400	              727
  370.9600	             1243
  370.9800	             1790
  371.0000	             1539
  371.0200	              926
  371.0400	             1103
  371.0600	              748
  371.0800	              488
  371.1000	              457
  371.1200	              -50
  371.1400	             -216
  371.1600	             -219
  371.1800	             -229
  371.2000	             -240
  371.2200	             -287
  371.2400	             -249
  371.2600	             -311
  371.2800	             -415
  371.3000	             -431
  371.3200	             -423
  371.3400	             -419
  371.3600	             -383
  371.3800	             -350
  371.4000	             -250
  371.4200	             -250
  371.4400	             -175
  371.4600	              -47
  371.4800	             -132
  371.5000	             -305
  371.5200	             -431
  371.5400	             -424
  371.5600	             -401
  371.5800	             -394
  371.6000	             -297
  371.6200	             -260
  371.6400	             -229
  371.6600	             -230
  371.6800	             -206
  371.7000	             -269
  371.7200	             -389
  371.7400	             -393
  371.7600	             -318
  371.7800	             -268
  371.8000	             -227
  371.8200	             -194
  371.8400	             -178
  371.8600	             -230
  371.8800	             -184
  371.9000	             -178
  371.9200	             -266
  371.9400	             -374
  371.9600	             -392
  371.9800	             -417
  372.0000	             -357
  372.0200	             -157
  372.0400	             -124
  372.0600	             -184
  372.0800	              -78
  372.1000	               96
  372.1200	              -47
  372.1400	             -262
  372.1600	             -407
  372.1800	             -389
  372.2000	             -373
  372.2200	             -249
  372.2400	             -216
  372.2600	             -193
  372.2800	             -143
  372.3000	              -47
  372.3200	             -160
  372.3400	             -346
  372.3600	             -407
  372.3800	             -352
  372.4000	             -177
  372.4200	               -9
  372.4400	              -76
  372.4600	             -113
  372.4800	             -111
  372.5000	              -79
  372.5200	             -171
  372.5400	             -325
  372.5600	             -418
  372.5800	             -358
  372.6000	             -196
  372.6200	             -221
  372.6400	             -201
  372.6600	             -141
  372.6800	              -47
  372.7000	               76
  372.7200	              -55
  372.7400	             -199
  372.7600	             -294
  372.7800	             -207
  372.8000	             -106
  372.8200	             -177
  372.8400	             -175
  372.8600	             -137
  372.8800	                6
  372.9000	             -222
  372.9200	             -360
  372.9400	             -369
  372.9600	              -47
  372.9800	              -86
  373.0000	              -36
  373.0200	              240
  373.0400	              228
  373.0600	              204
  373.0800	             -166
  373.1000	             -369
  373.1200	             -225
  373.1400	             -106
  373.1600	             -243
  373.1800	               -6
  373.2000	               38
  373.2200	               72
  373.2400	                6
  373.2600	             -265
  373.2800	             -154
  373.3000	              143
  373.3200	               75
  373.3400	              120
  373.3600	              244
  373.3800	               86
  373.4000	              122
  373.4200	             -137
  373.4400	             -121
  373.4600	              102
  373.4800	             -225
  373.5000	               29
  373.5200	              163
  373.5400	              -17
  373.5600	              150
  373.5800	              117
  373.6000	              272
  373.6200	              336
  373.6400	               59
  373.6600	              127
  373.6800	               87
  373.7000	              112
  373.7200	              248
  373.7400	              345
  373.7600	              196
  373.7800	             -257
  373.8000	               96
  373.8200	              241
  373.8400	               56
  373.8600	              275
  373.8800	              658
  373.9000	              491
  373.9200	               39
  373.9400	              163
  373.9600	              306
  373.9800	               94
  374.0000	              379
  374.0200	              740
  374.0400	              177
  374.0600	             -280
  374.0800	              176
  374.1000	              338
  374.1200	              -17
  374.1400	              696
  374.1600	             1025
  374.1800	              208
  374.2000	              193
  374.2200	              636
  374.2400	              413
  374.2600	              540
  374.2800	              911
  374.3000	              167
  374.3200	             -250
  374.3400	              372
  374.3600	              516
  374.3800	              546
  374.4000	              802
  374.4200	              355
  374.4400	              220
  374.4600	              732
  374.4800	             1184
  374.5000	              668
  374.5200	              409
  374.5400	              315
  374.5600	              333
  374.5800	             1020
  374.6000	              829
  374.6200	              272
  374.6400	              383
  374.6600	              597
  374.6800	             1210
  374.7000	             1102
  374.7200	              367
  374.7400	              583
  374.7600	             1236
  374.7800	             1457
  374.8000	              539
  374.8200	                6
  374.8400	              633
  374.8600	             1459
  374.8800	             1211
  374.9000	              177
  374.9200	              255
  374.9400	             1219
  374.9600	             1411
  374.9800	              820
  375.0000	              927
  375.0200	             1303
  375.0400	             1090
  375.0600	              817
  375.0800	              830
  375.1000	              857
  375.1200	              902
  375.1400	              950
  375.1600	              864
  375.1800	              934
  375.2000	              881
  375.2200	             1182
  375.2400	             1351
  375.2600	             1474
  375.2800	             1205
  375.3000	             1116
  375.3200	             1446
  375.3400	             1403
  375.3600	             2043
  375.3800	             1864
  375.4000	             2038
  375.4200	             2544
  375.4400	             3315
  375.4600	             5195
  375.4800	             5927
  375.5000	             4400
  375.5200	             4442
  375.5400	             3576
  375.5600	             2324
  375.5800	             1713
  375.6000	               67
  375.6200	             -349
  375.6400	             -350
  375.6600	             -395
  375.6800	             -378
  375.7000	             -206
  375.7200	              -47
  375.7400	               66
  375.7600	              100
  375.7800	               39
  375.8000	             -279
  375.8200	             -391
  375.8400	             -386
  375.8600	             -381
  375.8800	             -451
  375.9000	             -439
  375.9200	             -355
  375.9400	             -206
  375.9600	              -47
  375.9800	              -40
  376.0000	               94
  376.0200	              -48
  376.0400	             -348
  376.0600	             -384
  376.0800	             -408
  376.1000	             -421
  376.1200	             -408
  376.1400	             -399
  376.1600	             -301
  376.1800	             -160
  376.2000	               83
  376.2200	               78
  376.2400	              105
  376.2600	              -72
  376.2800	             -350
  376.3000	             -445
  376.3200	             -431
  376.3400	             -392
  376.3600	             -409
  376.3800	             -366
  376.4000	             -111
  376.4200	                0
  376.4400	               65
  376.4600	              107
  376.4800	               67
  376.5000	             -262
  376.5200	             -444
  376.5400	             -430
  376.5600	             -386
  376.5800	             -415
  376.6000	             -312
  376.6200	              -83
  376.6400	              126
  376.6600	              116
  376.6800	              202
  376.7000	              167
  376.7200	             -210
  376.7400	             -441
  376.7600	             -391
  376.7800	             -356
  376.8000	             -404
  376.8200	             -284
  376.8400	              -45
  376.8600	               90
  376.8800	              130
  376.9000	              161
  376.9200	              114
  376.9400	             -260
  376.9600	             -431
  376.9800	             -421
  377.0000	             -410
  377.0200	             -320
  377.0400	              -63
  377.0600	               88
  377.0800	              140
  377.1000	              238
  377.1200	              253
  377.1400	               61
  377.1600	             -357
  377.1800	             -377
  377.2000	             -386
  377.2200	             -359
  377.2400	               47
  377.2600	               38
  377.2800	               89
  377.3000	              221
  377.3200	              247
  377.3400	              106
  377.3600	             -316
  377.3800	             -404
  377.4000	             -398
  377.4200	             -283
  377.4400	               90
  377.4600	               87
  377.4800	              189
  377.5000	              320
  377.5200	              312
  377.5400	              148
  377.5600	             -296
  377.5800	             -406
  377.6000	             -358
  377.6200	               43
  377.6400	              150
  377.6600	               84
  377.6800	              308
  377.7000	              239
  377.7200	              352
  377.7400	               -6
  377.7600	             -358
  377.7800	             -408
  377.8000	               31
  377.8200	              220
  377.8400	              108
  377.8600	              324
  377.8800	              409
  377.9000	              470
  377.9200	              156
  377.9400	             -358
  377.9600	             -377
  377.9800	              132
  378.0000	              241
  378.0200	              -18
  378.0400	              434
  378.0600	              376
  378.0800	              491
  378.1000	              266
  378.1200	             -295
  378.1400	             -178
  378.1600	              315
  378.1800	              155
  378.2000	              266
  378.2200	              608
  378.2400	              405
  378.2600	              580
  378.2800	               66
  378.3000	             -220
  378.3200	              324
  378.3400	              245
  378.3600	              -33
  378.3800	              610
  378.4000	              440
  378.4200	              583
  378.4400	              466
  378.4600	              -98
  378.4800	              523
  378.5000	              346
  378.5200	              -14
  378.5400	              693
  378.5600	              523
  378.5800	              648
  378.6000	              561
  378.6200	              320
  378.6400	              567
  378.6600	                1
  378.6800	              302
  378.7000	              852
  378.7200	              395
  378.7400	              730
  378.7600	              784
  378.7800	              648
  378.8000	              283
  378.8200	              -47
  378.8400	              864
  378.8600	              871
  378.8800	              595
  378.9000	             1298
  378.9200	             1167
  378.9400	              241
  378.9600	              -47
  378.9800	              908
  379.0000	              863
  379.0200	              424
  379.0400	             1726
  379.0600	             1489
  379.0800	               -6
  379.1000	              194
  379.1200	             1130
  379.1400	              854
  379.1600	             1136
  379.1800	             2064
  379.2000	              822
  379.2200	             -166
  379.2400	              908
  379.2600	             1159
  379.2800	              836
  379.3000	             1970
  379.3200	             1148
  379.3400	              -34
  379.3600	              801
  379.3800	             1420
  379.4000	             1436
  379.4200	             1692
  379.4400	             1010
  379.4600	              344
  379.4800	             1077
  379.5000	             1893
  379.5200	             1502
  379.5400	             1075
  379.5600	              918
  379.5800	              954
  379.6000	             2218
  379.6200	             2069
  379.6400	              759
  379.6600	              999
  379.6800	             1430
  379.7000	             2474
  379.7200	             2022
  379.7400	              515
  379.7600	              681
  379.7800	             2138
  379.8000	             2636
  379.8200	             1222
  379.8400	              478
  379.8600	             1581
  379.8800	             2816
  379.9000	             2023
  379.9200	              664
  379.9400	             1555
  379.9600	             2351
  379.9800	             1975
  380.0000	             1254
  380.0200	             1910
  380.0400	             2011
  380.0600	             1798
  380.0800	             1868
  380.1000	             1923
  380.1200	             1895
  380.1400	             1896
  380.1600	             2206
  380.1800	             2053
  380.2000	             1769
  380.2200	             2088
  380.2400	             1981
  380.2600	             2572
  380.2800	             2911
  380.3000	             3603
  380.3200	             3466
  380.3400	             3711
  380.3600	             4147
  380.3800	             4718
  380.4000	             6648
  380.4200	             9546
  380.4400	            10458
  380.4600	             7873
  380.4800	             7524
  380.5000	             5452
  380.5200	             4000
  380.5400	             1412
  380.5600	             -302
  380.5800	             -341
  380.6000	             -379
  380.6200	             -324
  380.6400	             -377
  380.6600	             -336
  380.6800	             -366
  380.7000	             -411
  380.7200	             -415
  380.7400	             -408
  380.7600	             -397
  380.7800	             -331
  380.8000	             -355
  380.8200	             -373
  380.8400	             -428
  380.8600	             -407
  380.8800	             -408
  380.9000	             -398
  380.9200	             -431
  380.9400	             -412
  380.9600	             -390
  380.9800	             -408
  381.0000	             -419
  381.0200	             -397
  381.0400	             -397
  381.0600	             -452
  381.0800	             -394
  381.1000	             -386
  381.1200	             -377
  381.1400	             -412
  381.1600	             -403
  381.1800	             -419
  381.2000	             -423
  381.2200	             -430
  381.2400	             -419
  381.2600	             -423
  381.2800	             -448
  381.3000	             -433
  381.3200	             -428
  381.3400	             -410
  381.3600	             -444
  381.3800	             -442
  381.4000	             -406
  381.4200	             -450
  381.4400	             -443
  381.4600	             -430
  381.4800	             -415
  381.5000	             -417
  381.5200	             -447
  381.5400	             -408
  381.5600	             -452
  381.5800	             -442
  381.6000	             -395
  381.6200	             -422
  381.6400	             -439
  381.6600	             -406
  381.6800	             -428
  381.7000	             -416
  381.7200	             -445
  381.7400	             -381
  381.7600	             -450
  381.7800	             -405
  381.8000	             -431
  381.8200	             -423
  381.8400	             -450
  381.8600	             -413
  381.8800	             -437
  381.9000	             -417
  381.9200	             -443
  381.9400	             -441
  381.9600	             -381
  381.9800	             -456
  382.0000	             -446
