  370.0000	              -91
  370.0200	              116
  370.0400	              167
  370.0600	             -174
  370.0800	             -156
  370.1000	                4
  370.1200	              149
  370.1400	              167
  370.1600	             -146
  370.1800	             -226
  370.2000	              -17
  370.2200	              315
  370.2400	              242
  370.2600	             -106
  370.2800	             -150
  370.3000	              133
  370.3200	              287
  370.3400	             -141
  370.3600	             -280
  370.3800	             -101
  370.4000	              239
  370.4200	              190
  370.4400	              -17
  370.4600	              131
  370.4800	              299
  370.5000	              306
  370.5200	              196
  370.5400	               58
  370.5600	               77
  370.5800	              171
  370.6000	                7
  370.6200	             -210
  370.6400	             -183
  370.6600	              -29
  370.6800	              -84
  370.7000	               78
  370.7200	              180
  370.7400	              192
  370.7600	              254
  370.7800	              322
  370.8000	              299
  370.8200	               90
  370.8400	              241
  370.8600	              286
  370.8800	              340
  370.9000	              577
  370.9200	              558
  370.9400	              842
  370.9600	             1330
  370.9800	             1908
  371.0000	             1752
  371.0200	             1082
  371.0400	             1214
  371.0600	              871
  371.0800	              489
  371.1000	              551
  371.1200	               75
  371.1400	             -194
  371.1600	             -184
  371.1800	             -198
  371.2000	             -224
  371.2200	             -207
  371.2400	             -254
  371.2600	             -268
  371.2800	             -350
  371.3000	             -368
  371.3200	             -399
  371.3400	             -378
  371.3600	             -390
  371.3800	             -275
  371.4000	             -210
  371.4200	             -170
  371.4400	              -70
  371.4600	               74
  371.4800	              -86
  371.5000	             -283
  371.5200	             -381
  371.5400	             -418
  371.5600	             -384
  371.5800	             -344
  371.6000	             -281
  371.6200	             -188
  371.6400	             -220
  371.6600	             -180
  371.6800	             -145
  371.7000	             -199
  371.7200	             -342
  371.7400	             -362
  371.7600	             -258
  371.7800	             -206
  371.8000	             -170
  371.8200	             -103
  371.8400	             -115
  371.8600	             -140
  371.8800	              -80
  371.9000	              -77
  371.9200	             -202
  371.9400	             -318
  371.9600	             -403
  371.9800	             -394
  372.0000	             -363
  372.0200	             -132
  372.0400	              -42
  372.0600	              -93
  372.0800	               66
  372.1000	              184
  372.1200	               74
  372.1400	             -191
  372.1600	             -386
  372.1800	             -375
  372.2000	             -390
  372.2200	             -154
  372.2400	             -123
  372.2600	             -148
  372.2800	              -84
  372.3000	               18
  372.3200	              -85
  372.3400	             -272
  372.3600	             -381
  372.3800	             -317
  372.4000	              -78
  372.4200	              173
  372.4400	              134
  372.4600	                4
  372.4800	              -23
  372.5000	              107
  372.5200	              -26
  372.5400	             -336
  372.5600	             -405
  372.5800	             -330
  372.6000	              -81
  372.6200	              -70
  372.6400	             -152
  372.6600	                0
  372.6800	              113
  372.7000	              190
  372.7200	              114
  372.7400	             -138
  372.7600	             -232
  372.7800	             -133
  372.8000	              -32
  372.8200	              -77
  372.8400	              -20
  372.8600	               27
  372.8800	              142
  372.9000	             -106
  372.9200	             -344
  372.9400	             -339
  372.9600	              108
  372.9800	              105
  373.0000	               82
  373.0200	              446
  373.0400	              411
  373.0600	              391
  373.0800	              -33
  373.1000	             -335
  373.1200	             -149
  373.1400	               38
  373.1600	             -145
  373.1800	               92
  373.2000	              144
  373.2200	              149
  373.2400	              177
  373.2600	             -150
  373.2800	             -103
  373.3000	              313
  373.3200	              207
  373.3400	              276
  373.3600	              477
  373.3800	              221
  373.4000	              279
  373.4200	               22
  373.4400	               36
  373.4600	              179
  373.4800	             -175
  373.5000	              147
  373.5200	              392
  373.5400	              168
  373.5600	              360
  373.5800	              212
  373.6000	              514
  373.6200	              579
  373.6400	              195
  373.6600	              320
  373.6800	              200
  373.7000	              273
  373.7200	              469
  373.7400	              587
  373.7600	              419
  373.7800	             -221
  373.8000	              161
  373.8200	              500
  373.8400	              209
  373.8600	              453
  373.8800	             1027
  373.9000	              753
  373.9200	              179
  373.9400	              351
  373.9600	              603
  373.9800	              264
  374.0000	              583
  374.0200	             1125
  374.0400	              391
  374.0600	             -247
  374.0800	              367
  374.1000	              611
  374.1200	              156
  374.1400	             1009
  374.1600	             1465
  374.1800	              420
  374.2000	              330
  374.2200	              960
  374.2400	              675
  374.2600	              776
  374.2800	             1283
  374.3000	              376
  374.3200	             -171
  374.3400	              641
  374.3600	              774
  374.3800	              824
  374.4000	             1180
  374.4200	              697
  374.4400	              441
  374.4600	             1151
  374.4800	             1710
  374.5000	             1115
  374.5200	              703
  374.5400	              559
  374.5600	              558
  374.5800	             1378
  374.6000	             1263
  374.6200	              457
  374.6400	              631
  374.6600	              862
  374.6800	             1610
  374.7000	             1649
  374.7200	              733
  374.7400	              915
  374.7600	             1729
  374.7800	             2026
  374.8000	              900
  374.8200	              149
  374.8400	              749
  374.8600	             2062
  374.8800	             1683
  374.9000	              394
  374.9200	              549
  374.9400	             1654
  374.9600	             1974
  374.9800	             1380
  375.0000	             1369
  375.0200	             1877
  375.0400	             1557
  375.0600	             1221
  375.0800	             1171
  375.1000	             1308
  375.1200	             1282
  375.1400	             1367
  375.1600	             1279
  375.1800	             1413
  375.2000	             1450
  375.2200	             1788
  375.2400	             2011
  375.2600	             2142
  375.2800	             1813
  375.3000	             1650
  375.3200	             2157
  375.3400	             1972
  375.3600	             2822
  375.3800	             2674
  375.4000	             2847
  375.4200	             3452
  375.4400	             4400
  375.4600	             6696
  375.4800	             7734
  375.5000	             5884
  375.5200	             5763
  375.5400	             4836
  375.5600	             3197
  375.5800	             2387
  375.6000	              230
  375.6200	             -323
  375.6400	             -286
  375.6600	             -366
  375.6800	             -289
  375.7000	              -30
  375.7200	              144
  375.7400	              214
  375.7600	              345
  375.7800	              208
  375.8000	             -179
  375.8200	             -320
  375.8400	             -327
  375.8600	             -333
  375.8800	             -333
  375.9000	             -391
  375.9200	             -323
  375.9400	              -28
  375.9600	              157
  375.9800	              207
  376.0000	              314
  376.0200	              171
  376.0400	             -209
  376.0600	             -345
  376.0800	             -407
  376.1000	             -368
  376.1200	             -385
  376.1400	             -394
  376.1600	             -229
  376.1800	              129
  376.2000	              261
  376.2200	              338
  376.2400	              423
  376.2600	              171
  376.2800	             -263
  376.3000	             -379
  376.3200	             -375
  376.3400	             -410
  376.3600	             -401
  376.3800	             -319
  376.4000	               74
  376.4200	              176
  376.4400	              252
  376.4600	              335
  376.4800	              345
  376.5000	             -129
  376.5200	             -394
  376.5400	             -376
  376.5600	             -355
  376.5800	             -362
  376.6000	             -269
  376.6200	              122
  376.6400	              322
  376.6600	              348
  376.6800	              488
  376.7000	              480
  376.7200	              -17
  376.7400	             -343
  376.7600	             -377
  376.7800	             -368
  376.8000	             -388
  376.8200	             -182
  376.8400	              200
  376.8600	              217
  376.8800	              418
  376.9000	              461
  376.9200	              498
  376.9400	             -124
  376.9600	             -330
  376.9800	             -359
  377.0000	             -395
  377.0200	             -333
  377.0400	              149
  377.0600	              307
  377.0800	              439
  377.1000	              532
  377.1200	              608
  377.1400	              308
  377.1600	             -290
  377.1800	             -365
  377.2000	             -370
  377.2200	             -311
  377.2400	              200
  377.2600	              316
  377.2800	              345
  377.3000	              556
  377.3200	              581
  377.3400	              476
  377.3600	             -198
  377.3800	             -376
  377.4000	             -380
  377.4200	             -287
  377.4400	              339
  377.4600	              354
  377.4800	              484
  377.5000	              667
  377.5200	              743
  377.5400	              519
  377.5600	             -197
  377.5800	             -320
  377.6000	             -340
  377.6200	              168
  377.6400	              459
  377.6600	              304
  377.6800	              741
  377.7000	              731
  377.7200	              776
  377.7400	              267
  377.7600	             -298
  377.7800	             -342
  377.8000	               75
  377.8200	              562
  377.8400	              276
  377.8600	              774
  377.8800	              840
  377.9000	              955
  377.9200	              549
  377.9400	             -256
  377.9600	             -320
  377.9800	              289
  378.0000	              575
  378.0200	              188
  378.0400	              861
  378.0600	              782
  378.0800	              969
  378.1000	              672
  378.1200	             -218
  378.1400	             -141
  378.1600	              666
  378.1800	              466
  378.2000	              480
  378.2200	             1070
  378.2400	              767
  378.2600	             1172
  378.2800	              343
  378.3000	             -197
  378.3200	              712
  378.3400	              594
  378.3600	              169
  378.3800	             1079
  378.4000	              928
  378.4200	              992
  378.4400	              932
  378.4600	               -3
  378.4800	              839
  378.5000	              694
  378.5200	              120
  378.5400	             1207
  378.5600	             1197
  378.5800	             1055
  378.6000	             1111
  378.6200	              588
  378.6400	              997
  378.6600	              285
  378.6800	              493
  378.7000	             1401
  378.7200	              850
  378.7400	             1257
  378.7600	             1300
  378.7800	             1168
  378.8000	              677
  378.8200	               61
  378.8400	             1368
  378.8600	             1406
  378.8800	              960
  378.9000	             1896
  378.9200	             1910
  378.9400	              538
  378.9600	              113
  378.9800	             1430
  379.0000	             1537
  379.0200	              811
  379.0400	             2418
  379.0600	             2324
  379.0800	              199
  379.1000	              285
  379.1200	             1652
  379.1400	             1489
  379.1600	             1436
  379.1800	             3033
  379.2000	             1434
  379.2200	              -17
  379.2400	             1334
  379.2600	             1908
  379.2800	             1266
  379.3000	             2773
  379.3200	             2012
  379.3400	              185
  379.3600	             1164
  379.3800	             2155
  379.4000	             2210
  379.4200	             2461
  379.4400	             1687
  379.4600	              664
  379.4800	             1618
  379.5000	             2743
  379.5200	             2439
  379.5400	             1643
  379.5600	             1419
  379.5800	             1450
  379.6000	             3030
  379.6200	             3062
  379.6400	             1417
  379.6600	             1422
  379.6800	             1902
  379.7000	             3361
  379.7200	             3054
  379.7400	              944
  379.7600	             1057
  379.7800	             2780
  379.8000	             3739
  379.8200	             2255
  379.8400	              924
  379.8600	             2278
  379.8800	             4046
  379.9000	             3133
  379.9200	             1232
  379.9400	             2234
  379.9600	             3400
  379.9800	             2999
  380.0000	             1929
  380.0200	             2864
  380.0400	             3014
  380.0600	             2574
  380.0800	             2588
  380.1000	             2907
  380.1200	             2791
  380.1400	             2723
  380.1600	             3229
  380.1800	             3016
  380.2000	             2585
  380.2200	             3024
  380.2400	             2980
  380.2600	             3689
  380.2800	             3973
  380.3000	             4739
  380.3200	             4988
  380.3400	             4833
  380.3600	             5781
  380.3800	             6238
  380.4000	             8603
  380.4200	            11937
  380.4400	            13897
  380.4600	            10239
  380.4800	             9800
  380.5000	             7515
  380.5200	             5464
  380.5400	             2290
  380.5600	             -187
  380.5800	             -284
  380.6000	             -280
  380.6200	             -314
  380.6400	             -292
  380.6600	             -324
  380.6800	             -287
  380.7000	             -296
  380.7200	             -362
  380.7400	             -327
  380.7600	             -293
  380.7800	             -333
  380.8000	             -366
  380.8200	             -344
  380.8400	             -377
  380.8600	             -338
  380.8800	             -379
  380.9000	             -337
  380.9200	             -405
  380.9400	             -374
  380.9600	             -384
  380.9800	             -343
  381.0000	             -381
  381.0200	             -368
  381.0400	             -370
  381.0600	             -360
  381.0800	             -407
  381.1000	             -391
  381.1200	             -390
  381.1400	             -368
  381.1600	             -391
  381.1800	             -360
  381.2000	             -377
  381.2200	             -379
  381.2400	             -325
  381.2600	             -383
  381.2800	             -384
  381.3000	             -368
  381.3200	             -325
  381.3400	             -384
  381.3600	             -384
  381.3800	             -415
  381.4000	             -398
  381.4200	             -383
  381.4400	             -414
  381.4600	             -400
  381.4800	             -390
  381.5000	             -392
  381.5200	             -375
  381.5400	             -412
  381.5600	             -368
  381.5800	             -392
  381.6000	             -348
  381.6200	             -347
  381.6400	             -381
  381.6600	             -410
  381.6800	             -360
  381.7000	             -421
  381.7200	             -382
  381.7400	             -365
  381.7600	             -377
  381.7800	             -392
  381.8000	             -394
  381.8200	             -384
  381.8400	             -353
  381.8600	             -383
  381.8800	             -410
  381.9000	             -406
  381.9200	             -395
  381.9400	             -391
  381.9600	             -364
  381.9800	             -383
  382.0000	             -394
