  370.0000	             -259
  370.0200	             -188
  370.0400	             -165
  370.0600	             -328
  370.0800	             -312
  370.1000	             -248
  370.1200	             -181
  370.1400	             -142
  370.1600	             -329
  370.1800	             -382
  370.2000	             -236
  370.2200	              -17
  370.2400	              -72
  370.2600	             -348
  370.2800	             -295
  370.3000	             -174
  370.3200	              -15
  370.3400	             -304
  370.3600	             -350
  370.3800	             -245
  370.4000	              -55
  370.4200	             -117
  370.4400	             -287
  370.4600	             -184
  370.4800	             -152
  370.5000	             -140
  370.5200	             -159
  370.5400	             -182
  370.5600	             -257
  370.5800	             -148
  370.6000	             -187
  370.6200	             -318
  370.6400	             -272
  370.6600	             -175
  370.6800	             -237
  370.7000	             -216
  370.7200	             -169
  370.7400	             -194
  370.7600	             -179
  370.7800	             -107
  370.8000	             -156
  370.8200	             -197
  370.8400	              -71
  370.8600	              -60
  370.8800	              -39
  370.9000	              144
  370.9200	              127
  370.9400	              237
  370.9600	              476
  370.9800	              991
  371.0000	              809
  371.0200	              294
  371.0400	              589
  371.0600	              342
  371.0800	              123
  371.1000	              174
  371.1200	             -222
  371.1400	             -328
  371.1600	             -335
  371.1800	             -340
  371.2000	             -332
  371.2200	             -348
  371.2400	             -361
  371.2600	             -373
  371.2800	             -379
  371.3000	             -404
  371.3200	             -403
  371.3400	             -380
  371.3600	             -421
  371.3800	             -368
  371.4000	             -306
  371.4200	             -308
  371.4400	             -311
  371.4600	             -242
  371.4800	             -275
  371.5000	             -314
  371.5200	             -409
  371.5400	             -400
  371.5600	             -356
  371.5800	             -397
  371.6000	             -370
  371.6200	             -327
  371.6400	             -374
  371.6600	             -336
  371.6800	             -317
  371.7000	             -368
  371.7200	             -356
  371.7400	             -414
  371.7600	             -359
  371.7800	             -308
  371.8000	             -328
  371.8200	             -280
  371.8400	             -343
  371.8600	             -343
  371.8800	             -346
  371.9000	             -270
  371.9200	             -315
  371.9400	             -349
  371.9600	             -410
  371.9800	             -363
  372.0000	             -396
  372.0200	             -348
  372.0400	             -309
  372.0600	             -330
  372.0800	             -298
  372.1000	             -217
  372.1200	             -276
  372.1400	             -291
  372.1600	             -389
  372.1800	             -397
  372.2000	             -348
  372.2200	             -360
  372.2400	             -301
  372.2600	             -313
  372.2800	             -317
  372.3000	             -323
  372.3200	             -302
  372.3400	             -369
  372.3600	             -431
  372.3800	             -404
  372.4000	             -317
  372.4200	             -199
  372.4400	             -264
  372.4600	             -292
  372.4800	             -293
  372.5000	             -311
  372.5200	             -336
  372.5400	             -390
  372.5600	             -387
  372.5800	             -369
  372.6000	             -354
  372.6200	             -335
  372.6400	             -301
  372.6600	             -290
  372.6800	             -323
  372.7000	             -238
  372.7200	             -231
  372.7400	             -307
  372.7600	             -319
  372.7800	             -302
  372.8000	             -288
  372.8200	             -347
  372.8400	             -270
  372.8600	             -295
  372.8800	             -256
  372.9000	             -364
  372.9200	             -351
  372.9400	             -404
  372.9600	             -246
  372.9800	             -251
  373.0000	             -278
  373.0200	             -154
  373.0400	             -198
  373.0600	             -208
  373.0800	             -309
  373.1000	             -383
  373.1200	             -353
  373.1400	             -300
  373.1600	             -347
  373.1800	             -254
  373.2000	             -242
  373.2200	             -279
  373.2400	             -201
  373.2600	             -365
  373.2800	             -330
  373.3000	             -150
  373.3200	             -231
  373.3400	             -214
  373.3600	             -153
  373.3800	             -244
  373.4000	             -185
  373.4200	             -289
  373.4400	             -301
  373.4600	             -192
  373.4800	             -308
  373.5000	             -227
  373.5200	             -191
  373.5400	             -250
  373.5600	             -204
  373.5800	             -216
  373.6000	              -90
  373.6200	             -132
  373.6400	             -245
  373.6600	             -175
  373.6800	             -216
  373.7000	             -210
  373.7200	             -115
  373.7400	             -124
  373.7600	             -148
  373.7800	             -374
  373.8000	             -247
  373.8200	              -96
  373.8400	             -257
  373.8600	             -115
  373.8800	              132
  373.9000	              143
  373.9200	             -202
  373.9400	             -201
  373.9600	              -12
  373.9800	             -218
  374.0000	              -85
  374.0200	              260
  374.0400	              -81
  374.0600	             -382
  374.0800	             -172
  374.1000	                4
  374.1200	             -267
  374.1400	              122
  374.1600	              439
  374.1800	             -139
  374.2000	             -174
  374.2200	              150
  374.2400	               -6
  374.2600	               68
  374.2800	              406
  374.3000	             -128
  374.3200	             -339
  374.3400	               24
  374.3600	              118
  374.3800	              174
  374.4000	              326
  374.4200	               51
  374.4400	             -161
  374.4600	              197
  374.4800	              493
  374.5000	              302
  374.5200	               64
  374.5400	               14
  374.5600	              -57
  374.5800	              476
  374.6000	              427
  374.6200	             -149
  374.6400	              111
  374.6600	              154
  374.6800	              642
  374.7000	              660
  374.7200	             -111
  374.7400	               -2
  374.7600	              529
  374.7800	              996
  374.8000	              236
  374.8200	             -279
  374.8400	              -16
  374.8600	              960
  374.8800	              792
  374.9000	             -151
  374.9200	             -150
  374.9400	              637
  374.9600	              906
  374.9800	              290
  375.0000	              280
  375.0200	              589
  375.0400	              527
  375.0600	              476
  375.0800	              350
  375.1000	              291
  375.1200	              424
  375.1400	              544
  375.1600	              243
  375.1800	              380
  375.2000	              420
  375.2200	              445
  375.2400	              544
  375.2600	              535
  375.2800	              400
  375.3000	              357
  375.3200	              755
  375.3400	              701
  375.3600	             1279
  375.3800	             1081
  375.4000	             1283
  375.4200	             1627
  375.4400	             2237
  375.4600	             3717
  375.4800	             4865
  375.5000	             3012
  375.5200	             3311
  375.5400	             2823
  375.5600	             1749
  375.5800	             1509
  375.6000	             -129
  375.6200	             -350
  375.6400	             -378
  375.6600	             -363
  375.6800	             -390
  375.7000	             -317
  375.7200	             -274
  375.7400	             -217
  375.7600	             -200
  375.7800	             -216
  375.8000	             -309
  375.8200	             -382
  375.8400	             -395
  375.8600	             -371
  375.8800	             -396
  375.9000	             -391
  375.9200	             -371
  375.9400	             -271
  375.9600	             -229
  375.9800	             -252
  376.0000	             -201
  376.0200	             -231
  376.0400	             -351
  376.0600	             -387
  376.0800	             -397
  376.1000	             -414
  376.1200	             -416
  376.1400	             -416
  376.1600	             -378
  376.1800	             -264
  376.2000	             -262
  376.2200	             -221
  376.2400	             -185
  376.2600	             -267
  376.2800	             -356
  376.3000	             -365
  376.3200	             -409
  376.3400	             -421
  376.3600	             -432
  376.3800	             -409
  376.4000	             -301
  376.4200	             -283
  376.4400	             -248
  376.4600	             -192
  376.4800	             -181
  376.5000	             -311
  376.5200	             -362
  376.5400	             -416
  376.5600	             -356
  376.5800	             -413
  376.6000	             -401
  376.6200	             -253
  376.6400	             -235
  376.6600	             -219
  376.6800	             -178
  376.7000	             -160
  376.7200	             -310
  376.7400	             -380
  376.7600	             -432
  376.7800	             -400
  376.8000	             -393
  376.8200	             -356
  376.8400	             -285
  376.8600	             -231
  376.8800	             -197
  376.9000	             -208
  376.9200	             -168
  376.9400	             -355
  376.9600	             -394
  376.9800	             -384
  377.0000	             -413
  377.0200	             -406
  377.0400	             -252
  377.0600	             -245
  377.0800	             -240
  377.1000	             -165
  377.1200	             -169
  377.1400	             -203
  377.1600	             -395
  377.1800	             -375
  377.2000	             -355
  377.2200	             -379
  377.2400	             -272
  377.2600	             -219
  377.2800	             -212
  377.3000	             -176
  377.3200	             -171
  377.3400	             -188
  377.3600	             -356
  377.3800	             -377
  377.4000	             -416
  377.4200	             -368
  377.4400	             -231
  377.4600	             -224
  377.4800	             -181
  377.5000	             -124
  377.5200	             -144
  377.5400	             -156
  377.5600	             -391
  377.5800	             -409
  377.6000	             -416
  377.6200	             -250
  377.6400	             -178
  377.6600	             -297
  377.6800	             -112
  377.7000	             -154
  377.7200	             -118
  377.7400	             -232
  377.7600	             -387
  377.7800	             -401
  377.8000	             -304
  377.8200	             -130
  377.8400	             -285
  377.8600	             -134
  377.8800	              -66
  377.9000	              -96
  377.9200	             -183
  377.9400	             -343
  377.9600	             -403
  377.9800	             -234
  378.0000	             -136
  378.0200	             -269
  378.0400	              -73
  378.0600	              -98
  378.0800	              -74
  378.1000	              -76
  378.1200	             -371
  378.1400	             -323
  378.1600	             -108
  378.1800	             -151
  378.2000	             -178
  378.2200	              107
  378.2400	             -103
  378.2600	              106
  378.2800	             -203
  378.3000	             -351
  378.3200	              -65
  378.3400	              -54
  378.3600	             -257
  378.3800	               53
  378.4000	              -18
  378.4200	                1
  378.4400	               24
  378.4600	             -297
  378.4800	                2
  378.5000	                2
  378.5200	             -287
  378.5400	              117
  378.5600	                4
  378.5800	               10
  378.6000	              104
  378.6200	             -116
  378.6400	              192
  378.6600	             -183
  378.6800	             -181
  378.7000	              241
  378.7200	              -49
  378.7400	              139
  378.7600	              221
  378.7800	              214
  378.8000	               25
  378.8200	             -317
  378.8400	              237
  378.8600	              251
  378.8800	              -20
  378.9000	              457
  378.9200	              507
  378.9400	               94
  378.9600	             -263
  378.9800	              294
  379.0000	              310
  379.0200	              -97
  379.0400	              737
  379.0600	              911
  379.0800	             -196
  379.1000	             -201
  379.1200	              485
  379.1400	              306
  379.1600	              217
  379.1800	             1309
  379.2000	              476
  379.2200	             -335
  379.2400	              282
  379.2600	              605
  379.2800	              151
  379.3000	             1142
  379.3200	              783
  379.3400	             -199
  379.3600	              136
  379.3800	              785
  379.4000	              730
  379.4200	             1041
  379.4400	              595
  379.4600	               -6
  379.4800	              374
  379.5000	             1066
  379.5200	             1050
  379.5400	              509
  379.5600	              569
  379.5800	              296
  379.6000	             1370
  379.6200	             1636
  379.6400	              319
  379.6600	              346
  379.6800	              717
  379.7000	             1599
  379.7200	             1732
  379.7400	              -11
  379.7600	              112
  379.7800	             1213
  379.8000	             2240
  379.8200	              866
  379.8400	             -100
  379.8600	              546
  379.8800	             2243
  379.9000	             1715
  379.9200	              158
  379.9400	              687
  379.9600	             1524
  379.9800	             1455
  380.0000	              652
  380.0200	             1092
  380.0400	             1207
  380.0600	             1224
  380.0800	             1201
  380.1000	             1013
  380.1200	              979
  380.1400	             1312
  380.1600	             1143
  380.1800	             1101
  380.2000	             1004
  380.2200	             1036
  380.2400	              999
  380.2600	             1498
  380.2800	             1813
  380.3000	             2258
  380.3200	             2577
  380.3400	             2198
  380.3600	             3046
  380.3800	             3277
  380.4000	             5122
  380.4200	             7684
  380.4400	             9796
  380.4600	             6722
  380.4800	             6802
  380.5000	             4757
  380.5200	             3731
  380.5400	             1414
  380.5600	             -330
  380.5800	             -315
  380.6000	             -371
  380.6200	             -370
  380.6400	             -382
  380.6600	             -323
  380.6800	             -343
  380.7000	             -391
  380.7200	             -372
  380.7400	             -378
  380.7600	             -385
  380.7800	             -320
  380.8000	             -320
  380.8200	             -384
  380.8400	             -380
  380.8600	             -351
  380.8800	             -351
  380.9000	             -369
  380.9200	             -380
  380.9400	             -361
  380.9600	             -414
  380.9800	             -388
  381.0000	             -411
  381.0200	             -409
  381.0400	             -368
  381.0600	             -418
  381.0800	             -365
  381.1000	             -424
  381.1200	             -415
  381.1400	             -404
  381.1600	             -416
  381.1800	             -413
  381.2000	             -403
  381.2200	             -340
  381.2400	             -395
  381.2600	             -391
  381.2800	             -394
  381.3000	             -426
  381.3200	             -408
  381.3400	             -361
  381.3600	             -398
  381.3800	             -410
  381.4000	             -424
  381.4200	             -398
  381.4400	             -356
  381.4600	             -365
  381.4800	             -404
  381.5000	             -365
  381.5200	             -421
  381.5400	             -391
  381.5600	             -416
  381.5800	             -415
  381.6000	             -424
  381.6200	             -353
  381.6400	             -409
  381.6600	             -356
  381.6800	             -413
  381.7000	             -365
  381.7200	             -394
  381.7400	             -383
  381.7600	             -408
  381.7800	             -380
  381.8000	             -394
  381.8200	             -356
  381.8400	             -391
  381.8600	             -365
  381.8800	             -388
  381.9000	             -419
  381.9200	             -370
  381.9400	             -365
  381.9600	             -383
  381.9800	             -384
  382.0000	             -422
