  370.0000	             -205
  370.0200	               -6
  370.0400	               -6
  370.0600	             -306
  370.0800	             -217
  370.1000	             -164
  370.1200	              -50
  370.1400	               -6
  370.1600	             -328
  370.1800	             -308
  370.2000	             -163
  370.2200	              172
  370.2400	               59
  370.2600	             -273
  370.2800	             -242
  370.3000	               49
  370.3200	              159
  370.3400	             -234
  370.3600	             -373
  370.3800	             -194
  370.4000	              168
  370.4200	              -28
  370.4400	             -262
  370.4600	              -65
  370.4800	               79
  370.5000	              108
  370.5200	              -96
  370.5400	             -130
  370.5600	             -196
  370.5800	              -11
  370.6000	              -77
  370.6200	             -313
  370.6400	             -168
  370.6600	              -88
  370.6800	             -195
  370.7000	              -90
  370.7200	              -65
  370.7400	              -64
  370.7600	               -6
  370.7800	               59
  370.8000	               -6
  370.8200	             -107
  370.8400	              122
  370.8600	               55
  370.8800	              156
  370.9000	              348
  370.9200	              349
  370.9400	              619
  370.9600	              976
  370.9800	             1705
  371.0000	             1252
  371.0200	              723
  371.0400	             1082
  371.0600	              547
  371.0800	              343
  371.1000	              356
  371.1200	             -198
  371.1400	             -323
  371.1600	             -264
  371.1800	             -284
  371.2000	             -346
  371.2200	             -354
  371.2400	             -356
  371.2600	             -340
  371.2800	             -416
  371.3000	             -383
  371.3200	             -380
  371.3400	             -406
  371.3600	             -457
  371.3800	             -356
  371.4000	             -282
  371.4200	             -294
  371.4400	             -186
  371.4600	             -192
  371.4800	             -233
  371.5000	             -316
  371.5200	             -362
  371.5400	             -412
  371.5600	             -433
  371.5800	             -347
  371.6000	             -336
  371.6200	             -289
  371.6400	             -342
  371.6600	             -312
  371.6800	             -229
  371.7000	             -291
  371.7200	             -361
  371.7400	             -389
  371.7600	             -304
  371.7800	             -255
  371.8000	             -246
  371.8200	             -251
  371.8400	             -254
  371.8600	             -240
  371.8800	             -291
  371.9000	             -286
  371.9200	             -308
  371.9400	             -393
  371.9600	             -405
  371.9800	             -401
  372.0000	             -348
  372.0200	             -265
  372.0400	             -303
  372.0600	             -255
  372.0800	             -231
  372.1000	             -165
  372.1200	             -219
  372.1400	             -297
  372.1600	             -409
  372.1800	             -428
  372.2000	             -406
  372.2200	             -317
  372.2400	             -297
  372.2600	             -309
  372.2800	             -224
  372.3000	             -228
  372.3200	             -304
  372.3400	             -389
  372.3600	             -362
  372.3800	             -362
  372.4000	             -244
  372.4200	             -164
  372.4400	             -220
  372.4600	             -215
  372.4800	             -280
  372.5000	             -235
  372.5200	             -309
  372.5400	             -394
  372.5600	             -424
  372.5800	             -423
  372.6000	             -310
  372.6200	             -316
  372.6400	             -332
  372.6600	             -274
  372.6800	             -220
  372.7000	             -168
  372.7200	             -222
  372.7400	             -283
  372.7600	             -357
  372.7800	             -328
  372.8000	             -274
  372.8200	             -298
  372.8400	             -257
  372.8600	             -258
  372.8800	             -177
  372.9000	             -327
  372.9200	             -346
  372.9400	             -353
  372.9600	             -220
  372.9800	             -287
  373.0000	             -206
  373.0200	              -21
  373.0400	             -144
  373.0600	              -57
  373.0800	             -303
  373.1000	             -402
  373.1200	             -364
  373.1400	             -210
  373.1600	             -311
  373.1800	             -196
  373.2000	             -241
  373.2200	             -191
  373.2400	             -197
  373.2600	             -345
  373.2800	             -236
  373.3000	             -126
  373.3200	             -190
  373.3400	             -100
  373.3600	              -83
  373.3800	             -213
  373.4000	             -100
  373.4200	             -285
  373.4400	             -232
  373.4600	             -113
  373.4800	             -364
  373.5000	             -170
  373.5200	             -136
  373.5400	             -229
  373.5600	             -124
  373.5800	             -196
  373.6000	               60
  373.6200	               18
  373.6400	             -152
  373.6600	             -112
  373.6800	             -182
  373.7000	             -131
  373.7200	                8
  373.7400	               -2
  373.7600	               -6
  373.7800	             -371
  373.8000	             -111
  373.8200	              118
  373.8400	             -211
  373.8600	               31
  373.8800	              347
  373.9000	              227
  373.9200	             -191
  373.9400	               -6
  373.9600	              136
  373.9800	             -207
  374.0000	              154
  374.0200	              498
  374.0400	              -67
  374.0600	             -374
  374.0800	               30
  374.1000	              132
  374.1200	             -215
  374.1400	              495
  374.1600	              715
  374.1800	             -156
  374.2000	              -36
  374.2200	              333
  374.2400	              120
  374.2600	              325
  374.2800	              697
  374.3000	             -117
  374.3200	             -242
  374.3400	              282
  374.3600	              220
  374.3800	              443
  374.4000	              565
  374.4200	              122
  374.4400	               -6
  374.4600	              506
  374.4800	              855
  374.5000	              544
  374.5200	              223
  374.5400	              198
  374.5600	              162
  374.5800	              899
  374.6000	              690
  374.6200	              -54
  374.6400	              282
  374.6600	              425
  374.6800	             1183
  374.7000	              897
  374.7200	               41
  374.7400	              294
  374.7600	             1048
  374.7800	             1493
  374.8000	              274
  374.8200	             -198
  374.8400	              338
  374.8600	             1610
  374.8800	             1102
  374.9000	              -59
  374.9200	              152
  374.9400	             1211
  374.9600	             1382
  374.9800	              495
  375.0000	              706
  375.0200	             1080
  375.0400	              891
  375.0600	              737
  375.0800	              672
  375.1000	              535
  375.1200	              819
  375.1400	              878
  375.1600	              507
  375.1800	              746
  375.2000	              811
  375.2200	              863
  375.2400	              956
  375.2600	              943
  375.2800	              759
  375.3000	              742
  375.3200	             1319
  375.3400	             1156
  375.3600	             2022
  375.3800	             1629
  375.4000	             2061
  375.4200	             2372
  375.4400	             3441
  375.4600	             5513
  375.4800	             6629
  375.5000	             4078
  375.5200	             4780
  375.5400	             3652
  375.5600	             2595
  375.5800	             1951
  375.6000	             -151
  375.6200	             -339
  375.6400	             -376
  375.6600	             -329
  375.6800	             -350
  375.7000	             -245
  375.7200	             -196
  375.7400	             -136
  375.7600	             -120
  375.7800	             -127
  375.8000	             -332
  375.8200	             -364
  375.8400	             -330
  375.8600	             -356
  375.8800	             -386
  375.9000	             -348
  375.9200	             -375
  375.9400	             -283
  375.9600	             -215
  375.9800	             -185
  376.0000	             -148
  376.0200	             -150
  376.0400	             -292
  376.0600	             -405
  376.0800	             -339
  376.1000	             -359
  376.1200	             -389
  376.1400	             -410
  376.1600	             -351
  376.1800	             -215
  376.2000	             -172
  376.2200	              -96
  376.2400	              -99
  376.2600	             -205
  376.2800	             -365
  376.3000	             -363
  376.3200	             -400
  376.3400	             -372
  376.3600	             -414
  376.3800	             -377
  376.4000	             -216
  376.4200	             -190
  376.4400	             -161
  376.4600	             -140
  376.4800	             -113
  376.5000	             -315
  376.5200	             -404
  376.5400	             -332
  376.5600	             -363
  376.5800	             -396
  376.6000	             -370
  376.6200	             -215
  376.6400	             -186
  376.6600	              -91
  376.6800	             -120
  376.7000	              -53
  376.7200	             -286
  376.7400	             -397
  376.7600	             -421
  376.7800	             -412
  376.8000	             -362
  376.8200	             -336
  376.8400	             -185
  376.8600	             -185
  376.8800	             -146
  376.9000	             -101
  376.9200	             -100
  376.9400	             -297
  376.9600	             -375
  376.9800	             -418
  377.0000	             -391
  377.0200	             -378
  377.0400	             -209
  377.0600	             -133
  377.0800	              -85
  377.1000	               -6
  377.1200	               -6
  377.1400	             -163
  377.1600	             -380
  377.1800	             -397
  377.2000	             -398
  377.2200	             -394
  377.2400	             -184
  377.2600	             -156
  377.2800	             -148
  377.3000	              -40
  377.3200	               -6
  377.3400	              -90
  377.3600	             -359
  377.3800	             -391
  377.4000	             -365
  377.4200	             -352
  377.4400	             -108
  377.4600	             -164
  377.4800	             -100
  377.5000	                7
  377.5200	               15
  377.5400	             -133
  377.5600	             -344
  377.5800	             -384
  377.6000	             -394
  377.6200	             -203
  377.6400	              -86
  377.6600	             -173
  377.6800	               98
  377.7000	               -6
  377.7200	              134
  377.7400	             -203
  377.7600	             -406
  377.7800	             -363
  377.8000	             -174
  377.8200	              -15
  377.8400	             -165
  377.8600	              129
  377.8800	              115
  377.9000	              132
  377.9200	             -104
  377.9400	             -370
  377.9600	             -390
  377.9800	             -126
  378.0000	               35
  378.0200	             -228
  378.0400	              134
  378.0600	                2
  378.0800	              188
  378.1000	               -2
  378.1200	             -359
  378.1400	             -254
  378.1600	              148
  378.1800	             -133
  378.2000	              -18
  378.2200	              236
  378.2400	               98
  378.2600	              232
  378.2800	             -196
  378.3000	             -292
  378.3200	              140
  378.3400	               91
  378.3600	             -198
  378.3800	              285
  378.4000	               78
  378.4200	              246
  378.4400	              171
  378.4600	             -242
  378.4800	              234
  378.5000	              137
  378.5200	             -186
  378.5400	              369
  378.5600	              153
  378.5800	              232
  378.6000	              269
  378.6200	               58
  378.6400	              371
  378.6600	             -174
  378.6800	              123
  378.7000	              479
  378.7200	               73
  378.7400	              349
  378.7600	              427
  378.7800	              452
  378.8000	              120
  378.8200	             -171
  378.8400	              545
  378.8600	              435
  378.8800	              257
  378.9000	              894
  378.9200	              840
  378.9400	               17
  378.9600	             -191
  378.9800	              591
  379.0000	              515
  379.0200	              106
  379.0400	             1309
  379.0600	             1213
  379.0800	             -166
  379.1000	              -30
  379.1200	              853
  379.1400	              405
  379.1600	              665
  379.1800	             1879
  379.2000	              483
  379.2200	             -206
  379.2400	              645
  379.2600	              894
  379.2800	              466
  379.3000	             1779
  379.3200	              935
  379.3400	             -204
  379.3600	              542
  379.3800	             1122
  379.4000	             1166
  379.4200	             1491
  379.4400	              858
  379.4600	              159
  379.4800	              841
  379.5000	             1602
  379.5200	             1441
  379.5400	              719
  379.5600	              797
  379.5800	              574
  379.6000	             2099
  379.6200	             2092
  379.6400	              372
  379.6600	              733
  379.6800	             1208
  379.7000	             2414
  379.7200	             2104
  379.7400	               75
  379.7600	              328
  379.7800	             2021
  379.8000	             2837
  379.8200	              912
  379.8400	              161
  379.8600	             1157
  379.8800	             3123
  379.9000	             1900
  379.9200	              287
  379.9400	             1290
  379.9600	             2237
  379.9800	             1965
  380.0000	              867
  380.0200	             1640
  380.0400	             1702
  380.0600	             1798
  380.0800	             1658
  380.1000	             1475
  380.1200	             1447
  380.1400	             1826
  380.1600	             1636
  380.1800	             1630
  380.2000	             1463
  380.2200	             1534
  380.2400	             1496
  380.2600	             2123
  380.2800	             2458
  380.3000	             3295
  380.3200	             3346
  380.3400	             3146
  380.3600	             4106
  380.3800	             4564
  380.4000	             7028
  380.4200	            10659
  380.4400	            12391
  380.4600	             8238
  380.4800	             8615
  380.5000	             5824
  380.5200	             4698
  380.5400	             1369
  380.5600	             -343
  380.5800	             -354
  380.6000	             -392
  380.6200	             -369
  380.6400	             -369
  380.6600	             -390
  380.6800	             -370
  380.7000	             -382
  380.7200	             -364
  380.7400	             -356
  380.7600	             -367
  380.7800	             -358
  380.8000	             -323
  380.8200	             -392
  380.8400	             -349
  380.8600	             -385
  380.8800	             -416
  380.9000	             -433
  380.9200	             -432
  380.9400	             -365
  380.9600	             -384
  380.9800	             -406
  381.0000	             -426
  381.0200	             -397
  381.0400	             -365
  381.0600	             -355
  381.0800	             -391
  381.1000	             -415
  381.1200	             -370
  381.1400	             -424
  381.1600	             -412
  381.1800	             -380
  381.2000	             -383
  381.2200	             -375
  381.2400	             -381
  381.2600	             -386
  381.2800	             -402
  381.3000	             -365
  381.3200	             -414
  381.3400	             -399
  381.3600	             -365
  381.3800	             -420
  381.4000	             -424
  381.4200	             -398
  381.4400	             -419
  381.4600	             -380
  381.4800	             -365
  381.5000	             -409
  381.5200	             -409
  381.5400	             -412
  381.5600	             -365
  381.5800	             -391
  381.6000	             -407
  381.6200	             -363
  381.6400	             -405
  381.6600	             -365
  381.6800	             -403
  381.7000	             -364
  381.7200	             -418
  381.7400	             -395
  381.7600	             -369
  381.7800	             -409
  381.8000	             -393
  381.8200	             -386
  381.8400	             -344
  381.8600	             -371
  381.8800	             -361
  381.9000	             -406
  381.9200	             -376
  381.9400	             -406
  381.9600	             -339
  381.9800	             -424
  382.0000	             -370
