  370.0000	             -215
  370.0200	              -82
  370.0400	              -19
  370.0600	             -317
  370.0800	             -215
  370.1000	             -168
  370.1200	              -19
  370.1400	                1
  370.1600	             -343
  370.1800	             -284
  370.2000	             -128
  370.2200	              168
  370.2400	               69
  370.2600	             -285
  370.2800	             -288
  370.3000	               30
  370.3200	              158
  370.3400	             -252
  370.3600	             -351
  370.3800	             -169
  370.4000	              182
  370.4200	               -5
  370.4400	             -247
  370.4600	               -6
  370.4800	              135
  370.5000	              136
  370.5200	              -64
  370.5400	              -90
  370.5600	             -163
  370.5800	               90
  370.6000	             -104
  370.6200	             -312
  370.6400	             -196
  370.6600	              -73
  370.6800	             -196
  370.7000	              -96
  370.7200	               -6
  370.7400	               -6
  370.7600	               14
  370.7800	               29
  370.8000	               33
  370.8200	             -111
  370.8400	              121
  370.8600	              144
  370.8800	              188
  370.9000	              377
  370.9200	              374
  370.9400	              638
  370.9600	              955
  370.9800	             1733
  371.0000	             1303
  371.0200	              764
  371.0400	             1094
  371.0600	              592
  371.0800	              401
  371.1000	              389
  371.1200	             -195
  371.1400	             -337
  371.1600	             -289
  371.1800	             -325
  371.2000	             -348
  371.2200	             -317
  371.2400	             -359
  371.2600	             -375
  371.2800	             -380
  371.3000	             -408
  371.3200	             -391
  371.3400	             -365
  371.3600	             -433
  371.3800	             -359
  371.4000	             -334
  371.4200	             -294
  371.4400	             -265
  371.4600	             -212
  371.4800	             -249
  371.5000	             -334
  371.5200	             -417
  371.5400	             -415
  371.5600	             -407
  371.5800	             -420
  371.6000	             -324
  371.6200	             -343
  371.6400	             -306
  371.6600	             -319
  371.6800	             -233
  371.7000	             -362
  371.7200	             -340
  371.7400	             -393
  371.7600	             -315
  371.7800	             -254
  371.8000	             -296
  371.8200	             -238
  371.8400	             -311
  371.8600	             -309
  371.8800	             -298
  371.9000	             -280
  371.9200	             -367
  371.9400	             -403
  371.9600	             -396
  371.9800	             -430
  372.0000	             -388
  372.0200	             -275
  372.0400	             -274
  372.0600	             -283
  372.0800	             -253
  372.1000	             -195
  372.1200	             -239
  372.1400	             -336
  372.1600	             -347
  372.1800	             -412
  372.2000	             -426
  372.2200	             -322
  372.2400	             -314
  372.2600	             -279
  372.2800	             -243
  372.3000	             -242
  372.3200	             -282
  372.3400	             -352
  372.3600	             -419
  372.3800	             -390
  372.4000	             -290
  372.4200	             -175
  372.4400	             -251
  372.4600	             -220
  372.4800	             -272
  372.5000	             -261
  372.5200	             -276
  372.5400	             -363
  372.5600	             -418
  372.5800	             -405
  372.6000	             -299
  372.6200	             -260
  372.6400	             -336
  372.6600	             -274
  372.6800	             -192
  372.7000	             -182
  372.7200	             -207
  372.7400	             -296
  372.7600	             -334
  372.7800	             -282
  372.8000	             -256
  372.8200	             -301
  372.8400	             -258
  372.8600	             -261
  372.8800	             -207
  372.9000	             -338
  372.9200	             -348
  372.9400	             -337
  372.9600	             -225
  372.9800	             -250
  373.0000	             -197
  373.0200	               -6
  373.0400	             -108
  373.0600	              -88
  373.0800	             -324
  373.1000	             -380
  373.1200	             -336
  373.1400	             -217
  373.1600	             -355
  373.1800	             -194
  373.2000	             -194
  373.2200	             -209
  373.2400	             -194
  373.2600	             -355
  373.2800	             -247
  373.3000	              -80
  373.3200	             -172
  373.3400	             -142
  373.3600	              -25
  373.3800	             -183
  373.4000	             -116
  373.4200	             -230
  373.4400	             -186
  373.4600	             -123
  373.4800	             -309
  373.5000	             -181
  373.5200	             -113
  373.5400	             -192
  373.5600	              -58
  373.5800	             -194
  373.6000	              142
  373.6200	               41
  373.6400	             -180
  373.6600	              -50
  373.6800	             -190
  373.7000	             -152
  373.7200	               12
  373.7400	               10
  373.7600	              -30
  373.7800	             -370
  373.8000	             -111
  373.8200	              124
  373.8400	             -199
  373.8600	              132
  373.8800	              327
  373.9000	              229
  373.9200	             -195
  373.9400	               -6
  373.9600	              141
  373.9800	             -188
  374.0000	              122
  374.0200	              506
  374.0400	              -75
  374.0600	             -357
  374.0800	               14
  374.1000	              154
  374.1200	             -185
  374.1400	              498
  374.1600	              706
  374.1800	             -111
  374.2000	              -54
  374.2200	              380
  374.2400	               58
  374.2600	              349
  374.2800	              688
  374.3000	             -102
  374.3200	             -255
  374.3400	              268
  374.3600	              229
  374.3800	              414
  374.4000	              620
  374.4200	              206
  374.4400	               -6
  374.4600	              506
  374.4800	              854
  374.5000	              560
  374.5200	              205
  374.5400	              206
  374.5600	              195
  374.5800	              900
  374.6000	              690
  374.6200	             -125
  374.6400	              261
  374.6600	              396
  374.6800	             1178
  374.7000	              929
  374.7200	               24
  374.7400	              244
  374.7600	              981
  374.7800	             1457
  374.8000	              312
  374.8200	             -202
  374.8400	              307
  374.8600	             1569
  374.8800	             1102
  374.9000	              -56
  374.9200	              145
  374.9400	             1143
  374.9600	             1360
  374.9800	              426
  375.0000	              609
  375.0200	             1050
  375.0400	              878
  375.0600	              759
  375.0800	              648
  375.1000	              571
  375.1200	              826
  375.1400	              904
  375.1600	              483
  375.1800	              747
  375.2000	              748
  375.2200	              797
  375.2400	              941
  375.2600	              945
  375.2800	              768
  375.3000	              705
  375.3200	             1285
  375.3400	             1161
  375.3600	             1998
  375.3800	             1618
  375.4000	             2032
  375.4200	             2430
  375.4400	             3464
  375.4600	             5513
  375.4800	             6691
  375.5000	             4197
  375.5200	             4799
  375.5400	             3728
  375.5600	             2595
  375.5800	             2009
  375.6000	             -155
  375.6200	             -378
  375.6400	             -386
  375.6600	             -393
  375.6800	             -379
  375.7000	             -289
  375.7200	             -205
  375.7400	             -190
  375.7600	             -126
  375.7800	             -175
  375.8000	             -349
  375.8200	             -371
  375.8400	             -412
  375.8600	             -377
  375.8800	             -397
  375.9000	             -393
  375.9200	             -372
  375.9400	             -245
  375.9600	             -200
  375.9800	             -210
  376.0000	             -173
  376.0200	             -203
  376.0400	             -345
  376.0600	             -421
  376.0800	             -425
  376.1000	             -407
  376.1200	             -414
  376.1400	             -424
  376.1600	             -327
  376.1800	             -261
  376.2000	             -207
  376.2200	              -97
  376.2400	              -99
  376.2600	             -201
  376.2800	             -356
  376.3000	             -426
  376.3200	             -411
  376.3400	             -405
  376.3600	             -400
  376.3800	             -387
  376.4000	             -272
  376.4200	             -215
  376.4400	             -172
  376.4600	             -158
  376.4800	             -135
  376.5000	             -341
  376.5200	             -397
  376.5400	             -430
  376.5600	             -391
  376.5800	             -410
  376.6000	             -412
  376.6200	             -220
  376.6400	             -181
  376.6600	             -163
  376.6800	             -121
  376.7000	             -106
  376.7200	             -274
  376.7400	             -406
  376.7600	             -411
  376.7800	             -413
  376.8000	             -414
  376.8200	             -306
  376.8400	             -188
  376.8600	             -160
  376.8800	             -145
  376.9000	              -91
  376.9200	              -82
  376.9400	             -355
  376.9600	             -390
  376.9800	             -410
  377.0000	             -406
  377.0200	             -390
  377.0400	             -230
  377.0600	             -179
  377.0800	             -135
  377.1000	              -81
  377.1200	              -46
  377.1400	             -202
  377.1600	             -406
  377.1800	             -427
  377.2000	             -395
  377.2200	             -389
  377.2400	             -211
  377.2600	             -196
  377.2800	             -175
  377.3000	              -61
  377.3200	              -96
  377.3400	             -134
  377.3600	             -367
  377.3800	             -396
  377.4000	             -399
  377.4200	             -342
  377.4400	             -130
  377.4600	             -199
  377.4800	              -70
  377.5000	               -6
  377.5200	                8
  377.5400	              -78
  377.5600	             -350
  377.5800	             -420
  377.6000	             -398
  377.6200	             -221
  377.6400	             -124
  377.6600	             -198
  377.6800	               -3
  377.7000	              -23
  377.7200	              106
  377.7400	             -228
  377.7600	             -413
  377.7800	             -421
  377.8000	             -237
  377.8200	              -32
  377.8400	             -202
  377.8600	               46
  377.8800	               85
  377.9000	              112
  377.9200	             -108
  377.9400	             -368
  377.9600	             -395
  377.9800	             -156
  378.0000	               -5
  378.0200	             -256
  378.0400	              128
  378.0600	               33
  378.0800	              141
  378.1000	              -15
  378.1200	             -381
  378.1400	             -324
  378.1600	               23
  378.1800	              -75
  378.2000	              -72
  378.2200	              233
  378.2400	               24
  378.2600	              212
  378.2800	             -196
  378.3000	             -316
  378.3200	              122
  378.3400	               18
  378.3600	             -235
  378.3800	              250
  378.4000	              144
  378.4200	              213
  378.4400	              154
  378.4600	             -281
  378.4800	              200
  378.5000	               41
  378.5200	             -194
  378.5400	              370
  378.5600	              166
  378.5800	              218
  378.6000	              266
  378.6200	               15
  378.6400	              316
  378.6600	             -199
  378.6800	               33
  378.7000	              489
  378.7200	               77
  378.7400	              359
  378.7600	              382
  378.7800	              479
  378.8000	              158
  378.8200	             -196
  378.8400	              505
  378.8600	              418
  378.8800	              186
  378.9000	              849
  378.9200	              864
  378.9400	              110
  378.9600	             -233
  378.9800	              622
  379.0000	              509
  379.0200	              157
  379.0400	             1270
  379.0600	             1205
  379.0800	             -184
  379.1000	              -59
  379.1200	              840
  379.1400	              414
  379.1600	              632
  379.1800	             1902
  379.2000	              509
  379.2200	             -296
  379.2400	              618
  379.2600	              876
  379.2800	              416
  379.3000	             1779
  379.3200	              953
  379.3400	             -196
  379.3600	              508
  379.3800	             1161
  379.4000	             1167
  379.4200	             1508
  379.4400	              857
  379.4600	              136
  379.4800	              814
  379.5000	             1580
  379.5200	             1444
  379.5400	              720
  379.5600	              829
  379.5800	              553
  379.6000	             2098
  379.6200	             2096
  379.6400	              342
  379.6600	              714
  379.6800	             1168
  379.7000	             2413
  379.7200	             2173
  379.7400	              124
  379.7600	              279
  379.7800	             1991
  379.8000	             2872
  379.8200	              955
  379.8400	              113
  379.8600	             1085
  379.8800	             3115
  379.9000	             1950
  379.9200	              273
  379.9400	             1250
  379.9600	             2289
  379.9800	             2000
  380.0000	              874
  380.0200	             1617
  380.0400	             1680
  380.0600	             1811
  380.0800	             1646
  380.1000	             1509
  380.1200	             1468
  380.1400	             1804
  380.1600	             1617
  380.1800	             1600
  380.2000	             1423
  380.2200	             1539
  380.2400	             1428
  380.2600	             2156
  380.2800	             2549
  380.3000	             3309
  380.3200	             3434
  380.3400	             3202
  380.3600	             4174
  380.3800	             4607
  380.4000	             7009
  380.4200	            10572
  380.4400	            12470
  380.4600	             8330
  380.4800	             8757
  380.5000	             5926
  380.5200	             4785
  380.5400	             1458
  380.5600	             -301
  380.5800	             -350
  380.6000	             -372
  380.6200	             -353
  380.6400	             -385
  380.6600	             -353
  380.6800	             -403
  380.7000	             -388
  380.7200	             -409
  380.7400	             -375
  380.7600	             -390
  380.7800	             -371
  380.8000	             -362
  380.8200	             -412
  380.8400	             -360
  380.8600	             -405
  380.8800	             -426
  380.9000	             -394
  380.9200	             -410
  380.9400	             -432
  380.9600	             -383
  380.9800	             -396
  381.0000	             -411
  381.0200	             -426
  381.0400	             -416
  381.0600	             -411
  381.0800	             -400
  381.1000	             -376
  381.1200	             -410
  381.1400	             -410
  381.1600	             -422
  381.1800	             -422
  381.2000	             -395
  381.2200	             -362
  381.2400	             -396
  381.2600	             -426
  381.2800	             -412
  381.3000	             -411
  381.3200	             -422
  381.3400	             -423
  381.3600	             -414
  381.3800	             -427
  381.4000	             -412
  381.4200	             -410
  381.4400	             -425
  381.4600	             -413
  381.4800	             -421
  381.5000	             -404
  381.5200	             -419
  381.5400	             -418
  381.5600	             -409
  381.5800	             -409
  381.6000	             -397
  381.6200	             -439
  381.6400	             -410
  381.6600	             -404
  381.6800	             -418
  381.7000	             -414
  381.7200	             -406
  381.7400	             -438
  381.7600	             -417
  381.7800	             -415
  381.8000	             -429
  381.8200	             -416
  381.8400	             -405
  381.8600	             -412
  381.8800	             -443
  381.9000	             -370
  381.9200	             -404
  381.9400	             -419
  381.9600	             -404
  381.9800	             -436
  382.0000	             -404
