  370.0000	             -229
  370.0200	              -61
  370.0400	             -126
  370.0600	             -271
  370.0800	             -163
  370.1000	             -179
  370.1200	               86
  370.1400	              -96
  370.1600	             -291
  370.1800	             -291
  370.2000	             -151
  370.2200	              205
  370.2400	               56
  370.2600	             -250
  370.2800	             -253
  370.3000	                6
  370.3200	              216
  370.3400	             -262
  370.3600	             -334
  370.3800	             -205
  370.4000	              175
  370.4200	                5
  370.4400	             -249
  370.4600	              -42
  370.4800	               90
  370.5000	              132
  370.5200	               -6
  370.5400	              -73
  370.5600	             -174
  370.5800	               77
  370.6000	              -75
  370.6200	             -259
  370.6400	             -193
  370.6600	             -120
  370.6800	             -188
  370.7000	              -86
  370.7200	               -6
  370.7400	               -6
  370.7600	               -6
  370.7800	                7
  370.8000	               18
  370.8200	             -153
  370.8400	              160
  370.8600	              134
  370.8800	              197
  370.9000	              401
  370.9200	              355
  370.9400	              649
  370.9600	             1018
  370.9800	             1758
  371.0000	             1378
  371.0200	              785
  371.0400	             1134
  371.0600	              651
  371.0800	              395
  371.1000	              404
  371.1200	             -191
  371.1400	             -330
  371.1600	             -296
  371.1800	             -310
  371.2000	             -337
  371.2200	             -335
  371.2400	             -356
  371.2600	             -382
  371.2800	             -409
  371.3000	             -362
  371.3200	             -356
  371.3400	             -365
  371.3600	             -436
  371.3800	             -379
  371.4000	             -336
  371.4200	             -323
  371.4400	             -227
  371.4600	             -204
  371.4800	             -247
  371.5000	             -357
  371.5200	             -417
  371.5400	             -433
  371.5600	             -418
  371.5800	             -391
  371.6000	             -364
  371.6200	             -293
  371.6400	             -342
  371.6600	             -290
  371.6800	             -235
  371.7000	             -311
  371.7200	             -348
  371.7400	             -386
  371.7600	             -379
  371.7800	             -280
  371.8000	             -291
  371.8200	             -244
  371.8400	             -290
  371.8600	             -243
  371.8800	             -257
  371.9000	             -233
  371.9200	             -336
  371.9400	             -387
  371.9600	             -407
  371.9800	             -403
  372.0000	             -414
  372.0200	             -317
  372.0400	             -297
  372.0600	             -304
  372.0800	             -254
  372.1000	             -189
  372.1200	             -183
  372.1400	             -331
  372.1600	             -351
  372.1800	             -394
  372.2000	             -375
  372.2200	             -335
  372.2400	             -270
  372.2600	             -333
  372.2800	             -279
  372.3000	             -226
  372.3200	             -300
  372.3400	             -391
  372.3600	             -419
  372.3800	             -386
  372.4000	             -262
  372.4200	             -188
  372.4400	             -257
  372.4600	             -195
  372.4800	             -307
  372.5000	             -208
  372.5200	             -256
  372.5400	             -356
  372.5600	             -406
  372.5800	             -422
  372.6000	             -305
  372.6200	             -308
  372.6400	             -295
  372.6600	             -272
  372.6800	             -223
  372.7000	             -169
  372.7200	             -188
  372.7400	             -301
  372.7600	             -309
  372.7800	             -304
  372.8000	             -245
  372.8200	             -276
  372.8400	             -279
  372.8600	             -231
  372.8800	             -204
  372.9000	             -311
  372.9200	             -411
  372.9400	             -348
  372.9600	             -219
  372.9800	             -220
  373.0000	             -228
  373.0200	               -6
  373.0400	              -75
  373.0600	              -72
  373.0800	             -290
  373.1000	             -412
  373.1200	             -256
  373.1400	             -265
  373.1600	             -343
  373.1800	             -208
  373.2000	             -188
  373.2200	             -168
  373.2400	             -175
  373.2600	             -332
  373.2800	             -298
  373.3000	              -72
  373.3200	             -171
  373.3400	             -105
  373.3600	              -23
  373.3800	             -191
  373.4000	              -82
  373.4200	             -269
  373.4400	             -222
  373.4600	             -111
  373.4800	             -347
  373.5000	             -185
  373.5200	              -95
  373.5400	             -214
  373.5600	              -72
  373.5800	             -166
  373.6000	              128
  373.6200	               40
  373.6400	             -141
  373.6600	              -59
  373.6800	             -174
  373.7000	             -157
  373.7200	               41
  373.7400	               79
  373.7600	              -15
  373.7800	             -323
  373.8000	             -141
  373.8200	               55
  373.8400	             -216
  373.8600	               44
  373.8800	              385
  373.9000	              227
  373.9200	             -235
  373.9400	               -6
  373.9600	              172
  373.9800	             -162
  374.0000	              144
  374.0200	              518
  374.0400	              -75
  374.0600	             -380
  374.0800	               81
  374.1000	              142
  374.1200	             -208
  374.1400	              510
  374.1600	              719
  374.1800	             -145
  374.2000	              -21
  374.2200	              388
  374.2400	              131
  374.2600	              331
  374.2800	              733
  374.3000	              -51
  374.3200	             -263
  374.3400	              292
  374.3600	              256
  374.3800	              455
  374.4000	              634
  374.4200	              204
  374.4400	              -12
  374.4600	              518
  374.4800	              865
  374.5000	              576
  374.5200	              227
  374.5400	              213
  374.5600	              160
  374.5800	              911
  374.6000	              713
  374.6200	              -74
  374.6400	              275
  374.6600	              426
  374.6800	             1160
  374.7000	              919
  374.7200	               -1
  374.7400	              274
  374.7600	             1005
  374.7800	             1476
  374.8000	              278
  374.8200	             -220
  374.8400	              329
  374.8600	             1627
  374.8800	             1109
  374.9000	              -56
  374.9200	              146
  374.9400	             1138
  374.9600	             1360
  374.9800	              475
  375.0000	              632
  375.0200	             1046
  375.0400	              916
  375.0600	              774
  375.0800	              651
  375.1000	              537
  375.1200	              800
  375.1400	              932
  375.1600	              476
  375.1800	              773
  375.2000	              806
  375.2200	              862
  375.2400	              939
  375.2600	              991
  375.2800	              795
  375.3000	              743
  375.3200	             1336
  375.3400	             1174
  375.3600	             2035
  375.3800	             1687
  375.4000	             2092
  375.4200	             2465
  375.4400	             3574
  375.4600	             5729
  375.4800	             6794
  375.5000	             4227
  375.5200	             4856
  375.5400	             3773
  375.5600	             2642
  375.5800	             2030
  375.6000	             -169
  375.6200	             -329
  375.6400	             -378
  375.6600	             -380
  375.6800	             -370
  375.7000	             -282
  375.7200	             -192
  375.7400	             -161
  375.7600	             -130
  375.7800	             -181
  375.8000	             -362
  375.8200	             -393
  375.8400	             -384
  375.8600	             -339
  375.8800	             -421
  375.9000	             -422
  375.9200	             -363
  375.9400	             -271
  375.9600	             -217
  375.9800	             -194
  376.0000	             -168
  376.0200	             -197
  376.0400	             -370
  376.0600	             -376
  376.0800	             -404
  376.1000	             -404
  376.1200	             -416
  376.1400	             -416
  376.1600	             -364
  376.1800	             -256
  376.2000	             -194
  376.2200	             -104
  376.2400	              -77
  376.2600	             -241
  376.2800	             -379
  376.3000	             -404
  376.3200	             -404
  376.3400	             -411
  376.3600	             -408
  376.3800	             -403
  376.4000	             -236
  376.4200	             -197
  376.4400	             -171
  376.4600	             -164
  376.4800	             -158
  376.5000	             -332
  376.5200	             -418
  376.5400	             -409
  376.5600	             -411
  376.5800	             -411
  376.6000	             -362
  376.6200	             -205
  376.6400	             -203
  376.6600	             -163
  376.6800	             -106
  376.7000	              -70
  376.7200	             -304
  376.7400	             -391
  376.7600	             -411
  376.7800	             -414
  376.8000	             -414
  376.8200	             -318
  376.8400	             -181
  376.8600	             -220
  376.8800	             -152
  376.9000	             -126
  376.9200	             -120
  376.9400	             -362
  376.9600	             -397
  376.9800	             -437
  377.0000	             -404
  377.0200	             -415
  377.0400	             -223
  377.0600	             -152
  377.0800	             -129
  377.1000	              -65
  377.1200	              -42
  377.1400	             -183
  377.1600	             -365
  377.1800	             -396
  377.2000	             -390
  377.2200	             -371
  377.2400	             -208
  377.2600	             -174
  377.2800	             -172
  377.3000	              -53
  377.3200	              -61
  377.3400	             -130
  377.3600	             -372
  377.3800	             -404
  377.4000	             -406
  377.4200	             -369
  377.4400	             -161
  377.4600	             -155
  377.4800	              -70
  377.5000	              -15
  377.5200	               33
  377.5400	              -85
  377.5600	             -398
  377.5800	             -411
  377.6000	             -392
  377.6200	             -186
  377.6400	             -103
  377.6600	             -212
  377.6800	               80
  377.7000	              -49
  377.7200	               23
  377.7400	             -213
  377.7600	             -397
  377.7800	             -414
  377.8000	             -196
  377.8200	              -42
  377.8400	             -232
  377.8600	              135
  377.8800	               99
  377.9000	              112
  377.9200	             -136
  377.9400	             -403
  377.9600	             -407
  377.9800	             -107
  378.0000	              -17
  378.0200	             -265
  378.0400	              129
  378.0600	               30
  378.0800	              134
  378.1000	               -6
  378.1200	             -388
  378.1400	             -269
  378.1600	              116
  378.1800	              -70
  378.2000	              -75
  378.2200	              246
  378.2400	                2
  378.2600	              210
  378.2800	             -188
  378.3000	             -355
  378.3200	              128
  378.3400	               78
  378.3600	             -243
  378.3800	              277
  378.4000	              133
  378.4200	              217
  378.4400	              161
  378.4600	             -297
  378.4800	              197
  378.5000	              136
  378.5200	             -200
  378.5400	              359
  378.5600	              119
  378.5800	              225
  378.6000	              273
  378.6200	               18
  378.6400	              364
  378.6600	             -178
  378.6800	               69
  378.7000	              462
  378.7200	               78
  378.7400	              366
  378.7600	              418
  378.7800	              466
  378.8000	              135
  378.8200	             -235
  378.8400	              544
  378.8600	              430
  378.8800	              170
  378.9000	              862
  378.9200	              842
  378.9400	              108
  378.9600	             -212
  378.9800	              594
  379.0000	              536
  379.0200	               82
  379.0400	             1300
  379.0600	             1227
  379.0800	             -184
  379.1000	              -66
  379.1200	              866
  379.1400	              408
  379.1600	              621
  379.1800	             1920
  379.2000	              551
  379.2200	             -227
  379.2400	              621
  379.2600	              917
  379.2800	              369
  379.3000	             1818
  379.3200	              994
  379.3400	             -201
  379.3600	              499
  379.3800	             1192
  379.4000	             1182
  379.4200	             1496
  379.4400	              851
  379.4600	               58
  379.4800	              783
  379.5000	             1623
  379.5200	             1463
  379.5400	              695
  379.5600	              819
  379.5800	              557
  379.6000	             2117
  379.6200	             2175
  379.6400	              342
  379.6600	              720
  379.6800	             1168
  379.7000	             2438
  379.7200	             2230
  379.7400	              103
  379.7600	              316
  379.7800	             1979
  379.8000	             2964
  379.8200	             1005
  379.8400	               50
  379.8600	             1092
  379.8800	             3202
  379.9000	             2039
  379.9200	              278
  379.9400	             1248
  379.9600	             2285
  379.9800	             2041
  380.0000	              878
  380.0200	             1670
  380.0400	             1719
  380.0600	             1835
  380.0800	             1629
  380.1000	             1508
  380.1200	             1438
  380.1400	             1831
  380.1600	             1665
  380.1800	             1627
  380.2000	             1450
  380.2200	             1556
  380.2400	             1455
  380.2600	             2159
  380.2800	             2569
  380.3000	             3346
  380.3200	             3503
  380.3400	             3208
  380.3600	             4213
  380.3800	             4617
  380.4000	             7022
  380.4200	            10656
  380.4400	            12572
  380.4600	             8423
  380.4800	             8872
  380.5000	             6084
  380.5200	             4876
  380.5400	             1551
  380.5600	             -325
  380.5800	             -372
  380.6000	             -391
  380.6200	             -370
  380.6400	             -353
  380.6600	             -395
  380.6800	             -405
  380.7000	             -395
  380.7200	             -385
  380.7400	             -398
  380.7600	             -369
  380.7800	             -325
  380.8000	             -354
  380.8200	             -363
  380.8400	             -387
  380.8600	             -357
  380.8800	             -362
  380.9000	             -376
  380.9200	             -424
  380.9400	             -404
  380.9600	             -408
  380.9800	             -416
  381.0000	             -414
  381.0200	             -396
  381.0400	             -408
  381.0600	             -404
  381.0800	             -404
  381.1000	             -404
  381.1200	             -393
  381.1400	             -412
  381.1600	             -415
  381.1800	             -356
  381.2000	             -428
  381.2200	             -407
  381.2400	             -374
  381.2600	             -403
  381.2800	             -428
  381.3000	             -421
  381.3200	             -412
  381.3400	             -411
  381.3600	             -411
  381.3800	             -431
  381.4000	             -416
  381.4200	             -417
  381.4400	             -406
  381.4600	             -410
  381.4800	             -411
  381.5000	             -411
  381.5200	             -428
  381.5400	             -416
  381.5600	             -404
  381.5800	             -426
  381.6000	             -411
  381.6200	             -421
  381.6400	             -406
  381.6600	             -438
  381.6800	             -418
  381.7000	             -425
  381.7200	             -425
  381.7400	             -395
  381.7600	             -419
  381.7800	             -411
  381.8000	             -419
  381.8200	             -381
  381.8400	             -414
  381.8600	             -398
  381.8800	             -409
  381.9000	             -419
  381.9200	             -408
  381.9400	             -425
  381.9600	             -411
  381.9800	             -434
  382.0000	             -416
