  370.0000	             -204
  370.0200	               50
  370.0400	              -75
  370.0600	             -282
  370.0800	             -140
  370.1000	              -59
  370.1200	              124
  370.1400	               12
  370.1600	             -331
  370.1800	             -257
  370.2000	              -46
  370.2200	              301
  370.2400	              112
  370.2600	             -276
  370.2800	             -257
  370.3000	              138
  370.3200	              290
  370.3400	             -265
  370.3600	             -345
  370.3800	             -153
  370.4000	              255
  370.4200	              106
  370.4400	             -217
  370.4600	               81
  370.4800	              198
  370.5000	              199
  370.5200	               23
  370.5400	               -6
  370.5600	              -75
  370.5800	              148
  370.6000	                3
  370.6200	             -242
  370.6400	             -123
  370.6600	              -25
  370.6800	             -158
  370.7000	              -16
  370.7200	               47
  370.7400	               43
  370.7600	              110
  370.7800	              139
  370.8000	              155
  370.8200	              -53
  370.8400	              236
  370.8600	              215
  370.8800	              334
  370.9000	              487
  370.9200	              550
  370.9400	              859
  370.9600	             1282
  370.9800	             2094
  371.0000	             1528
  371.0200	              938
  371.0400	             1323
  371.0600	              678
  371.0800	              563
  371.1000	              557
  371.1200	             -196
  371.1400	             -294
  371.1600	             -283
  371.1800	             -257
  371.2000	             -308
  371.2200	             -281
  371.2400	             -320
  371.2600	             -365
  371.2800	             -383
  371.3000	             -389
  371.3200	             -398
  371.3400	             -402
  371.3600	             -365
  371.3800	             -327
  371.4000	             -325
  371.4200	             -293
  371.4400	             -153
  371.4600	             -185
  371.4800	             -272
  371.5000	             -313
  371.5200	             -396
  371.5400	             -364
  371.5600	             -372
  371.5800	             -421
  371.6000	             -325
  371.6200	             -288
  371.6400	             -275
  371.6600	             -297
  371.6800	             -221
  371.7000	             -300
  371.7200	             -385
  371.7400	             -403
  371.7600	             -312
  371.7800	             -244
  371.8000	             -260
  371.8200	             -222
  371.8400	             -279
  371.8600	             -241
  371.8800	             -215
  371.9000	             -198
  371.9200	             -348
  371.9400	             -396
  371.9600	             -393
  371.9800	             -424
  372.0000	             -356
  372.0200	             -231
  372.0400	             -248
  372.0600	             -275
  372.0800	             -203
  372.1000	             -149
  372.1200	             -179
  372.1400	             -276
  372.1600	             -382
  372.1800	             -403
  372.2000	             -408
  372.2200	             -281
  372.2400	             -246
  372.2600	             -247
  372.2800	             -257
  372.3000	             -192
  372.3200	             -263
  372.3400	             -362
  372.3600	             -422
  372.3800	             -370
  372.4000	             -220
  372.4200	             -164
  372.4400	             -220
  372.4600	             -217
  372.4800	             -246
  372.5000	             -202
  372.5200	             -297
  372.5400	             -385
  372.5600	             -365
  372.5800	             -380
  372.6000	             -248
  372.6200	             -264
  372.6400	             -307
  372.6600	             -196
  372.6800	             -204
  372.7000	             -141
  372.7200	             -198
  372.7400	             -246
  372.7600	             -278
  372.7800	             -279
  372.8000	             -203
  372.8200	             -280
  372.8400	             -225
  372.8600	             -220
  372.8800	             -161
  372.9000	             -344
  372.9200	             -371
  372.9400	             -382
  372.9600	             -180
  372.9800	             -229
  373.0000	             -167
  373.0200	              102
  373.0400	               51
  373.0600	                5
  373.0800	             -276
  373.1000	             -378
  373.1200	             -253
  373.1400	             -201
  373.1600	             -308
  373.1800	             -130
  373.2000	             -187
  373.2200	             -150
  373.2400	             -157
  373.2600	             -329
  373.2800	             -180
  373.3000	               81
  373.3200	             -140
  373.3400	               -8
  373.3600	               80
  373.3800	             -148
  373.4000	              -10
  373.4200	             -260
  373.4400	             -194
  373.4600	              -69
  373.4800	             -288
  373.5000	              -79
  373.5200	               -6
  373.5400	             -185
  373.5600	               49
  373.5800	              -98
  373.6000	              147
  373.6200	               90
  373.6400	             -102
  373.6600	               24
  373.6800	             -105
  373.7000	              -62
  373.7200	              111
  373.7400	              126
  373.7600	               28
  373.7800	             -360
  373.8000	              -27
  373.8200	              171
  373.8400	             -169
  373.8600	              172
  373.8800	              477
  373.9000	              325
  373.9200	             -177
  373.9400	              140
  373.9600	              225
  373.9800	             -162
  374.0000	              255
  374.0200	              602
  374.0400	              -72
  374.0600	             -343
  374.0800	              139
  374.1000	              215
  374.1200	             -154
  374.1400	              662
  374.1600	              826
  374.1800	             -102
  374.2000	              121
  374.2200	              494
  374.2400	              135
  374.2600	              475
  374.2800	              833
  374.3000	              -79
  374.3200	             -198
  374.3400	              359
  374.3600	              278
  374.3800	              564
  374.4000	              698
  374.4200	              227
  374.4400	               93
  374.4600	              667
  374.4800	              949
  374.5000	              629
  374.5200	              299
  374.5400	              247
  374.5600	              267
  374.5800	             1076
  374.6000	              705
  374.6200	              -25
  374.6400	              361
  374.6600	              535
  374.6800	             1383
  374.7000	              939
  374.7200	              118
  374.7400	              395
  374.7600	             1228
  374.7800	             1587
  374.8000	              245
  374.8200	             -159
  374.8400	              507
  374.8600	             1824
  374.8800	             1078
  374.9000	              -75
  374.9200	              237
  374.9400	             1367
  374.9600	             1434
  374.9800	              466
  375.0000	              793
  375.0200	             1178
  375.0400	              994
  375.0600	              866
  375.0800	              763
  375.1000	              679
  375.1200	              958
  375.1400	              965
  375.1600	              579
  375.1800	              865
  375.2000	              922
  375.2200	             1020
  375.2400	             1058
  375.2600	             1108
  375.2800	              876
  375.3000	              934
  375.3200	             1444
  375.3400	             1339
  375.3600	             2275
  375.3800	             1805
  375.4000	             2331
  375.4200	             2670
  375.4400	             3916
  375.4600	             6198
  375.4800	             7046
  375.5000	             4427
  375.5200	             5201
  375.5400	             3772
  375.5600	             2793
  375.5800	             2007
  375.6000	             -208
  375.6200	             -370
  375.6400	             -367
  375.6600	             -390
  375.6800	             -380
  375.7000	             -262
  375.7200	             -190
  375.7400	             -123
  375.7600	             -134
  375.7800	             -168
  375.8000	             -347
  375.8200	             -390
  375.8400	             -390
  375.8600	             -396
  375.8800	             -355
  375.9000	             -426
  375.9200	             -407
  375.9400	             -269
  375.9600	             -186
  375.9800	             -122
  376.0000	             -154
  376.0200	             -192
  376.0400	             -331
  376.0600	             -359
  376.0800	             -391
  376.1000	             -364
  376.1200	             -433
  376.1400	             -379
  376.1600	             -352
  376.1800	             -201
  376.2000	             -154
  376.2200	             -133
  376.2400	              -50
  376.2600	             -221
  376.2800	             -373
  376.3000	             -390
  376.3200	             -412
  376.3400	             -397
  376.3600	             -405
  376.3800	             -301
  376.4000	             -217
  376.4200	             -159
  376.4400	             -157
  376.4600	              -97
  376.4800	             -148
  376.5000	             -308
  376.5200	             -389
  376.5400	             -394
  376.5600	             -380
  376.5800	             -408
  376.6000	             -367
  376.6200	             -188
  376.6400	             -167
  376.6600	              -68
  376.6800	              -75
  376.7000	              -85
  376.7200	             -317
  376.7400	             -383
  376.7600	             -418
  376.7800	             -414
  376.8000	             -432
  376.8200	             -306
  376.8400	             -157
  376.8600	             -172
  376.8800	              -45
  376.9000	              -65
  376.9200	              -79
  376.9400	             -327
  376.9600	             -412
  376.9800	             -420
  377.0000	             -398
  377.0200	             -372
  377.0400	             -205
  377.0600	             -188
  377.0800	             -112
  377.1000	              -20
  377.1200	               -8
  377.1400	             -167
  377.1600	             -393
  377.1800	             -410
  377.2000	             -421
  377.2200	             -381
  377.2400	             -162
  377.2600	             -173
  377.2800	              -99
  377.3000	               -6
  377.3200	               35
  377.3400	             -149
  377.3600	             -393
  377.3800	             -364
  377.4000	             -422
  377.4200	             -364
  377.4400	             -157
  377.4600	             -151
  377.4800	               -6
  377.5000	               15
  377.5200	              133
  377.5400	              -86
  377.5600	             -354
  377.5800	             -364
  377.6000	             -398
  377.6200	             -160
  377.6400	              -68
  377.6600	             -148
  377.6800	               68
  377.7000	                5
  377.7200	               91
  377.7400	             -249
  377.7600	             -376
  377.7800	             -424
  377.8000	             -191
  377.8200	               14
  377.8400	             -152
  377.8600	              135
  377.8800	              120
  377.9000	              179
  377.9200	             -118
  377.9400	             -351
  377.9600	             -379
  377.9800	              -13
  378.0000	              101
  378.0200	             -209
  378.0400	              200
  378.0600	               25
  378.0800	              203
  378.1000	               -6
  378.1200	             -375
  378.1400	             -220
  378.1600	              133
  378.1800	              -77
  378.2000	              128
  378.2200	              306
  378.2400	               85
  378.2600	              305
  378.2800	             -183
  378.3000	             -295
  378.3200	              194
  378.3400	               14
  378.3600	             -173
  378.3800	              310
  378.4000	              149
  378.4200	              275
  378.4400	              203
  378.4600	             -196
  378.4800	              265
  378.5000	              135
  378.5200	             -129
  378.5400	              458
  378.5600	              179
  378.5800	              328
  378.6000	              308
  378.6200	              128
  378.6400	              433
  378.6600	             -232
  378.6800	              146
  378.7000	              584
  378.7200	               25
  378.7400	              474
  378.7600	              485
  378.7800	              559
  378.8000	              100
  378.8200	             -166
  378.8400	              638
  378.8600	              435
  378.8800	              328
  378.9000	             1037
  378.9200	              876
  378.9400	               -6
  378.9600	             -133
  378.9800	              755
  379.0000	              492
  379.0200	              225
  379.0400	             1518
  379.0600	             1177
  379.0800	             -250
  379.1000	               60
  379.1200	              964
  379.1400	              391
  379.1600	              849
  379.1800	             1999
  379.2000	              402
  379.2200	             -196
  379.2400	              768
  379.2600	              939
  379.2800	              579
  379.3000	             1993
  379.3200	              866
  379.3400	             -189
  379.3600	              640
  379.3800	             1266
  379.4000	             1277
  379.4200	             1597
  379.4400	              858
  379.4600	              153
  379.4800	              954
  379.5000	             1733
  379.5200	             1484
  379.5400	              745
  379.5600	              864
  379.5800	              672
  379.6000	             2346
  379.6200	             2089
  379.6400	              285
  379.6600	              848
  379.6800	             1348
  379.7000	             2582
  379.7200	             2041
  379.7400	              105
  379.7600	              442
  379.7800	             2251
  379.8000	             2907
  379.8200	              831
  379.8400	              135
  379.8600	             1389
  379.8800	             3299
  379.9000	             1808
  379.9200	              305
  379.9400	             1434
  379.9600	             2429
  379.9800	             2030
  380.0000	              910
  380.0200	             1782
  380.0400	             1750
  380.0600	             1889
  380.0800	             1651
  380.1000	             1597
  380.1200	             1539
  380.1400	             1919
  380.1600	             1758
  380.1800	             1715
  380.2000	             1534
  380.2200	             1644
  380.2400	             1592
  380.2600	             2348
  380.2800	             2644
  380.3000	             3552
  380.3200	             3484
  380.3400	             3401
  380.3600	             4341
  380.3800	             4857
  380.4000	             7252
  380.4200	            11110
  380.4400	            12453
  380.4600	             8344
  380.4800	             8867
  380.5000	             5859
  380.5200	             4784
  380.5400	             1188
  380.5600	             -343
  380.5800	             -332
  380.6000	             -371
  380.6200	             -323
  380.6400	             -364
  380.6600	             -382
  380.6800	             -375
  380.7000	             -387
  380.7200	             -410
  380.7400	             -382
  380.7600	             -313
  380.7800	             -345
  380.8000	             -318
  380.8200	             -342
  380.8400	             -371
  380.8600	             -397
  380.8800	             -394
  380.9000	             -412
  380.9200	             -397
  380.9400	             -365
  380.9600	             -384
  380.9800	             -415
  381.0000	             -395
  381.0200	             -400
  381.0400	             -384
  381.0600	             -407
  381.0800	             -395
  381.1000	             -409
  381.1200	             -432
  381.1400	             -410
  381.1600	             -393
  381.1800	             -399
  381.2000	             -412
  381.2200	             -357
  381.2400	             -391
  381.2600	             -422
  381.2800	             -395
  381.3000	             -432
  381.3200	             -426
  381.3400	             -408
  381.3600	             -439
  381.3800	             -395
  381.4000	             -377
  381.4200	             -416
  381.4400	             -406
  381.4600	             -407
  381.4800	             -425
  381.5000	             -397
  381.5200	             -409
  381.5400	             -418
  381.5600	             -404
  381.5800	             -405
  381.6000	             -361
  381.6200	             -425
  381.6400	             -424
  381.6600	             -403
  381.6800	             -428
  381.7000	             -423
  381.7200	             -410
  381.7400	             -395
  381.7600	             -404
  381.7800	             -397
  381.8000	             -420
  381.8200	             -422
  381.8400	             -420
  381.8600	             -410
  381.8800	             -418
  381.9000	             -414
  381.9200	             -439
  381.9400	             -392
  381.9600	             -418
  381.9800	             -407
  382.0000	             -410
