  370.0000	             -198
  370.0200	               72
  370.0400	              -14
  370.0600	             -294
  370.0800	             -163
  370.1000	             -121
  370.1200	               29
  370.1400	               15
  370.1600	             -319
  370.1800	             -314
  370.2000	              -18
  370.2200	              255
  370.2400	               90
  370.2600	             -269
  370.2800	             -240
  370.3000	               91
  370.3200	              220
  370.3400	             -309
  370.3600	             -356
  370.3800	             -139
  370.4000	              237
  370.4200	               69
  370.4400	             -210
  370.4600	               84
  370.4800	              175
  370.5000	              182
  370.5200	              -12
  370.5400	             -115
  370.5600	             -101
  370.5800	               29
  370.6000	              -58
  370.6200	             -328
  370.6400	             -165
  370.6600	             -118
  370.6800	             -193
  370.7000	              -43
  370.7200	               73
  370.7400	               15
  370.7600	              136
  370.7800	              105
  370.8000	              107
  370.8200	              -70
  370.8400	              202
  370.8600	              164
  370.8800	              300
  370.9000	              459
  370.9200	              506
  370.9400	              746
  370.9600	             1218
  370.9800	             1963
  371.0000	             1359
  371.0200	              919
  371.0400	             1236
  371.0600	              609
  371.0800	              540
  371.1000	              430
  371.1200	             -237
  371.1400	             -313
  371.1600	             -265
  371.1800	             -324
  371.2000	             -337
  371.2200	             -318
  371.2400	             -337
  371.2600	             -378
  371.2800	             -421
  371.3000	             -430
  371.3200	             -432
  371.3400	             -420
  371.3600	             -421
  371.3800	             -371
  371.4000	             -328
  371.4200	             -258
  371.4400	             -241
  371.4600	             -179
  371.4800	             -295
  371.5000	             -351
  371.5200	             -405
  371.5400	             -404
  371.5600	             -424
  371.5800	             -421
  371.6000	             -317
  371.6200	             -298
  371.6400	             -307
  371.6600	             -278
  371.6800	             -258
  371.7000	             -307
  371.7200	             -384
  371.7400	             -394
  371.7600	             -357
  371.7800	             -252
  371.8000	             -264
  371.8200	             -269
  371.8400	             -278
  371.8600	             -263
  371.8800	             -277
  371.9000	             -231
  371.9200	             -316
  371.9400	             -426
  371.9600	             -410
  371.9800	             -415
  372.0000	             -413
  372.0200	             -260
  372.0400	             -252
  372.0600	             -247
  372.0800	             -194
  372.1000	             -119
  372.1200	             -200
  372.1400	             -284
  372.1600	             -423
  372.1800	             -426
  372.2000	             -375
  372.2200	             -319
  372.2400	             -250
  372.2600	             -300
  372.2800	             -258
  372.3000	             -210
  372.3200	             -297
  372.3400	             -353
  372.3600	             -418
  372.3800	             -331
  372.4000	             -238
  372.4200	             -107
  372.4400	             -248
  372.4600	             -212
  372.4800	             -238
  372.5000	             -238
  372.5200	             -314
  372.5400	             -351
  372.5600	             -409
  372.5800	             -409
  372.6000	             -280
  372.6200	             -236
  372.6400	             -258
  372.6600	             -247
  372.6800	             -212
  372.7000	             -111
  372.7200	             -220
  372.7400	             -275
  372.7600	             -293
  372.7800	             -295
  372.8000	             -218
  372.8200	             -233
  372.8400	             -265
  372.8600	             -203
  372.8800	             -172
  372.9000	             -345
  372.9200	             -425
  372.9400	             -385
  372.9600	             -204
  372.9800	             -219
  373.0000	             -189
  373.0200	               88
  373.0400	              -25
  373.0600	              -30
  373.0800	             -295
  373.1000	             -408
  373.1200	             -261
  373.1400	             -191
  373.1600	             -338
  373.1800	             -144
  373.2000	             -197
  373.2200	             -160
  373.2400	             -171
  373.2600	             -315
  373.2800	             -249
  373.3000	              -12
  373.3200	             -194
  373.3400	              -44
  373.3600	               38
  373.3800	             -176
  373.4000	              -63
  373.4200	             -279
  373.4400	             -169
  373.4600	              -81
  373.4800	             -304
  373.5000	             -108
  373.5200	             -119
  373.5400	             -196
  373.5600	              -26
  373.5800	             -176
  373.6000	              161
  373.6200	               47
  373.6400	             -130
  373.6600	               -6
  373.6800	             -146
  373.7000	              -71
  373.7200	               89
  373.7400	              154
  373.7600	               13
  373.7800	             -382
  373.8000	               -6
  373.8200	              121
  373.8400	             -197
  373.8600	              139
  373.8800	              456
  373.9000	              267
  373.9200	             -183
  373.9400	               53
  373.9600	              198
  373.9800	             -196
  374.0000	              243
  374.0200	              564
  374.0400	             -122
  374.0600	             -356
  374.0800	              117
  374.1000	              175
  374.1200	             -191
  374.1400	              654
  374.1600	              753
  374.1800	             -100
  374.2000	               -4
  374.2200	              458
  374.2400	              117
  374.2600	              456
  374.2800	              777
  374.3000	             -127
  374.3200	             -240
  374.3400	              305
  374.3600	              236
  374.3800	              475
  374.4000	              644
  374.4200	              193
  374.4400	               93
  374.4600	              651
  374.4800	              907
  374.5000	              559
  374.5200	              254
  374.5400	              226
  374.5600	              261
  374.5800	              994
  374.6000	              706
  374.6200	              -75
  374.6400	              352
  374.6600	              513
  374.6800	             1288
  374.7000	              851
  374.7200	               94
  374.7400	              359
  374.7600	             1161
  374.7800	             1507
  374.8000	              202
  374.8200	             -188
  374.8400	              490
  374.8600	             1743
  374.8800	             1008
  374.9000	             -141
  374.9200	              220
  374.9400	             1317
  374.9600	             1385
  374.9800	              449
  375.0000	              768
  375.0200	             1127
  375.0400	              936
  375.0600	              794
  375.0800	              697
  375.1000	              650
  375.1200	              903
  375.1400	              931
  375.1600	              532
  375.1800	              817
  375.2000	              851
  375.2200	              987
  375.2400	             1016
  375.2600	             1049
  375.2800	              870
  375.3000	              870
  375.3200	             1443
  375.3400	             1295
  375.3600	             2201
  375.3800	             1686
  375.4000	             2246
  375.4200	             2585
  375.4400	             3778
  375.4600	             6059
  375.4800	             6881
  375.5000	             4262
  375.5200	             5088
  375.5400	             3631
  375.5600	             2710
  375.5800	             1933
  375.6000	             -203
  375.6200	             -348
  375.6400	             -349
  375.6600	             -365
  375.6800	             -372
  375.7000	             -248
  375.7200	             -189
  375.7400	             -157
  375.7600	             -140
  375.7800	             -174
  375.8000	             -333
  375.8200	             -403
  375.8400	             -352
  375.8600	             -389
  375.8800	             -338
  375.9000	             -422
  375.9200	             -406
  375.9400	             -234
  375.9600	             -208
  375.9800	             -195
  376.0000	             -163
  376.0200	             -209
  376.0400	             -340
  376.0600	             -410
  376.0800	             -409
  376.1000	             -419
  376.1200	             -411
  376.1400	             -404
  376.1600	             -338
  376.1800	             -197
  376.2000	             -180
  376.2200	              -68
  376.2400	              -74
  376.2600	             -201
  376.2800	             -400
  376.3000	             -427
  376.3200	             -427
  376.3400	             -419
  376.3600	             -412
  376.3800	             -382
  376.4000	             -187
  376.4200	             -176
  376.4400	             -183
  376.4600	             -112
  376.4800	             -155
  376.5000	             -351
  376.5200	             -411
  376.5400	             -380
  376.5600	             -377
  376.5800	             -404
  376.6000	             -369
  376.6200	             -215
  376.6400	             -157
  376.6600	              -94
  376.6800	             -112
  376.7000	              -70
  376.7200	             -347
  376.7400	             -403
  376.7600	             -419
  376.7800	             -425
  376.8000	             -416
  376.8200	             -337
  376.8400	             -173
  376.8600	             -188
  376.8800	             -133
  376.9000	              -70
  376.9200	             -137
  376.9400	             -323
  376.9600	             -407
  376.9800	             -426
  377.0000	             -404
  377.0200	             -416
  377.0400	             -207
  377.0600	             -151
  377.0800	             -109
  377.1000	              -54
  377.1200	              -12
  377.1400	             -197
  377.1600	             -401
  377.1800	             -416
  377.2000	             -420
  377.2200	             -349
  377.2400	             -154
  377.2600	             -150
  377.2800	             -149
  377.3000	              -12
  377.3200	               -6
  377.3400	             -165
  377.3600	             -381
  377.3800	             -404
  377.4000	             -422
  377.4200	             -375
  377.4400	             -117
  377.4600	             -167
  377.4800	               -6
  377.5000	               51
  377.5200	              119
  377.5400	             -140
  377.5600	             -416
  377.5800	             -418
  377.6000	             -420
  377.6200	             -181
  377.6400	             -132
  377.6600	             -175
  377.6800	              119
  377.7000	               -6
  377.7200	               47
  377.7400	             -277
  377.7600	             -411
  377.7800	             -416
  377.8000	             -190
  377.8200	               59
  377.8400	             -209
  377.8600	              130
  377.8800	               36
  377.9000	              172
  377.9200	             -146
  377.9400	             -423
  377.9600	             -416
  377.9800	              -96
  378.0000	               -6
  378.0200	             -198
  378.0400	              167
  378.0600	               69
  378.0800	              193
  378.1000	              -30
  378.1200	             -363
  378.1400	             -231
  378.1600	              116
  378.1800	              -98
  378.2000	               42
  378.2200	              260
  378.2400	              124
  378.2600	              267
  378.2800	             -233
  378.3000	             -313
  378.3200	              187
  378.3400	              -39
  378.3600	             -152
  378.3800	              313
  378.4000	              137
  378.4200	              294
  378.4400	              179
  378.4600	             -231
  378.4800	              265
  378.5000	               73
  378.5200	             -179
  378.5400	              449
  378.5600	              132
  378.5800	              328
  378.6000	              274
  378.6200	              113
  378.6400	              383
  378.6600	             -228
  378.6800	              126
  378.7000	              510
  378.7200	               10
  378.7400	              428
  378.7600	              479
  378.7800	              499
  378.8000	              115
  378.8200	             -163
  378.8400	              611
  378.8600	              374
  378.8800	              309
  378.9000	             1002
  378.9200	              794
  378.9400	              -51
  378.9600	             -115
  378.9800	              672
  379.0000	              464
  379.0200	              191
  379.0400	             1450
  379.0600	             1127
  379.0800	             -282
  379.1000	              133
  379.1200	              907
  379.1400	              349
  379.1600	              867
  379.1800	             1963
  379.2000	              320
  379.2200	             -247
  379.2400	              737
  379.2600	              873
  379.2800	              568
  379.3000	             1933
  379.3200	              786
  379.3400	             -243
  379.3600	              658
  379.3800	             1205
  379.4000	             1252
  379.4200	             1518
  379.4400	              794
  379.4600	               46
  379.4800	              937
  379.5000	             1686
  379.5200	             1424
  379.5400	              686
  379.5600	              784
  379.5800	              632
  379.6000	             2294
  379.6200	             1984
  379.6400	              288
  379.6600	              797
  379.6800	             1290
  379.7000	             2560
  379.7200	             1942
  379.7400	               47
  379.7600	              432
  379.7800	             2222
  379.8000	             2786
  379.8200	              736
  379.8400	              133
  379.8600	             1412
  379.8800	             3227
  379.9000	             1724
  379.9200	              277
  379.9400	             1435
  379.9600	             2339
  379.9800	             1941
  380.0000	              857
  380.0200	             1728
  380.0400	             1724
  380.0600	             1848
  380.0800	             1604
  380.1000	             1534
  380.1200	             1484
  380.1400	             1844
  380.1600	             1673
  380.1800	             1676
  380.2000	             1494
  380.2200	             1615
  380.2400	             1476
  380.2600	             2292
  380.2800	             2569
  380.3000	             3515
  380.3200	             3417
  380.3400	             3358
  380.3600	             4254
  380.3800	             4821
  380.4000	             7163
  380.4200	            11003
  380.4400	            12049
  380.4600	             8108
  380.4800	             8589
  380.5000	             5665
  380.5200	             4641
  380.5400	             1031
  380.5600	             -324
  380.5800	             -377
  380.6000	             -384
  380.6200	             -321
  380.6400	             -404
  380.6600	             -371
  380.6800	             -408
  380.7000	             -379
  380.7200	             -393
  380.7400	             -340
  380.7600	             -368
  380.7800	             -382
  380.8000	             -380
  380.8200	             -426
  380.8400	             -383
  380.8600	             -393
  380.8800	             -397
  380.9000	             -394
  380.9200	             -438
  380.9400	             -395
  380.9600	             -417
  380.9800	             -425
  381.0000	             -416
  381.0200	             -434
  381.0400	             -412
  381.0600	             -412
  381.0800	             -429
  381.1000	             -404
  381.1200	             -431
  381.1400	             -416
  381.1600	             -418
  381.1800	             -410
  381.2000	             -432
  381.2200	             -403
  381.2400	             -406
  381.2600	             -438
  381.2800	             -424
  381.3000	             -409
  381.3200	             -418
  381.3400	             -406
  381.3600	             -443
  381.3800	             -399
  381.4000	             -447
  381.4200	             -425
  381.4400	             -443
  381.4600	             -451
  381.4800	             -421
  381.5000	             -424
  381.5200	             -407
  381.5400	             -404
  381.5600	             -424
  381.5800	             -426
  381.6000	             -407
  381.6200	             -408
  381.6400	             -439
  381.6600	             -424
  381.6800	             -449
  381.7000	             -409
  381.7200	             -430
  381.7400	             -412
  381.7600	             -435
  381.7800	             -403
  381.8000	             -419
  381.8200	             -425
  381.8400	             -425
  381.8600	             -412
  381.8800	             -419
  381.9000	             -426
  381.9200	             -409
  381.9400	             -438
  381.9600	             -460
  381.9800	             -443
  382.0000	             -452
