  370.0000	              -51
  370.0200	              211
  370.0400	              131
  370.0600	             -215
  370.0800	              -80
  370.1000	               21
  370.1200	              234
  370.1400	              182
  370.1600	             -203
  370.1800	             -185
  370.2000	              171
  370.2200	              427
  370.2400	              178
  370.2600	             -162
  370.2800	             -129
  370.3000	              279
  370.3200	              355
  370.3400	             -183
  370.3600	             -194
  370.3800	               90
  370.4000	              365
  370.4200	              157
  370.4400	              -65
  370.4600	              188
  370.4800	              316
  370.5000	              334
  370.5200	              118
  370.5400	               67
  370.5600	              107
  370.5800	              230
  370.6000	              126
  370.6200	             -201
  370.6400	              -18
  370.6600	              116
  370.6800	              -32
  370.7000	              168
  370.7200	              193
  370.7400	              222
  370.7600	              213
  370.7800	              299
  370.8000	              227
  370.8200	              144
  370.8400	              396
  370.8600	              282
  370.8800	              538
  370.9000	              660
  370.9200	              717
  370.9400	             1088
  370.9600	             1608
  370.9800	             2429
  371.0000	             1668
  371.0200	             1227
  371.0400	             1500
  371.0600	              717
  371.0800	              724
  371.1000	              622
  371.1200	             -134
  371.1400	             -225
  371.1600	             -154
  371.1800	             -192
  371.2000	             -212
  371.2200	             -240
  371.2400	             -219
  371.2600	             -240
  371.2800	             -275
  371.3000	             -345
  371.3200	             -289
  371.3400	             -350
  371.3600	             -300
  371.3800	             -257
  371.4000	             -202
  371.4200	             -191
  371.4400	             -144
  371.4600	              -80
  371.4800	             -173
  371.5000	             -296
  371.5200	             -315
  371.5400	             -329
  371.5600	             -343
  371.5800	             -312
  371.6000	             -205
  371.6200	             -241
  371.6400	             -238
  371.6600	             -202
  371.6800	             -142
  371.7000	             -260
  371.7200	             -284
  371.7400	             -329
  371.7600	             -198
  371.7800	             -196
  371.8000	             -196
  371.8200	             -140
  371.8400	             -183
  371.8600	             -156
  371.8800	             -175
  371.9000	             -127
  371.9200	             -234
  371.9400	             -291
  371.9600	             -345
  371.9800	             -338
  372.0000	             -270
  372.0200	             -162
  372.0400	             -142
  372.0600	             -155
  372.0800	              -66
  372.1000	               94
  372.1200	              -92
  372.1400	             -227
  372.1600	             -330
  372.1800	             -285
  372.2000	             -280
  372.2200	             -162
  372.2400	             -210
  372.2600	             -141
  372.2800	             -149
  372.3000	             -129
  372.3200	             -203
  372.3400	             -268
  372.3600	             -304
  372.3800	             -291
  372.4000	             -109
  372.4200	                1
  372.4400	             -125
  372.4600	             -116
  372.4800	             -175
  372.5000	              -57
  372.5200	             -197
  372.5400	             -284
  372.5600	             -337
  372.5800	             -292
  372.6000	             -148
  372.6200	             -196
  372.6400	             -164
  372.6600	              -93
  372.6800	              -83
  372.7000	              109
  372.7200	              -77
  372.7400	             -203
  372.7600	             -256
  372.7800	             -163
  372.8000	             -158
  372.8200	             -164
  372.8400	             -164
  372.8600	             -109
  372.8800	              -30
  372.9000	             -214
  372.9200	             -337
  372.9400	             -229
  372.9600	               -6
  372.9800	             -145
  373.0000	               -6
  373.0200	              219
  373.0400	              158
  373.0600	              204
  373.0800	             -244
  373.1000	             -273
  373.1200	             -154
  373.1400	             -133
  373.1600	             -177
  373.1800	               11
  373.2000	              -52
  373.2200	               11
  373.2400	              -38
  373.2600	             -255
  373.2800	              -89
  373.3000	              177
  373.3200	              -29
  373.3400	              168
  373.3600	              171
  373.3800	               13
  373.4000	              139
  373.4200	             -140
  373.4400	              -36
  373.4600	               41
  373.4800	             -219
  373.5000	               54
  373.5200	              117
  373.5400	              -15
  373.5600	              159
  373.5800	                6
  373.6000	              366
  373.6200	              240
  373.6400	               10
  373.6600	              148
  373.6800	               -1
  373.7000	              124
  373.7200	              273
  373.7400	              303
  373.7600	              183
  373.7800	             -279
  373.8000	              153
  373.8200	              302
  373.8400	              -75
  373.8600	              347
  373.8800	              662
  373.9000	              379
  373.9200	              -81
  373.9400	              255
  373.9600	              401
  373.9800	              -80
  374.0000	              502
  374.0200	              818
  374.0400	               -6
  374.0600	             -250
  374.0800	              331
  374.1000	              296
  374.1200	              -31
  374.1400	              931
  374.1600	              978
  374.1800	              -23
  374.2000	              234
  374.2200	              682
  374.2400	              212
  374.2600	              717
  374.2800	              994
  374.3000	              -96
  374.3200	             -126
  374.3400	              581
  374.3600	              423
  374.3800	              750
  374.4000	              863
  374.4200	              318
  374.4400	              283
  374.4600	              920
  374.4800	             1136
  374.5000	              750
  374.5200	              482
  374.5400	              337
  374.5600	              465
  374.5800	             1294
  374.6000	              881
  374.6200	               92
  374.6400	              541
  374.6600	              747
  374.6800	             1595
  374.7000	             1007
  374.7200	              222
  374.7400	              624
  374.7600	             1551
  374.7800	             1756
  374.8000	              279
  374.8200	              -49
  374.8400	              739
  374.8600	             2066
  374.8800	             1120
  374.9000	               63
  374.9200	              414
  374.9400	             1630
  374.9600	             1584
  374.9800	              642
  375.0000	             1029
  375.0200	             1422
  375.0400	             1146
  375.0600	              994
  375.0800	              960
  375.1000	              879
  375.1200	             1141
  375.1400	             1196
  375.1600	              768
  375.1800	             1036
  375.2000	             1101
  375.2200	             1295
  375.2400	             1294
  375.2600	             1363
  375.2800	             1142
  375.3000	             1204
  375.3200	             1726
  375.3400	             1548
  375.3600	             2606
  375.3800	             1967
  375.4000	             2701
  375.4200	             2974
  375.4400	             4324
  375.4600	             6724
  375.4800	             7409
  375.5000	             4737
  375.5200	             5698
  375.5400	             3873
  375.5600	             3025
  375.5800	             2002
  375.6000	             -174
  375.6200	             -279
  375.6400	             -280
  375.6600	             -278
  375.6800	             -297
  375.7000	             -151
  375.7200	              -60
  375.7400	               -6
  375.7600	              -15
  375.7800	              -50
  375.8000	             -249
  375.8200	             -331
  375.8400	             -294
  375.8600	             -275
  375.8800	             -313
  375.9000	             -338
  375.9200	             -287
  375.9400	             -161
  375.9600	              -85
  375.9800	              -15
  376.0000	               -2
  376.0200	             -133
  376.0400	             -251
  376.0600	             -324
  376.0800	             -338
  376.1000	             -362
  376.1200	             -349
  376.1400	             -326
  376.1600	             -269
  376.1800	             -142
  376.2000	              -37
  376.2200	               55
  376.2400	               76
  376.2600	             -168
  376.2800	             -326
  376.3000	             -345
  376.3200	             -326
  376.3400	             -322
  376.3600	             -362
  376.3800	             -249
  376.4000	             -139
  376.4200	             -134
  376.4400	               -4
  376.4600	              -16
  376.4800	              -14
  376.5000	             -294
  376.5200	             -339
  376.5400	             -337
  376.5600	             -304
  376.5800	             -309
  376.6000	             -277
  376.6200	              -68
  376.6400	               13
  376.6600	              113
  376.6800	              155
  376.7000	              120
  376.7200	             -208
  376.7400	             -307
  376.7600	             -357
  376.7800	             -330
  376.8000	             -339
  376.8200	             -219
  376.8400	              -35
  376.8600	              -61
  376.8800	              129
  376.9000	              121
  376.9200	                4
  376.9400	             -235
  376.9600	             -318
  376.9800	             -332
  377.0000	             -359
  377.0200	             -261
  377.0400	              -80
  377.0600	              -57
  377.0800	               76
  377.1000	              130
  377.1200	              154
  377.1400	              -91
  377.1600	             -352
  377.1800	             -314
  377.2000	             -301
  377.2200	             -246
  377.2400	               -6
  377.2600	               -6
  377.2800	              123
  377.3000	              123
  377.3200	              161
  377.3400	               -6
  377.3600	             -317
  377.3800	             -323
  377.4000	             -317
  377.4200	             -269
  377.4400	              128
  377.4600	               -6
  377.4800	              158
  377.5000	              179
  377.5200	              243
  377.5400	               73
  377.5600	             -287
  377.5800	             -356
  377.6000	             -316
  377.6200	              -20
  377.6400	               27
  377.6600	               -2
  377.6800	              254
  377.7000	              166
  377.7200	              219
  377.7400	             -163
  377.7600	             -324
  377.7800	             -292
  377.8000	               -6
  377.8200	              195
  377.8400	             -124
  377.8600	              316
  377.8800	              200
  377.9000	              365
  377.9200	               24
  377.9400	             -335
  377.9600	             -309
  377.9800	              131
  378.0000	              162
  378.0200	             -133
  378.0400	              385
  378.0600	              166
  378.0800	              390
  378.1000	              103
  378.1200	             -297
  378.1400	             -113
  378.1600	              287
  378.1800	               -6
  378.2000	              236
  378.2200	              466
  378.2400	              227
  378.2600	              469
  378.2800	             -164
  378.3000	             -169
  378.3200	              374
  378.3400	               51
  378.3600	                1
  378.3800	              537
  378.4000	              202
  378.4200	              526
  378.4400	              297
  378.4600	             -146
  378.4800	              470
  378.5000	              143
  378.5200	               10
  378.5400	              641
  378.5600	              245
  378.5800	              553
  378.6000	              407
  378.6200	              288
  378.6400	              589
  378.6600	             -149
  378.6800	              347
  378.7000	              776
  378.7200	              220
  378.7400	              685
  378.7600	              572
  378.7800	              762
  378.8000	              111
  378.8200	               -5
  378.8400	              900
  378.8600	              518
  378.8800	              527
  378.9000	             1339
  378.9200	             1007
  378.9400	                5
  378.9600	               88
  378.9800	              945
  379.0000	              601
  379.0200	              371
  379.0400	             1836
  379.0600	             1244
  379.0800	             -166
  379.1000	              253
  379.1200	             1185
  379.1400	              448
  379.1600	             1199
  379.1800	             2251
  379.2000	              279
  379.2200	             -157
  379.2400	             1043
  379.2600	             1000
  379.2800	              801
  379.3000	             2288
  379.3200	              792
  379.3400	             -150
  379.3600	              947
  379.3800	             1471
  379.4000	             1506
  379.4200	             1774
  379.4400	              961
  379.4600	              208
  379.4800	             1274
  379.5000	             1989
  379.5200	             1620
  379.5400	              869
  379.5600	              993
  379.5800	              861
  379.6000	             2653
  379.6200	             2111
  379.6400	              396
  379.6600	             1033
  379.6800	             1550
  379.7000	             2873
  379.7200	             1999
  379.7400	              211
  379.7600	              663
  379.7800	             2639
  379.8000	             2957
  379.8200	              838
  379.8400	              278
  379.8600	             1773
  379.8800	             3514
  379.9000	             1756
  379.9200	              446
  379.9400	             1744
  379.9600	             2685
  379.9800	             2133
  380.0000	             1067
  380.0200	             2075
  380.0400	             1886
  380.0600	             2098
  380.0800	             1798
  380.1000	             1877
  380.1200	             1733
  380.1400	             2089
  380.1600	             1992
  380.1800	             1929
  380.2000	             1780
  380.2200	             1915
  380.2400	             1844
  380.2600	             2675
  380.2800	             2806
  380.3000	             4032
  380.3200	             3647
  380.3400	             3794
  380.3600	             4606
  380.3800	             5372
  380.4000	             7647
  380.4200	            11685
  380.4400	            12414
  380.4600	             8401
  380.4800	             8911
  380.5000	             5747
  380.5200	             4735
  380.5400	              896
  380.5600	             -267
  380.5800	             -247
  380.6000	             -265
  380.6200	             -267
  380.6400	             -260
  380.6600	             -332
  380.6800	             -328
  380.7000	             -304
  380.7200	             -275
  380.7400	             -285
  380.7600	             -271
  380.7800	             -245
  380.8000	             -288
  380.8200	             -336
  380.8400	             -336
  380.8600	             -353
  380.8800	             -351
  380.9000	             -325
  380.9200	             -314
  380.9400	             -318
  380.9600	             -287
  380.9800	             -327
  381.0000	             -308
  381.0200	             -352
  381.0400	             -339
  381.0600	             -363
  381.0800	             -348
  381.1000	             -352
  381.1200	             -352
  381.1400	             -352
  381.1600	             -352
  381.1800	             -333
  381.2000	             -284
  381.2200	             -302
  381.2400	             -343
  381.2600	             -379
  381.2800	             -372
  381.3000	             -354
  381.3200	             -344
  381.3400	             -327
  381.3600	             -366
  381.3800	             -347
  381.4000	             -364
  381.4200	             -338
  381.4400	             -372
  381.4600	             -352
  381.4800	             -376
  381.5000	             -365
  381.5200	             -341
  381.5400	             -354
  381.5600	             -301
  381.5800	             -326
  381.6000	             -344
  381.6200	             -352
  381.6400	             -317
  381.6600	             -345
  381.6800	             -353
  381.7000	             -338
  381.7200	             -357
  381.7400	             -378
  381.7600	             -366
  381.7800	             -362
  381.8000	             -302
  381.8200	             -350
  381.8400	             -311
  381.8600	             -358
  381.8800	             -309
  381.9000	             -348
  381.9200	             -344
  381.9400	             -354
  381.9600	             -380
  381.9800	             -321
  382.0000	             -375
