  370.0000	              -83
  370.0200	              218
  370.0400	               -6
  370.0600	             -211
  370.0800	               78
  370.1000	               78
  370.1200	              279
  370.1400	              172
  370.1600	             -241
  370.1800	             -186
  370.2000	              171
  370.2200	              495
  370.2400	              202
  370.2600	             -179
  370.2800	             -134
  370.3000	              315
  370.3200	              423
  370.3400	             -166
  370.3600	             -237
  370.3800	               25
  370.4000	              476
  370.4200	              191
  370.4400	              -66
  370.4600	              200
  370.4800	              342
  370.5000	              359
  370.5200	              163
  370.5400	              132
  370.5600	              115
  370.5800	              271
  370.6000	              125
  370.6200	             -162
  370.6400	               59
  370.6600	              106
  370.6800	               -6
  370.7000	              162
  370.7200	              209
  370.7400	              229
  370.7600	              237
  370.7800	              305
  370.8000	              237
  370.8200	              105
  370.8400	              454
  370.8600	              350
  370.8800	              542
  370.9000	              750
  370.9200	              831
  370.9400	             1172
  370.9600	             1711
  370.9800	             2651
  371.0000	             1834
  371.0200	             1307
  371.0400	             1679
  371.0600	              874
  371.0800	              849
  371.1000	              685
  371.1200	             -136
  371.1400	             -238
  371.1600	             -176
  371.1800	             -204
  371.2000	             -188
  371.2200	             -248
  371.2400	             -186
  371.2600	             -282
  371.2800	             -301
  371.3000	             -349
  371.3200	             -347
  371.3400	             -304
  371.3600	             -365
  371.3800	             -264
  371.4000	             -188
  371.4200	             -168
  371.4400	              -77
  371.4600	              -75
  371.4800	             -195
  371.5000	             -234
  371.5200	             -344
  371.5400	             -298
  371.5600	             -364
  371.5800	             -317
  371.6000	             -215
  371.6200	             -205
  371.6400	             -241
  371.6600	             -194
  371.6800	             -144
  371.7000	             -218
  371.7200	             -275
  371.7400	             -336
  371.7600	             -245
  371.7800	             -185
  371.8000	             -165
  371.8200	             -138
  371.8400	             -186
  371.8600	             -161
  371.8800	             -173
  371.9000	             -152
  371.9200	             -285
  371.9400	             -290
  371.9600	             -348
  371.9800	             -336
  372.0000	             -309
  372.0200	             -134
  372.0400	             -154
  372.0600	             -176
  372.0800	              -59
  372.1000	                6
  372.1200	              -79
  372.1400	             -239
  372.1600	             -286
  372.1800	             -309
  372.2000	             -285
  372.2200	             -181
  372.2400	             -183
  372.2600	             -190
  372.2800	             -164
  372.3000	             -105
  372.3200	             -196
  372.3400	             -257
  372.3600	             -356
  372.3800	             -252
  372.4000	             -100
  372.4200	               14
  372.4400	             -146
  372.4600	              -65
  372.4800	             -158
  372.5000	             -154
  372.5200	             -183
  372.5400	             -285
  372.5600	             -344
  372.5800	             -312
  372.6000	             -152
  372.6200	             -178
  372.6400	             -205
  372.6600	              -90
  372.6800	              -81
  372.7000	               95
  372.7200	              -61
  372.7400	             -192
  372.7600	             -216
  372.7800	             -177
  372.8000	             -156
  372.8200	             -146
  372.8400	             -111
  372.8600	              -63
  372.8800	              -42
  372.9000	             -267
  372.9200	             -321
  372.9400	             -258
  372.9600	                2
  372.9800	             -145
  373.0000	                0
  373.0200	              217
  373.0400	              158
  373.0600	              162
  373.0800	             -221
  373.1000	             -288
  373.1200	             -189
  373.1400	              -70
  373.1600	             -203
  373.1800	               49
  373.2000	              -53
  373.2200	               77
  373.2400	              -32
  373.2600	             -271
  373.2800	             -105
  373.3000	              191
  373.3200	              -12
  373.3400	              149
  373.3600	              195
  373.3800	               83
  373.4000	              152
  373.4200	             -142
  373.4400	              -28
  373.4600	               19
  373.4800	             -254
  373.5000	              136
  373.5200	              102
  373.5400	               -6
  373.5600	              184
  373.5800	               31
  373.6000	              334
  373.6200	              233
  373.6400	               93
  373.6600	              164
  373.6800	               49
  373.7000	              122
  373.7200	              254
  373.7400	              330
  373.7600	              163
  373.7800	             -236
  373.8000	              163
  373.8200	              311
  373.8400	              -20
  373.8600	              344
  373.8800	              680
  373.9000	              457
  373.9200	             -134
  373.9400	              247
  373.9600	              380
  373.9800	              -42
  374.0000	              499
  374.0200	              800
  374.0400	               -6
  374.0600	             -179
  374.0800	              332
  374.1000	              342
  374.1200	              -22
  374.1400	              985
  374.1600	              969
  374.1800	              -21
  374.2000	              226
  374.2200	              674
  374.2400	              198
  374.2600	              783
  374.2800	              993
  374.3000	              -72
  374.3200	             -100
  374.3400	              577
  374.3600	              397
  374.3800	              773
  374.4000	              851
  374.4200	              338
  374.4400	              277
  374.4600	              960
  374.4800	             1171
  374.5000	              780
  374.5200	              464
  374.5400	              348
  374.5600	              466
  374.5800	             1367
  374.6000	              943
  374.6200	              102
  374.6400	              560
  374.6600	              744
  374.6800	             1652
  374.7000	             1008
  374.7200	              215
  374.7400	              653
  374.7600	             1558
  374.7800	             1817
  374.8000	              298
  374.8200	               -6
  374.8400	              818
  374.8600	             2173
  374.8800	             1187
  374.9000	               86
  374.9200	              446
  374.9400	             1660
  374.9600	             1664
  374.9800	              642
  375.0000	             1046
  375.0200	             1467
  375.0400	             1163
  375.0600	             1016
  375.0800	              943
  375.1000	              906
  375.1200	             1220
  375.1400	             1188
  375.1600	              812
  375.1800	             1115
  375.2000	             1114
  375.2200	             1309
  375.2400	             1350
  375.2600	             1346
  375.2800	             1143
  375.3000	             1240
  375.3200	             1782
  375.3400	             1600
  375.3600	             2704
  375.3800	             2056
  375.4000	             2784
  375.4200	             3100
  375.4400	             4462
  375.4600	             6936
  375.4800	             7613
  375.5000	             4854
  375.5200	             5818
  375.5400	             3980
  375.5600	             3116
  375.5800	             2069
  375.6000	             -198
  375.6200	             -298
  375.6400	             -262
  375.6600	             -327
  375.6800	             -275
  375.7000	             -152
  375.7200	              -88
  375.7400	               -6
  375.7600	               63
  375.7800	              -90
  375.8000	             -277
  375.8200	             -310
  375.8400	             -312
  375.8600	             -320
  375.8800	             -297
  375.9000	             -298
  375.9200	             -292
  375.9400	             -149
  375.9600	              -77
  375.9800	              -25
  376.0000	               -6
  376.0200	              -66
  376.0400	             -318
  376.0600	             -347
  376.0800	             -310
  376.1000	             -328
  376.1200	             -302
  376.1400	             -308
  376.1600	             -267
  376.1800	             -133
  376.2000	              -82
  376.2200	              143
  376.2400	              115
  376.2600	             -175
  376.2800	             -267
  376.3000	             -352
  376.3200	             -370
  376.3400	             -337
  376.3600	             -335
  376.3800	             -304
  376.4000	             -107
  376.4200	             -103
  376.4400	                0
  376.4600	                0
  376.4800	               -6
  376.5000	             -277
  376.5200	             -310
  376.5400	             -311
  376.5600	             -328
  376.5800	             -335
  376.6000	             -286
  376.6200	             -143
  376.6400	              -12
  376.6600	               46
  376.6800	               69
  376.7000	               29
  376.7200	             -211
  376.7400	             -338
  376.7600	             -364
  376.7800	             -363
  376.8000	             -362
  376.8200	             -177
  376.8400	              -15
  376.8600	              -63
  376.8800	               69
  376.9000	              143
  376.9200	              -12
  376.9400	             -282
  376.9600	             -344
  376.9800	             -327
  377.0000	             -325
  377.0200	             -238
  377.0400	              -73
  377.0600	               -6
  377.0800	               64
  377.1000	              126
  377.1200	              168
  377.1400	             -130
  377.1600	             -350
  377.1800	             -303
  377.2000	             -355
  377.2200	             -296
  377.2400	               -5
  377.2600	              -52
  377.2800	               26
  377.3000	              124
  377.3200	              148
  377.3400	              -12
  377.3600	             -308
  377.3800	             -344
  377.4000	             -319
  377.4200	             -257
  377.4400	              143
  377.4600	              -39
  377.4800	              182
  377.5000	              187
  377.5200	              226
  377.5400	               59
  377.5600	             -295
  377.5800	             -313
  377.6000	             -287
  377.6200	              -10
  377.6400	               10
  377.6600	                4
  377.6800	              254
  377.7000	              157
  377.7200	              254
  377.7400	             -164
  377.7600	             -316
  377.7800	             -308
  377.8000	               -6
  377.8200	              174
  377.8400	             -111
  377.8600	              330
  377.8800	              209
  377.9000	              361
  377.9200	               -4
  377.9400	             -330
  377.9600	             -301
  377.9800	              136
  378.0000	              144
  378.0200	             -129
  378.0400	              383
  378.0600	              178
  378.0800	              387
  378.1000	               72
  378.1200	             -306
  378.1400	             -152
  378.1600	              314
  378.1800	               -6
  378.2000	              249
  378.2200	              434
  378.2400	              243
  378.2600	              464
  378.2800	             -170
  378.3000	             -203
  378.3200	              382
  378.3400	              140
  378.3600	               65
  378.3800	              530
  378.4000	              221
  378.4200	              495
  378.4400	              260
  378.4600	             -103
  378.4800	              498
  378.5000	              171
  378.5200	               92
  378.5400	              693
  378.5600	              259
  378.5800	              554
  378.6000	              414
  378.6200	              318
  378.6400	              586
  378.6600	             -164
  378.6800	              298
  378.7000	              733
  378.7200	              194
  378.7400	              698
  378.7600	              643
  378.7800	              739
  378.8000	              131
  378.8200	               14
  378.8400	              918
  378.8600	              519
  378.8800	              551
  378.9000	             1305
  378.9200	              982
  378.9400	               -4
  378.9600	               91
  378.9800	              980
  379.0000	              611
  379.0200	              423
  379.0400	             1890
  379.0600	             1270
  379.0800	             -189
  379.1000	              252
  379.1200	             1220
  379.1400	              479
  379.1600	             1198
  379.1800	             2245
  379.2000	              299
  379.2200	              -43
  379.2400	             1041
  379.2600	             1025
  379.2800	              806
  379.3000	             2292
  379.3200	              849
  379.3400	             -130
  379.3600	              916
  379.3800	             1463
  379.4000	             1494
  379.4200	             1792
  379.4400	              946
  379.4600	              224
  379.4800	             1260
  379.5000	             1988
  379.5200	             1630
  379.5400	              889
  379.5600	             1000
  379.5800	              866
  379.6000	             2664
  379.6200	             2139
  379.6400	              415
  379.6600	             1049
  379.6800	             1559
  379.7000	             2918
  379.7200	             2025
  379.7400	              211
  379.7600	              673
  379.7800	             2622
  379.8000	             2994
  379.8200	              854
  379.8400	              283
  379.8600	             1795
  379.8800	             3552
  379.9000	             1792
  379.9200	              442
  379.9400	             1782
  379.9600	             2702
  379.9800	             2164
  380.0000	             1094
  380.0200	             2073
  380.0400	             1933
  380.0600	             2119
  380.0800	             1818
  380.1000	             1883
  380.1200	             1752
  380.1400	             2101
  380.1600	             2000
  380.1800	             1963
  380.2000	             1779
  380.2200	             1956
  380.2400	             1860
  380.2600	             2713
  380.2800	             2876
  380.3000	             4097
  380.3200	             3673
  380.3400	             3792
  380.3600	             4707
  380.3800	             5465
  380.4000	             7720
  380.4200	            11851
  380.4400	            12675
  380.4600	             8497
  380.4800	             9024
  380.5000	             5958
  380.5200	             4919
  380.5400	              939
  380.5600	             -272
  380.5800	             -247
  380.6000	             -306
  380.6200	             -309
  380.6400	             -319
  380.6600	             -294
  380.6800	             -276
  380.7000	             -312
  380.7200	             -292
  380.7400	             -326
  380.7600	             -267
  380.7800	             -278
  380.8000	             -292
  380.8200	             -336
  380.8400	             -302
  380.8600	             -281
  380.8800	             -299
  380.9000	             -347
  380.9200	             -321
  380.9400	             -359
  380.9600	             -337
  380.9800	             -326
  381.0000	             -350
  381.0200	             -359
  381.0400	             -301
  381.0600	             -311
  381.0800	             -311
  381.1000	             -353
  381.1200	             -311
  381.1400	             -347
  381.1600	             -361
  381.1800	             -325
  381.2000	             -330
  381.2200	             -324
  381.2400	             -330
  381.2600	             -364
  381.2800	             -360
  381.3000	             -322
  381.3200	             -298
  381.3400	             -313
  381.3600	             -321
  381.3800	             -369
  381.4000	             -367
  381.4200	             -324
  381.4400	             -314
  381.4600	             -355
  381.4800	             -332
  381.5000	             -321
  381.5200	             -325
  381.5400	             -323
  381.5600	             -321
  381.5800	             -338
  381.6000	             -336
  381.6200	             -298
  381.6400	             -307
  381.6600	             -321
  381.6800	             -364
  381.7000	             -321
  381.7200	             -362
  381.7400	             -367
  381.7600	             -355
  381.7800	             -321
  381.8000	             -320
  381.8200	             -325
  381.8400	             -327
  381.8600	             -288
  381.8800	             -316
  381.9000	             -374
  381.9200	             -323
  381.9400	             -314
  381.9600	             -302
  381.9800	             -357
  382.0000	             -365
