  370.0000	             -176
  370.0200	              149
  370.0400	                8
  370.0600	             -350
  370.0800	             -191
  370.1000	              -72
  370.1200	              107
  370.1400	               20
  370.1600	             -374
  370.1800	             -338
  370.2000	                0
  370.2200	              318
  370.2400	               32
  370.2600	             -278
  370.2800	             -241
  370.3000	              171
  370.3200	              239
  370.3400	             -330
  370.3600	             -372
  370.3800	             -160
  370.4000	              284
  370.4200	               23
  370.4400	             -171
  370.4600	              106
  370.4800	              239
  370.5000	              223
  370.5200	               19
  370.5400	              -33
  370.5600	             -114
  370.5800	              148
  370.6000	              -60
  370.6200	             -330
  370.6400	             -183
  370.6600	             -124
  370.6800	             -160
  370.7000	               -8
  370.7200	              106
  370.7400	               47
  370.7600	              130
  370.7800	              200
  370.8000	              142
  370.8200	              -53
  370.8400	              285
  370.8600	              174
  370.8800	              347
  370.9000	              552
  370.9200	              618
  370.9400	              958
  370.9600	             1451
  370.9800	             2231
  371.0000	             1557
  371.0200	             1090
  371.0400	             1405
  371.0600	              661
  371.0800	              621
  371.1000	              512
  371.1200	             -213
  371.1400	             -311
  371.1600	             -303
  371.1800	             -342
  371.2000	             -302
  371.2200	             -354
  371.2400	             -371
  371.2600	             -386
  371.2800	             -447
  371.3000	             -474
  371.3200	             -428
  371.3400	             -468
  371.3600	             -444
  371.3800	             -374
  371.4000	             -275
  371.4200	             -275
  371.4400	             -215
  371.4600	             -172
  371.4800	             -251
  371.5000	             -391
  371.5200	             -421
  371.5400	             -461
  371.5600	             -497
  371.5800	             -444
  371.6000	             -373
  371.6200	             -350
  371.6400	             -318
  371.6600	             -337
  371.6800	             -241
  371.7000	             -357
  371.7200	             -425
  371.7400	             -445
  371.7600	             -334
  371.7800	             -318
  371.8000	             -303
  371.8200	             -232
  371.8400	             -325
  371.8600	             -226
  371.8800	             -232
  371.9000	             -236
  371.9200	             -343
  371.9400	             -410
  371.9600	             -467
  371.9800	             -435
  372.0000	             -454
  372.0200	             -224
  372.0400	             -204
  372.0600	             -298
  372.0800	             -203
  372.1000	             -113
  372.1200	             -206
  372.1400	             -337
  372.1600	             -403
  372.1800	             -476
  372.2000	             -470
  372.2200	             -325
  372.2400	             -285
  372.2600	             -304
  372.2800	             -226
  372.3000	             -196
  372.3200	             -302
  372.3400	             -410
  372.3600	             -460
  372.3800	             -411
  372.4000	             -243
  372.4200	             -131
  372.4400	             -214
  372.4600	             -212
  372.4800	             -286
  372.5000	             -206
  372.5200	             -330
  372.5400	             -429
  372.5600	             -445
  372.5800	             -458
  372.6000	             -249
  372.6200	             -315
  372.6400	             -302
  372.6600	             -220
  372.6800	             -177
  372.7000	             -105
  372.7200	             -214
  372.7400	             -283
  372.7600	             -328
  372.7800	             -300
  372.8000	             -251
  372.8200	             -239
  372.8400	             -228
  372.8600	             -247
  372.8800	             -131
  372.9000	             -348
  372.9200	             -421
  372.9400	             -386
  372.9600	             -118
  372.9800	             -206
  373.0000	             -124
  373.0200	               88
  373.0400	               16
  373.0600	               42
  373.0800	             -356
  373.1000	             -439
  373.1200	             -254
  373.1400	             -203
  373.1600	             -344
  373.1800	              -88
  373.2000	             -173
  373.2200	             -104
  373.2400	             -149
  373.2600	             -365
  373.2800	             -226
  373.3000	               51
  373.3200	             -136
  373.3400	               -6
  373.3600	               75
  373.3800	             -110
  373.4000	               21
  373.4200	             -284
  373.4400	             -188
  373.4600	              -54
  373.4800	             -372
  373.5000	              -75
  373.5200	               -2
  373.5400	             -150
  373.5600	              105
  373.5800	             -146
  373.6000	              232
  373.6200	               97
  373.6400	             -119
  373.6600	               47
  373.6800	             -151
  373.7000	                0
  373.7200	              180
  373.7400	              184
  373.7600	               18
  373.7800	             -401
  373.8000	               -3
  373.8200	              174
  373.8400	             -177
  373.8600	              227
  373.8800	              555
  373.9000	              351
  373.9200	             -227
  373.9400	              113
  373.9600	              268
  373.9800	             -143
  374.0000	              343
  374.0200	              689
  374.0400	             -109
  374.0600	             -365
  374.0800	              179
  374.1000	              227
  374.1200	             -146
  374.1400	              798
  374.1600	              883
  374.1800	             -123
  374.2000	              160
  374.2200	              561
  374.2400	              140
  374.2600	              597
  374.2800	              881
  374.3000	             -198
  374.3200	             -271
  374.3400	              416
  374.3600	              317
  374.3800	              604
  374.4000	              710
  374.4200	              230
  374.4400	              104
  374.4600	              726
  374.4800	             1032
  374.5000	              664
  374.5200	              346
  374.5400	              247
  374.5600	              333
  374.5800	             1189
  374.6000	              798
  374.6200	              -69
  374.6400	              373
  374.6600	              568
  374.6800	             1444
  374.7000	              967
  374.7200	              133
  374.7400	              531
  374.7600	             1377
  374.7800	             1591
  374.8000	              194
  374.8200	             -170
  374.8400	              600
  374.8600	             1886
  374.8800	             1062
  374.9000	              -53
  374.9200	              263
  374.9400	             1475
  374.9600	             1452
  374.9800	              545
  375.0000	              865
  375.0200	             1290
  375.0400	              965
  375.0600	              856
  375.0800	              801
  375.1000	              775
  375.1200	              965
  375.1400	             1010
  375.1600	              688
  375.1800	              941
  375.2000	              950
  375.2200	             1151
  375.2400	             1163
  375.2600	             1249
  375.2800	             1004
  375.3000	             1059
  375.3200	             1608
  375.3400	             1351
  375.3600	             2464
  375.3800	             1848
  375.4000	             2502
  375.4200	             2803
  375.4400	             4048
  375.4600	             6461
  375.4800	             7238
  375.5000	             4470
  375.5200	             5379
  375.5400	             3864
  375.5600	             2790
  375.5800	             1933
  375.6000	             -291
  375.6200	             -384
  375.6400	             -373
  375.6600	             -406
  375.6800	             -450
  375.7000	             -247
  375.7200	             -210
  375.7400	             -158
  375.7600	             -134
  375.7800	             -136
  375.8000	             -399
  375.8200	             -425
  375.8400	             -430
  375.8600	             -399
  375.8800	             -457
  375.9000	             -450
  375.9200	             -441
  375.9400	             -289
  375.9600	             -225
  375.9800	             -167
  376.0000	             -167
  376.0200	             -214
  376.0400	             -424
  376.0600	             -470
  376.0800	             -502
  376.1000	             -415
  376.1200	             -415
  376.1400	             -483
  376.1600	             -406
  376.1800	             -206
  376.2000	             -192
  376.2200	              -52
  376.2400	              -60
  376.2600	             -277
  376.2800	             -440
  376.3000	             -494
  376.3200	             -482
  376.3400	             -458
  376.3600	             -480
  376.3800	             -421
  376.4000	             -193
  376.4200	             -223
  376.4400	             -121
  376.4600	             -139
  376.4800	             -110
  376.5000	             -414
  376.5200	             -486
  376.5400	             -422
  376.5600	             -438
  376.5800	             -436
  376.6000	             -405
  376.6200	             -192
  376.6400	             -142
  376.6600	              -49
  376.6800	              -71
  376.7000	               -9
  376.7200	             -326
  376.7400	             -435
  376.7600	             -484
  376.7800	             -469
  376.8000	             -486
  376.8200	             -353
  376.8400	             -154
  376.8600	             -198
  376.8800	              -45
  376.9000	              -54
  376.9200	              -97
  376.9400	             -410
  376.9600	             -467
  376.9800	             -479
  377.0000	             -470
  377.0200	             -429
  377.0400	             -179
  377.0600	             -166
  377.0800	              -44
  377.1000	                0
  377.1200	               20
  377.1400	             -208
  377.1600	             -387
  377.1800	             -479
  377.2000	             -406
  377.2200	             -419
  377.2400	             -145
  377.2600	             -160
  377.2800	              -64
  377.3000	               49
  377.3200	                2
  377.3400	              -99
  377.3600	             -451
  377.3800	             -479
  377.4000	             -489
  377.4200	             -373
  377.4400	              -67
  377.4600	             -162
  377.4800	               38
  377.5000	               52
  377.5200	              124
  377.5400	              -98
  377.5600	             -455
  377.5800	             -435
  377.6000	             -463
  377.6200	             -150
  377.6400	              -59
  377.6600	             -172
  377.6800	              142
  377.7000	                3
  377.7200	              178
  377.7400	             -259
  377.7600	             -416
  377.7800	             -431
  377.8000	             -174
  377.8200	               68
  377.8400	             -192
  377.8600	              196
  377.8800	               97
  377.9000	              230
  377.9200	              -73
  377.9400	             -418
  377.9600	             -410
  377.9800	                0
  378.0000	               23
  378.0200	             -167
  378.0400	              299
  378.0600	              115
  378.0800	              282
  378.1000	                0
  378.1200	             -416
  378.1400	             -250
  378.1600	              188
  378.1800	             -118
  378.2000	               97
  378.2200	              347
  378.2400	              101
  378.2600	              365
  378.2800	             -263
  378.3000	             -359
  378.3200	              243
  378.3400	                0
  378.3600	             -148
  378.3800	              482
  378.4000	              141
  378.4200	              365
  378.4400	              209
  378.4600	             -243
  378.4800	              366
  378.5000	              132
  378.5200	             -165
  378.5400	              567
  378.5600	              191
  378.5800	              389
  378.6000	              362
  378.6200	              148
  378.6400	              533
  378.6600	             -293
  378.6800	              168
  378.7000	              672
  378.7200	               18
  378.7400	              556
  378.7600	              531
  378.7800	              571
  378.8000	              100
  378.8200	             -165
  378.8400	              772
  378.8600	              440
  378.8800	              377
  378.9000	             1188
  378.9200	              898
  378.9400	             -116
  378.9600	             -142
  378.9800	              815
  379.0000	              524
  379.0200	              227
  379.0400	             1666
  379.0600	             1228
  379.0800	             -320
  379.1000	               94
  379.1200	             1061
  379.1400	              380
  379.1600	              954
  379.1800	             2128
  379.2000	              258
  379.2200	             -251
  379.2400	              869
  379.2600	              946
  379.2800	              578
  379.3000	             2130
  379.3200	              751
  379.3400	             -230
  379.3600	              723
  379.3800	             1331
  379.4000	             1329
  379.4200	             1635
  379.4400	              850
  379.4600	               94
  379.4800	             1059
  379.5000	             1810
  379.5200	             1467
  379.5400	              760
  379.5600	              856
  379.5800	              692
  379.6000	             2359
  379.6200	             1973
  379.6400	              305
  379.6600	              888
  379.6800	             1345
  379.7000	             2601
  379.7200	             1934
  379.7400	               74
  379.7600	              525
  379.7800	             2362
  379.8000	             2800
  379.8200	              754
  379.8400	              153
  379.8600	             1520
  379.8800	             3251
  379.9000	             1666
  379.9200	              324
  379.9400	             1535
  379.9600	             2476
  379.9800	             1998
  380.0000	              941
  380.0200	             1911
  380.0400	             1796
  380.0600	             1918
  380.0800	             1659
  380.1000	             1763
  380.1200	             1550
  380.1400	             1954
  380.1600	             1844
  380.1800	             1834
  380.2000	             1620
  380.2200	             1766
  380.2400	             1708
  380.2600	             2480
  380.2800	             2659
  380.3000	             3728
  380.3200	             3519
  380.3400	             3497
  380.3600	             4433
  380.3800	             5007
  380.4000	             7301
  380.4200	            11041
  380.4400	            12099
  380.4600	             8008
  380.4800	             8640
  380.5000	             5574
  380.5200	             4578
  380.5400	              881
  380.5600	             -400
  380.5800	             -427
  380.6000	             -420
  380.6200	             -410
  380.6400	             -447
  380.6600	             -396
  380.6800	             -410
  380.7000	             -469
  380.7200	             -449
  380.7400	             -435
  380.7600	             -421
  380.7800	             -412
  380.8000	             -433
  380.8200	             -411
  380.8400	             -457
  380.8600	             -444
  380.8800	             -474
  380.9000	             -453
  380.9200	             -493
  380.9400	             -480
  380.9600	             -421
  380.9800	             -428
  381.0000	             -426
  381.0200	             -458
  381.0400	             -488
  381.0600	             -479
  381.0800	             -494
  381.1000	             -473
  381.1200	             -474
  381.1400	             -497
  381.1600	             -473
  381.1800	             -473
  381.2000	             -432
  381.2200	             -414
  381.2400	             -434
  381.2600	             -490
  381.2800	             -450
  381.3000	             -437
  381.3200	             -432
  381.3400	             -460
  381.3600	             -474
  381.3800	             -474
  381.4000	             -517
  381.4200	             -505
  381.4400	             -503
  381.4600	             -480
  381.4800	             -437
  381.5000	             -478
  381.5200	             -470
  381.5400	             -483
  381.5600	             -496
  381.5800	             -470
  381.6000	             -413
  381.6200	             -451
  381.6400	             -474
  381.6600	             -458
  381.6800	             -454
  381.7000	             -479
  381.7200	             -424
  381.7400	             -477
  381.7600	             -503
  381.7800	             -497
  381.8000	             -426
  381.8200	             -421
  381.8400	             -488
  381.8600	             -501
  381.8800	             -497
  381.9000	             -425
  381.9200	             -500
  381.9400	             -454
  381.9600	             -495
  381.9800	             -496
  382.0000	             -498
