  370.0000	             -422
  370.0200	              -91
  370.0400	             -647
  370.0600	             -763
  370.0800	             -551
  370.1000	             -487
  370.1200	             -319
  370.1400	             -781
  370.1600	             -951
  370.1800	             -793
  370.2000	             -166
  370.2200	               12
  370.2400	             -470
  370.2600	             -520
  370.2800	             -366
  370.3000	             -200
  370.3200	             -615
  370.3400	            -1014
  370.3600	             -858
  370.3800	             -492
  370.4000	             -192
  370.4200	             -634
  370.4400	             -351
  370.4600	               39
  370.4800	              191
  370.5000	              -92
  370.5200	             -204
  370.5400	             -512
  370.5600	             -374
  370.5800	             -573
  370.6000	             -853
  370.6200	             -994
  370.6400	             -739
  370.6600	             -837
  370.6800	             -642
  370.7000	             -266
  370.7200	             -294
  370.7400	             -103
  370.7600	               22
  370.7800	               93
  370.8000	             -370
  370.8200	             -486
  370.8400	             -276
  370.8600	             -500
  370.8800	               25
  370.9000	              -98
  370.9200	              348
  370.9400	              939
  370.9600	             1650
  370.9800	             2004
  371.0000	             1119
  371.0200	              961
  371.0400	              838
  371.0600	             -163
  371.0800	              176
  371.1000	             -251
  371.1200	             -752
  371.1400	             -722
  371.1600	             -657
  371.1800	             -730
  371.2000	             -722
  371.2200	             -771
  371.2400	             -774
  371.2600	             -955
  371.2800	            -1117
  371.3000	            -1082
  371.3200	            -1114
  371.3400	            -1133
  371.3600	            -1083
  371.3800	             -749
  371.4000	             -641
  371.4200	             -478
  371.4400	             -189
  371.4600	             -150
  371.4800	             -729
  371.5000	            -1042
  371.5200	            -1147
  371.5400	            -1116
  371.5600	            -1133
  371.5800	            -1018
  371.6000	             -785
  371.6200	             -782
  371.6400	             -671
  371.6600	             -554
  371.6800	             -501
  371.7000	             -926
  371.7200	            -1088
  371.7400	             -997
  371.7600	             -686
  371.7800	             -618
  371.8000	             -583
  371.8200	             -610
  371.8400	             -725
  371.8600	             -529
  371.8800	             -328
  371.9000	             -527
  371.9200	             -898
  371.9400	            -1113
  371.9600	            -1149
  371.9800	            -1131
  372.0000	             -868
  372.0200	             -703
  372.0400	             -796
  372.0600	             -543
  372.0800	             -154
  372.1000	              -39
  372.1200	             -620
  372.1400	             -990
  372.1600	            -1140
  372.1800	            -1139
  372.2000	             -939
  372.2200	             -713
  372.2400	             -814
  372.2600	             -560
  372.2800	             -460
  372.3000	             -311
  372.3200	             -828
  372.3400	            -1028
  372.3600	            -1103
  372.3800	             -807
  372.4000	             -268
  372.4200	             -333
  372.4400	             -482
  372.4600	             -503
  372.4800	             -467
  372.5000	             -468
  372.5200	             -842
  372.5400	            -1104
  372.5600	            -1122
  372.5800	             -952
  372.6000	             -685
  372.6200	             -887
  372.6400	             -611
  372.6600	             -478
  372.6800	             -176
  372.7000	             -177
  372.7200	             -482
  372.7400	             -821
  372.7600	             -918
  372.7800	             -722
  372.8000	             -877
  372.8200	             -674
  372.8400	             -561
  372.8600	             -319
  372.8800	             -503
  372.9000	             -940
  372.9200	            -1122
  372.9400	             -908
  372.9600	             -603
  372.9800	             -812
  373.0000	               89
  373.0200	              232
  373.0400	              269
  373.0600	             -120
  373.0800	             -861
  373.1000	             -972
  373.1200	             -664
  373.1400	             -793
  373.1600	             -793
  373.1800	             -386
  373.2000	             -463
  373.2200	             -249
  373.2400	             -625
  373.2600	             -979
  373.2800	             -526
  373.3000	             -236
  373.3200	             -437
  373.3400	              -19
  373.3600	             -209
  373.3800	             -183
  373.4000	             -321
  373.4200	             -793
  373.4400	             -667
  373.4600	             -854
  373.4800	             -930
  373.5000	             -368
  373.5200	             -444
  373.5400	             -336
  373.5600	             -282
  373.5800	             -258
  373.6000	              148
  373.6200	             -276
  373.6400	              -84
  373.6600	             -145
  373.6800	             -257
  373.7000	             -152
  373.7200	             -214
  373.7400	             -549
  373.7600	             -952
  373.7800	             -936
  373.8000	             -281
  373.8200	             -314
  373.8400	             -390
  373.8600	              111
  373.8800	              157
  373.9000	             -307
  373.9200	             -424
  373.9400	              -66
  373.9600	             -195
  373.9800	             -443
  374.0000	              203
  374.0200	             -253
  374.0400	            -1052
  374.0600	             -752
  374.0800	             -146
  374.1000	             -510
  374.1200	             -309
  374.1400	              859
  374.1600	              162
  374.1800	             -331
  374.2000	              277
  374.2200	              233
  374.2400	             -374
  374.2600	              304
  374.2800	              -39
  374.3000	            -1001
  374.3200	             -539
  374.3400	               33
  374.3600	             -183
  374.3800	              123
  374.4000	               54
  374.4200	             -432
  374.4400	              242
  374.4600	              945
  374.4800	              626
  374.5000	             -253
  374.5200	              -92
  374.5400	             -601
  374.5600	               90
  374.5800	              236
  374.6000	             -263
  374.6200	             -387
  374.6400	             -187
  374.6600	              187
  374.6800	              859
  374.7000	              304
  374.7200	              316
  374.7400	              702
  374.7600	             1030
  374.7800	              327
  374.8000	             -758
  374.8200	             -509
  374.8400	              471
  374.8600	              858
  374.8800	             -273
  374.9000	             -577
  374.9200	              285
  374.9400	             1029
  374.9600	              657
  374.9800	              278
  375.0000	              927
  375.0200	              781
  375.0400	              127
  375.0600	              -52
  375.0800	              234
  375.1000	              -36
  375.1200	              277
  375.1400	               97
  375.1600	              284
  375.1800	              221
  375.2000	              765
  375.2200	             1134
  375.2400	             1084
  375.2600	             1089
  375.2800	              473
  375.3000	              689
  375.3200	              550
  375.3400	              868
  375.3600	             1163
  375.3800	              712
  375.4000	             1628
  375.4200	             1680
  375.4400	             2977
  375.4600	             4718
  375.4800	             3995
  375.5000	             3102
  375.5200	             3595
  375.5400	             1475
  375.5600	             1241
  375.5800	             -376
  375.6000	            -1090
  375.6200	            -1100
  375.6400	            -1096
  375.6600	            -1155
  375.6800	             -958
  375.7000	             -478
  375.7200	             -329
  375.7400	             -105
  375.7600	              -39
  375.7800	             -563
  375.8000	            -1078
  375.8200	            -1161
  375.8400	            -1122
  375.8600	            -1107
  375.8800	            -1155
  375.9000	            -1135
  375.9200	             -896
  375.9400	             -486
  375.9600	             -457
  375.9800	             -214
  376.0000	             -217
  376.0200	             -705
  376.0400	            -1166
  376.0600	            -1129
  376.0800	            -1140
  376.1000	            -1113
  376.1200	            -1169
  376.1400	            -1125
  376.1600	             -640
  376.1800	             -301
  376.2000	             -137
  376.2200	              -22
  376.2400	               81
  376.2600	             -830
  376.2800	            -1125
  376.3000	            -1141
  376.3200	            -1140
  376.3400	            -1164
  376.3600	            -1145
  376.3800	             -842
  376.4000	             -458
  376.4200	             -496
  376.4400	             -125
  376.4600	              -79
  376.4800	             -490
  376.5000	            -1125
  376.5200	            -1126
  376.5400	            -1135
  376.5600	            -1192
  376.5800	            -1149
  376.6000	             -740
  376.6200	             -340
  376.6400	             -353
  376.6600	               86
  376.6800	              127
  376.7000	             -245
  376.7200	            -1078
  376.7400	            -1160
  376.7600	            -1146
  376.7800	            -1087
  376.8000	            -1089
  376.8200	             -598
  376.8400	             -457
  376.8600	             -259
  376.8800	             -123
  376.9000	               48
  376.9200	             -541
  376.9400	            -1130
  376.9600	            -1168
  376.9800	            -1164
  377.0000	            -1125
  377.0200	             -833
  377.0400	             -235
  377.0600	             -364
  377.0800	              138
  377.1000	              112
  377.1200	              175
  377.1400	             -816
  377.1600	            -1152
  377.1800	            -1112
  377.2000	            -1129
  377.2200	             -782
  377.2400	             -398
  377.2600	             -632
  377.2800	               36
  377.3000	             -141
  377.3200	              142
  377.3400	             -685
  377.3600	            -1135
  377.3800	            -1122
  377.4000	            -1079
  377.4200	             -722
  377.4400	             -272
  377.4600	             -568
  377.4800	              218
  377.5000	               98
  377.5200	              327
  377.5400	             -687
  377.5600	            -1143
  377.5800	            -1091
  377.6000	             -986
  377.6200	             -423
  377.6400	             -670
  377.6600	             -281
  377.6800	               79
  377.7000	               91
  377.7200	             -162
  377.7400	            -1071
  377.7600	            -1208
  377.7800	            -1081
  377.8000	             -929
  377.8200	             -903
  377.8400	             -968
  377.8600	             -683
  377.8800	             -801
  377.9000	             -744
  377.9200	            -1099
  377.9400	            -1153
  377.9600	            -1124
  377.9800	             -905
  378.0000	            -1011
  378.0200	             -981
  378.0400	             -790
  378.0600	             -799
  378.0800	             -711
  378.1000	            -1019
  378.1200	            -1123
  378.1400	            -1029
  378.1600	             -911
  378.1800	            -1053
  378.2000	             -859
  378.2200	             -745
  378.2400	             -778
  378.2600	             -749
  378.2800	            -1141
  378.3000	            -1077
  378.3200	             -933
  378.3400	            -1134
  378.3600	             -944
  378.3800	             -719
  378.4000	             -893
  378.4200	             -778
  378.4400	            -1017
  378.4600	            -1078
  378.4800	             -892
  378.5000	            -1112
  378.5200	             -949
  378.5400	             -700
  378.5600	             -860
  378.5800	             -773
  378.6000	             -999
  378.6200	             -998
  378.6400	             -978
  378.6600	            -1139
  378.6800	             -845
  378.7000	             -812
  378.7200	             -883
  378.7400	             -195
  378.7600	             -297
  378.7800	             -228
  378.8000	            -1061
  378.8200	             -240
  378.8400	              626
  378.8600	              -61
  378.8800	              491
  378.9000	              624
  378.9200	             -254
  378.9400	            -1028
  378.9600	             -228
  378.9800	              625
  379.0000	             -206
  379.0200	              389
  379.0400	             1155
  379.0600	             -492
  379.0800	             -971
  379.1000	              245
  379.1200	              865
  379.1400	              112
  379.1600	             1147
  379.1800	              584
  379.2000	            -1011
  379.2200	             -361
  379.2400	              708
  379.2600	              162
  379.2800	              610
  379.3000	             1225
  379.3200	             -762
  379.3400	             -549
  379.3600	              737
  379.3800	              745
  379.4000	              877
  379.4200	              775
  379.4400	             -389
  379.4600	             -235
  379.4800	              898
  379.5000	              815
  379.5200	              408
  379.5400	              273
  379.5600	             -145
  379.5800	              745
  379.6000	             1415
  379.6200	              536
  379.6400	               93
  379.6600	              290
  379.6800	              763
  379.7000	             1440
  379.7200	              224
  379.7400	             -144
  379.7600	              449
  379.7800	             1583
  379.8000	              955
  379.8200	              -85
  379.8400	              155
  379.8600	             1241
  379.8800	             1492
  379.9000	              169
  379.9200	              -51
  379.9400	             1328
  379.9600	             1106
  379.9800	              603
  380.0000	              293
  380.0200	             1355
  380.0400	              430
  380.0600	              780
  380.0800	              664
  380.1000	             1124
  380.1200	              531
  380.1400	              878
  380.1600	             1016
  380.1800	              664
  380.2000	              824
  380.2200	              875
  380.2400	              853
  380.2600	             1328
  380.2800	             1302
  380.3000	             2257
  380.3200	             1395
  380.3400	             2074
  380.3600	             1957
  380.3800	             3332
  380.4000	             4051
  380.4200	             6590
  380.4400	             5514
  380.4600	             4183
  380.4800	             3835
  380.5000	             2222
  380.5200	             1442
  380.5400	             -908
  380.5600	            -1072
  380.5800	            -1134
  380.6000	            -1116
  380.6200	            -1081
  380.6400	            -1046
  380.6600	            -1070
  380.6800	            -1132
  380.7000	            -1135
  380.7200	            -1125
  380.7400	            -1089
  380.7600	            -1093
  380.7800	            -1113
  380.8000	            -1138
  380.8200	            -1149
  380.8400	            -1100
  380.8600	            -1087
  380.8800	            -1052
  380.9000	            -1110
  380.9200	            -1154
  380.9400	            -1115
  380.9600	            -1160
  380.9800	            -1078
  381.0000	            -1136
  381.0200	            -1128
  381.0400	            -1151
  381.0600	            -1201
  381.0800	            -1148
  381.1000	            -1113
  381.1200	            -1125
  381.1400	            -1138
  381.1600	            -1095
  381.1800	            -1085
  381.2000	            -1076
  381.2200	            -1118
  381.2400	            -1147
  381.2600	            -1137
  381.2800	            -1152
  381.3000	            -1093
  381.3200	            -1078
  381.3400	            -1088
  381.3600	            -1134
  381.3800	            -1150
  381.4000	            -1139
  381.4200	            -1169
  381.4400	            -1151
  381.4600	            -1087
  381.4800	            -1095
  381.5000	            -1095
  381.5200	            -1119
  381.5400	            -1151
  381.5600	            -1081
  381.5800	            -1154
  381.6000	            -1152
  381.6200	            -1152
  381.6400	            -1142
  381.6600	            -1110
  381.6800	            -1146
  381.7000	            -1136
  381.7200	            -1154
  381.7400	            -1175
  381.7600	            -1145
  381.7800	            -1154
  381.8000	            -1171
  381.8200	            -1139
  381.8400	            -1088
  381.8600	            -1105
  381.8800	            -1141
  381.9000	            -1154
  381.9200	            -1154
  381.9400	            -1124
  381.9600	            -1178
  381.9800	            -1152
  382.0000	            -1198
