  370.0000	              -61
  370.0200	              110
  370.0400	             -286
  370.0600	             -609
  370.0800	             -362
  370.1000	               46
  370.1200	               76
  370.1400	             -301
  370.1600	             -915
  370.1800	             -536
  370.2000	              312
  370.2200	              417
  370.2400	             -125
  370.2600	             -507
  370.2800	              -39
  370.3000	              282
  370.3200	             -102
  370.3400	             -831
  370.3600	             -675
  370.3800	              -30
  370.4000	              274
  370.4200	             -182
  370.4400	              -39
  370.4600	              373
  370.4800	              532
  370.5000	              448
  370.5200	              -42
  370.5400	              -31
  370.5600	             -182
  370.5800	              -39
  370.6000	             -525
  370.6200	             -748
  370.6400	             -436
  370.6600	             -437
  370.6800	             -312
  370.7000	             -134
  370.7200	              273
  370.7400	              218
  370.7600	              336
  370.7800	              440
  370.8000	              -49
  370.8200	              161
  370.8400	              229
  370.8600	              431
  370.8800	              793
  370.9000	              951
  370.9200	             1455
  370.9400	             2272
  370.9600	             3665
  370.9800	             4024
  371.0000	             2744
  371.0200	             2702
  371.0400	             2210
  371.0600	             1214
  371.0800	             1086
  371.1000	              508
  371.1200	             -579
  371.1400	             -641
  371.1600	             -646
  371.1800	             -703
  371.2000	             -732
  371.2200	             -762
  371.2400	             -753
  371.2600	            -1006
  371.2800	            -1120
  371.3000	            -1136
  371.3200	            -1120
  371.3400	            -1135
  371.3600	            -1052
  371.3800	             -806
  371.4000	             -603
  371.4200	             -536
  371.4400	             -104
  371.4600	             -212
  371.4800	             -707
  371.5000	             -982
  371.5200	            -1160
  371.5400	            -1180
  371.5600	            -1142
  371.5800	             -993
  371.6000	             -825
  371.6200	             -661
  371.6400	             -779
  371.6600	             -542
  371.6800	             -568
  371.7000	             -908
  371.7200	            -1042
  371.7400	             -923
  371.7600	             -663
  371.7800	             -595
  371.8000	             -459
  371.8200	             -514
  371.8400	             -621
  371.8600	             -526
  371.8800	             -455
  371.9000	             -529
  371.9200	             -977
  371.9400	            -1092
  371.9600	            -1151
  371.9800	            -1149
  372.0000	             -857
  372.0200	             -751
  372.0400	             -582
  372.0600	             -458
  372.0800	               94
  372.1000	               66
  372.1200	             -454
  372.1400	             -851
  372.1600	            -1147
  372.1800	            -1135
  372.2000	             -896
  372.2200	             -708
  372.2400	             -611
  372.2600	             -559
  372.2800	             -323
  372.3000	             -348
  372.3200	             -785
  372.3400	            -1018
  372.3600	            -1129
  372.3800	             -774
  372.4000	             -146
  372.4200	             -106
  372.4400	             -351
  372.4600	             -422
  372.4800	             -368
  372.5000	             -383
  372.5200	             -846
  372.5400	            -1030
  372.5600	            -1150
  372.5800	             -867
  372.6000	             -676
  372.6200	             -603
  372.6400	             -491
  372.6600	             -331
  372.6800	             -160
  372.7000	              124
  372.7200	             -376
  372.7400	             -618
  372.7600	             -645
  372.7800	             -660
  372.8000	             -582
  372.8200	             -583
  372.8400	             -443
  372.8600	             -280
  372.8800	             -374
  372.9000	             -937
  372.9200	            -1100
  372.9400	             -668
  372.9600	             -499
  372.9800	             -471
  373.0000	              194
  373.0200	              581
  373.0400	              453
  373.0600	              152
  373.0800	             -819
  373.1000	             -893
  373.1200	             -508
  373.1400	             -594
  373.1600	             -488
  373.1800	             -308
  373.2000	             -205
  373.2200	             -146
  373.2400	             -445
  373.2600	             -892
  373.2800	             -221
  373.3000	              135
  373.3200	               13
  373.3400	              399
  373.3600	              204
  373.3800	              -19
  373.4000	              -39
  373.4200	             -583
  373.4400	             -348
  373.4600	             -504
  373.4800	             -644
  373.5000	             -182
  373.5200	             -153
  373.5400	              -39
  373.5600	              -14
  373.5800	              217
  373.6000	              574
  373.6200	              327
  373.6400	              116
  373.6600	              173
  373.6800	             -129
  373.7000	              224
  373.7200	              309
  373.7400	              -39
  373.7600	             -427
  373.7800	             -706
  373.8000	               83
  373.8200	              136
  373.8400	              -34
  373.8600	              865
  373.8800	             1225
  373.9000	              445
  373.9200	             -208
  373.9400	              459
  373.9600	              337
  373.9800	              -45
  374.0000	             1173
  374.0200	              791
  374.0400	             -667
  374.0600	             -444
  374.0800	              344
  374.1000	              198
  374.1200	              437
  374.1400	             1701
  374.1600	             1483
  374.1800	              -22
  374.2000	              938
  374.2200	             1028
  374.2400	              368
  374.2600	             1537
  374.2800	              942
  374.3000	             -590
  374.3200	               36
  374.3400	              663
  374.3600	              819
  374.3800	             1296
  374.4000	             1011
  374.4200	              300
  374.4400	             1185
  374.4600	             2183
  374.4800	             1868
  374.5000	             1237
  374.5200	              384
  374.5400	              340
  374.5600	             1011
  374.5800	             1794
  374.6000	              750
  374.6200	              211
  374.6400	              680
  374.6600	             1689
  374.6800	             2537
  374.7000	             1569
  374.7200	              909
  374.7400	             1837
  374.7600	             3299
  374.7800	             2089
  374.8000	               36
  374.8200	             -197
  374.8400	             2233
  374.8600	             2845
  374.8800	              998
  374.9000	               89
  374.9200	             1328
  374.9400	             2936
  374.9600	             2454
  374.9800	             1444
  375.0000	             2370
  375.0200	             2710
  375.0400	             1662
  375.0600	             1548
  375.0800	             1486
  375.1000	             1582
  375.1200	             1710
  375.1400	             1928
  375.1600	             1549
  375.1800	             1685
  375.2000	             2152
  375.2200	             2897
  375.2400	             2957
  375.2600	             2758
  375.2800	             2303
  375.3000	             2615
  375.3200	             2643
  375.3400	             3510
  375.3600	             3975
  375.3800	             3778
  375.4000	             4849
  375.4200	             6027
  375.4400	             8739
  375.4600	            12883
  375.4800	            11512
  375.5000	             9710
  375.5200	             9393
  375.5400	             6465
  375.5600	             4304
  375.5800	             1982
  375.6000	             -857
  375.6200	            -1011
  375.6400	             -997
  375.6600	            -1013
  375.6800	             -853
  375.7000	             -389
  375.7200	              110
  375.7400	              176
  375.7600	              191
  375.7800	             -280
  375.8000	             -971
  375.8200	            -1031
  375.8400	            -1117
  375.8600	            -1142
  375.8800	            -1145
  375.9000	            -1142
  375.9200	             -865
  375.9400	             -390
  375.9600	             -101
  375.9800	              129
  376.0000	               79
  376.0200	             -313
  376.0400	            -1050
  376.0600	            -1140
  376.0800	            -1142
  376.1000	            -1131
  376.1200	            -1194
  376.1400	            -1111
  376.1600	             -516
  376.1800	             -135
  376.2000	              102
  376.2200	              484
  376.2400	              241
  376.2600	             -605
  376.2800	            -1076
  376.3000	            -1169
  376.3200	            -1165
  376.3400	            -1144
  376.3600	            -1151
  376.3800	             -693
  376.4000	             -351
  376.4200	              -72
  376.4400	              194
  376.4600	              192
  376.4800	             -135
  376.5000	             -939
  376.5200	            -1170
  376.5400	            -1126
  376.5600	            -1140
  376.5800	            -1151
  376.6000	             -601
  376.6200	             -242
  376.6400	               80
  376.6600	              392
  376.6800	              454
  376.7000	              152
  376.7200	             -859
  376.7400	            -1137
  376.7600	            -1154
  376.7800	            -1158
  376.8000	            -1074
  376.8200	             -436
  376.8400	             -193
  376.8600	              -51
  376.8800	              388
  376.9000	              263
  376.9200	             -173
  376.9400	            -1026
  376.9600	            -1149
  376.9800	            -1175
  377.0000	            -1136
  377.0200	             -667
  377.0400	             -172
  377.0600	               89
  377.0800	              309
  377.1000	              645
  377.1200	              470
  377.1400	             -511
  377.1600	            -1149
  377.1800	            -1092
  377.2000	            -1132
  377.2200	             -653
  377.2400	             -238
  377.2600	             -106
  377.2800	              170
  377.3000	              535
  377.3200	              422
  377.3400	             -259
  377.3600	            -1059
  377.3800	            -1137
  377.4000	            -1095
  377.4200	             -513
  377.4400	             -142
  377.4600	               36
  377.4800	              387
  377.5000	              721
  377.5200	              644
  377.5400	             -230
  377.5600	            -1052
  377.5800	            -1085
  377.6000	             -897
  377.6200	             -197
  377.6400	             -152
  377.6600	               70
  377.6800	              539
  377.7000	              536
  377.7200	              385
  377.7400	             -697
  377.7600	            -1122
  377.7800	             -899
  377.8000	             -133
  377.8200	               32
  377.8400	               37
  377.8600	              735
  377.8800	              803
  377.9000	              826
  377.9200	             -266
  377.9400	            -1053
  377.9600	             -822
  377.9800	              -29
  378.0000	             -166
  378.0200	               55
  378.0400	              739
  378.0600	              669
  378.0800	              742
  378.1000	             -205
  378.1200	            -1047
  378.1400	             -205
  378.1600	              204
  378.1800	             -269
  378.2000	              631
  378.2200	             1008
  378.2400	              926
  378.2600	              815
  378.2800	             -642
  378.3000	             -380
  378.3200	              262
  378.3400	             -322
  378.3600	              193
  378.3800	             1029
  378.4000	              671
  378.4200	              948
  378.4400	              201
  378.4600	             -193
  378.4800	              334
  378.5000	             -230
  378.5200	              351
  378.5400	             1302
  378.5600	              876
  378.5800	             1209
  378.6000	              595
  378.6200	              379
  378.6400	              360
  378.6600	             -567
  378.6800	              834
  378.7000	             1263
  378.7200	              673
  378.7400	             1138
  378.7600	             1278
  378.7800	              702
  378.8000	             -464
  378.8200	              538
  378.8400	             1616
  378.8600	              942
  378.8800	             1519
  378.9000	             2488
  378.9200	              954
  378.9400	             -558
  378.9600	              594
  378.9800	             1635
  379.0000	              870
  379.0200	             1738
  379.0400	             2918
  379.0600	             1078
  379.0800	             -780
  379.1000	             1128
  379.1200	             2066
  379.1400	              928
  379.1600	             3125
  379.1800	             2897
  379.2000	             -266
  379.2200	              305
  379.2400	             1918
  379.2600	             1674
  379.2800	             2524
  379.3000	             3317
  379.3200	              589
  379.3400	             -129
  379.3600	             1885
  379.3800	             2770
  379.4000	             2713
  379.4200	             2739
  379.4400	              958
  379.4600	              764
  379.4800	             2430
  379.5000	             3270
  379.5200	             2433
  379.5400	             1579
  379.5600	             1272
  379.5800	             2245
  379.6000	             4364
  379.6200	             2742
  379.6400	              871
  379.6600	             1858
  379.6800	             3146
  379.7000	             4456
  379.7200	             2362
  379.7400	              425
  379.7600	             2055
  379.7800	             4575
  379.8000	             3887
  379.8200	             1120
  379.8400	              817
  379.8600	             4095
  379.8800	             5114
  379.9000	             1923
  379.9200	             1266
  379.9400	             3304
  379.9600	             4431
  379.9800	             2840
  380.0000	             2500
  380.0200	             3379
  380.0400	             3438
  380.0600	             3127
  380.0800	             3276
  380.1000	             3160
  380.1200	             3056
  380.1400	             3621
  380.1600	             3291
  380.1800	             3320
  380.2000	             3035
  380.2200	             3099
  380.2400	             3648
  380.2600	             4308
  380.2800	             5076
  380.3000	             6610
  380.3200	             5879
  380.3400	             6164
  380.3600	             8130
  380.3800	             9321
  380.4000	            13418
  380.4200	            18921
  380.4400	            18441
  380.4600	            13772
  380.4800	            12691
  380.5000	             9392
  380.5200	             6130
  380.5400	              685
  380.5600	             -792
  380.5800	             -940
  380.6000	             -990
  380.6200	             -979
  380.6400	            -1028
  380.6600	            -1018
  380.6800	            -1069
  380.7000	            -1118
  380.7200	            -1079
  380.7400	            -1058
  380.7600	            -1057
  380.7800	            -1034
  380.8000	            -1069
  380.8200	            -1116
  380.8400	            -1095
  380.8600	            -1092
  380.8800	            -1112
  380.9000	            -1134
  380.9200	            -1149
  380.9400	            -1125
  380.9600	            -1151
  380.9800	            -1172
  381.0000	            -1153
  381.0200	            -1158
  381.0400	            -1126
  381.0600	            -1140
  381.0800	            -1171
  381.1000	            -1125
  381.1200	            -1141
  381.1400	            -1155
  381.1600	            -1152
  381.1800	            -1155
  381.2000	            -1153
  381.2200	            -1139
  381.2400	            -1140
  381.2600	            -1197
  381.2800	            -1199
  381.3000	            -1169
  381.3200	            -1152
  381.3400	            -1152
  381.3600	            -1143
  381.3800	            -1201
  381.4000	            -1174
  381.4200	            -1205
  381.4400	            -1146
  381.4600	            -1146
  381.4800	            -1151
  381.5000	            -1129
  381.5200	            -1184
  381.5400	            -1140
  381.5600	            -1191
  381.5800	            -1165
  381.6000	            -1196
  381.6200	            -1198
  381.6400	            -1174
  381.6600	            -1179
  381.6800	            -1202
  381.7000	            -1208
  381.7200	            -1155
  381.7400	            -1192
  381.7600	            -1163
  381.7800	            -1214
  381.8000	            -1151
  381.8200	            -1199
  381.8400	            -1177
  381.8600	            -1192
  381.8800	            -1165
  381.9000	            -1188
  381.9200	            -1160
  381.9400	            -1218
  381.9600	            -1158
  381.9800	            -1202
  382.0000	            -1203
