  370.0000	             -172
  370.0200	              111
  370.0400	             -510
  370.0600	             -441
  370.0800	             -349
  370.1000	              -32
  370.1200	                1
  370.1400	             -327
  370.1600	             -919
  370.1800	             -577
  370.2000	              301
  370.2200	              397
  370.2400	             -152
  370.2600	             -519
  370.2800	             -179
  370.3000	              277
  370.3200	              -98
  370.3400	             -864
  370.3600	             -737
  370.3800	              -39
  370.4000	              266
  370.4200	             -163
  370.4400	             -224
  370.4600	              290
  370.4800	              578
  370.5000	              449
  370.5200	              -51
  370.5400	              -39
  370.5600	             -196
  370.5800	              -56
  370.6000	             -535
  370.6200	             -731
  370.6400	             -473
  370.6600	             -438
  370.6800	             -329
  370.7000	             -160
  370.7200	              206
  370.7400	              169
  370.7600	              388
  370.7800	              503
  370.8000	               70
  370.8200	              127
  370.8400	              233
  370.8600	              372
  370.8800	              750
  370.9000	              970
  370.9200	             1433
  370.9400	             2173
  370.9600	             3601
  370.9800	             4014
  371.0000	             2835
  371.0200	             2692
  371.0400	             2132
  371.0600	             1279
  371.0800	             1028
  371.1000	              471
  371.1200	             -579
  371.1400	             -658
  371.1600	             -607
  371.1800	             -663
  371.2000	             -735
  371.2200	             -667
  371.2400	             -787
  371.2600	            -1005
  371.2800	            -1077
  371.3000	            -1154
  371.3200	            -1116
  371.3400	            -1134
  371.3600	            -1046
  371.3800	             -810
  371.4000	             -645
  371.4200	             -582
  371.4400	             -169
  371.4600	             -218
  371.4800	             -661
  371.5000	             -971
  371.5200	            -1179
  371.5400	            -1178
  371.5600	            -1119
  371.5800	            -1012
  371.6000	             -840
  371.6200	             -652
  371.6400	             -747
  371.6600	             -550
  371.6800	             -532
  371.7000	             -902
  371.7200	            -1043
  371.7400	             -981
  371.7600	             -670
  371.7800	             -557
  371.8000	             -459
  371.8200	             -551
  371.8400	             -667
  371.8600	             -535
  371.8800	             -513
  371.9000	             -470
  371.9200	             -955
  371.9400	            -1116
  371.9600	            -1150
  371.9800	            -1137
  372.0000	             -907
  372.0200	             -717
  372.0400	             -600
  372.0600	             -456
  372.0800	              -11
  372.1000	               16
  372.1200	             -504
  372.1400	             -852
  372.1600	            -1150
  372.1800	            -1113
  372.2000	             -854
  372.2200	             -671
  372.2400	             -616
  372.2600	             -626
  372.2800	             -341
  372.3000	             -361
  372.3200	             -718
  372.3400	            -1001
  372.3600	            -1125
  372.3800	             -791
  372.4000	             -173
  372.4200	             -145
  372.4400	             -302
  372.4600	             -445
  372.4800	             -312
  372.5000	             -406
  372.5200	             -773
  372.5400	            -1078
  372.5600	            -1149
  372.5800	             -867
  372.6000	             -595
  372.6200	             -620
  372.6400	             -531
  372.6600	             -349
  372.6800	              -78
  372.7000	              136
  372.7200	             -310
  372.7400	             -670
  372.7600	             -652
  372.7800	             -709
  372.8000	             -550
  372.8200	             -629
  372.8400	             -496
  372.8600	             -272
  372.8800	             -394
  372.9000	             -933
  372.9200	            -1129
  372.9400	             -686
  372.9600	             -488
  372.9800	             -481
  373.0000	              176
  373.0200	              549
  373.0400	              458
  373.0600	              107
  373.0800	             -815
  373.1000	             -860
  373.1200	             -520
  373.1400	             -596
  373.1600	             -508
  373.1800	             -329
  373.2000	             -205
  373.2200	             -126
  373.2400	             -469
  373.2600	             -864
  373.2800	             -230
  373.3000	              150
  373.3200	              118
  373.3400	              320
  373.3600	              211
  373.3800	              -23
  373.4000	              -87
  373.4200	             -596
  373.4400	             -403
  373.4600	             -454
  373.4800	             -637
  373.5000	             -134
  373.5200	             -161
  373.5400	              -39
  373.5600	              -18
  373.5800	              221
  373.6000	              570
  373.6200	              298
  373.6400	              135
  373.6600	              208
  373.6800	              -60
  373.7000	              192
  373.7200	              353
  373.7400	               10
  373.7600	             -393
  373.7800	             -676
  373.8000	               68
  373.8200	              145
  373.8400	              -21
  373.8600	              867
  373.8800	             1126
  373.9000	              446
  373.9200	             -130
  373.9400	              479
  373.9600	              354
  373.9800	              -39
  374.0000	             1121
  374.0200	              661
  374.0400	             -669
  374.0600	             -455
  374.0800	              317
  374.1000	              189
  374.1200	              456
  374.1400	             1765
  374.1600	             1517
  374.1800	              -17
  374.2000	              988
  374.2200	              953
  374.2400	              405
  374.2600	             1510
  374.2800	              946
  374.3000	             -644
  374.3200	               87
  374.3400	              616
  374.3600	              842
  374.3800	             1405
  374.4000	             1012
  374.4200	              273
  374.4400	             1172
  374.4600	             2181
  374.4800	             1845
  374.5000	             1129
  374.5200	              418
  374.5400	              367
  374.5600	             1097
  374.5800	             1776
  374.6000	              703
  374.6200	              213
  374.6400	              656
  374.6600	             1861
  374.6800	             2660
  374.7000	             1486
  374.7200	              905
  374.7400	             1952
  374.7600	             3241
  374.7800	             2007
  374.8000	              -28
  374.8200	             -145
  374.8400	             2331
  374.8600	             2932
  374.8800	              985
  374.9000	               19
  374.9200	             1440
  374.9400	             3059
  374.9600	             2403
  374.9800	             1485
  375.0000	             2402
  375.0200	             2711
  375.0400	             1632
  375.0600	             1481
  375.0800	             1457
  375.1000	             1738
  375.1200	             1647
  375.1400	             1787
  375.1600	             1591
  375.1800	             1607
  375.2000	             2186
  375.2200	             2962
  375.2400	             3013
  375.2600	             2676
  375.2800	             2292
  375.3000	             2666
  375.3200	             2680
  375.3400	             3570
  375.3600	             4056
  375.3800	             3796
  375.4000	             4939
  375.4200	             6101
  375.4400	             8949
  375.4600	            12979
  375.4800	            11509
  375.5000	             9670
  375.5200	             9329
  375.5400	             6421
  375.5600	             4219
  375.5800	             1844
  375.6000	             -904
  375.6200	             -966
  375.6400	            -1045
  375.6600	            -1000
  375.6800	             -803
  375.7000	             -382
  375.7200	               63
  375.7400	              199
  375.7600	              127
  375.7800	             -282
  375.8000	             -944
  375.8200	            -1069
  375.8400	            -1079
  375.8600	            -1088
  375.8800	            -1136
  375.9000	            -1088
  375.9200	             -767
  375.9400	             -411
  375.9600	             -103
  375.9800	              115
  376.0000	               88
  376.0200	             -471
  376.0400	            -1062
  376.0600	            -1129
  376.0800	            -1137
  376.1000	            -1187
  376.1200	            -1122
  376.1400	            -1097
  376.1600	             -551
  376.1800	              -98
  376.2000	               67
  376.2200	              448
  376.2400	              210
  376.2600	             -607
  376.2800	            -1069
  376.3000	            -1139
  376.3200	            -1147
  376.3400	            -1166
  376.3600	            -1178
  376.3800	             -639
  376.4000	             -332
  376.4200	             -129
  376.4400	              222
  376.4600	              192
  376.4800	             -185
  376.5000	             -974
  376.5200	            -1162
  376.5400	            -1129
  376.5600	            -1116
  376.5800	            -1126
  376.6000	             -575
  376.6200	             -264
  376.6400	               54
  376.6600	              382
  376.6800	              448
  376.7000	               62
  376.7200	             -930
  376.7400	            -1137
  376.7600	            -1158
  376.7800	            -1153
  376.8000	            -1054
  376.8200	             -427
  376.8400	             -191
  376.8600	              -72
  376.8800	              426
  376.9000	              281
  376.9200	             -175
  376.9400	            -1015
  376.9600	            -1143
  376.9800	            -1179
  377.0000	            -1108
  377.0200	             -568
  377.0400	             -173
  377.0600	               98
  377.0800	              301
  377.1000	              622
  377.1200	              413
  377.1400	             -569
  377.1600	            -1108
  377.1800	            -1115
  377.2000	            -1125
  377.2200	             -595
  377.2400	             -182
  377.2600	             -147
  377.2800	              188
  377.3000	              516
  377.3200	              461
  377.3400	             -391
  377.3600	            -1081
  377.3800	            -1149
  377.4000	            -1097
  377.4200	             -448
  377.4400	              -77
  377.4600	              -17
  377.4800	              445
  377.5000	              773
  377.5200	              644
  377.5400	             -298
  377.5600	            -1083
  377.5800	            -1108
  377.6000	             -845
  377.6200	             -172
  377.6400	             -152
  377.6600	              138
  377.6800	              610
  377.7000	              657
  377.7200	              334
  377.7400	             -750
  377.7600	            -1083
  377.7800	             -897
  377.8000	             -129
  377.8200	               79
  377.8400	              105
  377.8600	              778
  377.8800	              760
  377.9000	              759
  377.9200	             -368
  377.9400	            -1107
  377.9600	             -735
  377.9800	               53
  378.0000	             -164
  378.0200	               72
  378.0400	              764
  378.0600	              690
  378.0800	              720
  378.1000	             -281
  378.1200	            -1002
  378.1400	             -120
  378.1600	              227
  378.1800	             -226
  378.2000	              636
  378.2200	             1064
  378.2400	              972
  378.2600	              777
  378.2800	             -642
  378.3000	             -341
  378.3200	              317
  378.3400	             -360
  378.3600	              309
  378.3800	              968
  378.4000	              702
  378.4200	              913
  378.4400	              194
  378.4600	             -111
  378.4800	              359
  378.5000	             -261
  378.5200	              474
  378.5400	             1308
  378.5600	              842
  378.5800	             1291
  378.6000	              595
  378.6200	              412
  378.6400	              312
  378.6600	             -553
  378.6800	              905
  378.7000	             1266
  378.7200	              743
  378.7400	             1160
  378.7600	             1201
  378.7800	              678
  378.8000	             -438
  378.8200	              628
  378.8400	             1630
  378.8600	              872
  378.8800	             1627
  378.9000	             2512
  378.9200	              865
  378.9400	             -590
  378.9600	              688
  378.9800	             1623
  379.0000	              757
  379.0200	             1795
  379.0400	             3008
  379.0600	             1043
  379.0800	             -816
  379.1000	             1148
  379.1200	             2120
  379.1400	              882
  379.1600	             3062
  379.1800	             2845
  379.2000	             -341
  379.2200	              422
  379.2400	             1898
  379.2600	             1615
  379.2800	             2532
  379.3000	             3419
  379.3200	              621
  379.3400	             -119
  379.3600	             1988
  379.3800	             2753
  379.4000	             2689
  379.4200	             2820
  379.4400	              926
  379.4600	              760
  379.4800	             2446
  379.5000	             3270
  379.5200	             2464
  379.5400	             1622
  379.5600	             1290
  379.5800	             2353
  379.6000	             4307
  379.6200	             2739
  379.6400	              919
  379.6600	             1914
  379.6800	             3213
  379.7000	             4523
  379.7200	             2303
  379.7400	              415
  379.7600	             2100
  379.7800	             4528
  379.8000	             3878
  379.8200	             1147
  379.8400	              815
  379.8600	             4245
  379.8800	             5093
  379.9000	             1978
  379.9200	             1295
  379.9400	             3465
  379.9600	             4417
  379.9800	             2909
  380.0000	             2555
  380.0200	             3360
  380.0400	             3340
  380.0600	             3062
  380.0800	             3290
  380.1000	             3202
  380.1200	             3005
  380.1400	             3605
  380.1600	             3317
  380.1800	             3288
  380.2000	             3153
  380.2200	             3149
  380.2400	             3650
  380.2600	             4359
  380.2800	             5217
  380.3000	             6838
  380.3200	             5974
  380.3400	             6202
  380.3600	             8192
  380.3800	             9483
  380.4000	            13589
  380.4200	            19164
  380.4400	            18612
  380.4600	            14002
  380.4800	            12822
  380.5000	             9311
  380.5200	             6105
  380.5400	              643
  380.5600	             -798
  380.5800	             -936
  380.6000	             -966
  380.6200	            -1001
  380.6400	             -986
  380.6600	            -1016
  380.6800	            -1074
  380.7000	            -1069
  380.7200	            -1078
  380.7400	            -1056
  380.7600	            -1035
  380.7800	            -1077
  380.8000	            -1092
  380.8200	            -1129
  380.8400	            -1143
  380.8600	            -1093
  380.8800	            -1078
  380.9000	            -1122
  380.9200	            -1142
  380.9400	            -1124
  380.9600	            -1154
  380.9800	            -1152
  381.0000	            -1081
  381.0200	            -1128
  381.0400	            -1159
  381.0600	            -1120
  381.0800	            -1165
  381.1000	            -1127
  381.1200	            -1141
  381.1400	            -1128
  381.1600	            -1137
  381.1800	            -1134
  381.2000	            -1130
  381.2200	            -1143
  381.2400	            -1151
  381.2600	            -1222
  381.2800	            -1207
  381.3000	            -1151
  381.3200	            -1093
  381.3400	            -1148
  381.3600	            -1153
  381.3800	            -1222
  381.4000	            -1123
  381.4200	            -1198
  381.4400	            -1198
  381.4600	            -1154
  381.4800	            -1141
  381.5000	            -1146
  381.5200	            -1154
  381.5400	            -1140
  381.5600	            -1174
  381.5800	            -1129
  381.6000	            -1190
  381.6200	            -1156
  381.6400	            -1154
  381.6600	            -1133
  381.6800	            -1136
  381.7000	            -1182
  381.7200	            -1149
  381.7400	            -1154
  381.7600	            -1174
  381.7800	            -1146
  381.8000	            -1165
  381.8200	            -1165
  381.8400	            -1167
  381.8600	            -1175
  381.8800	            -1211
  381.9000	            -1174
  381.9200	            -1200
  381.9400	            -1156
  381.9600	            -1170
  381.9800	            -1205
  382.0000	            -1156
