  370.0000	             -121
  370.0200	               79
  370.0400	             -323
  370.0600	             -616
  370.0800	             -342
  370.1000	               70
  370.1200	               30
  370.1400	             -273
  370.1600	             -929
  370.1800	             -517
  370.2000	              479
  370.2200	              437
  370.2400	             -162
  370.2600	             -601
  370.2800	              -59
  370.3000	              469
  370.3200	              157
  370.3400	             -753
  370.3600	             -533
  370.3800	              229
  370.4000	              593
  370.4200	               91
  370.4400	             -120
  370.4600	              448
  370.4800	              719
  370.5000	              652
  370.5200	               57
  370.5400	              171
  370.5600	              112
  370.5800	              196
  370.6000	             -331
  370.6200	             -589
  370.6400	             -330
  370.6600	             -260
  370.6800	              -92
  370.7000	               75
  370.7200	              439
  370.7400	              368
  370.7600	              492
  370.7800	              614
  370.8000	              228
  370.8200	              452
  370.8400	              663
  370.8600	              888
  370.8800	             1329
  370.9000	             1451
  370.9200	             2096
  370.9400	             2868
  370.9600	             4650
  370.9800	             5045
  371.0000	             3682
  371.0200	             3389
  371.0400	             2818
  371.0600	             1875
  371.0800	             1549
  371.1000	              738
  371.1200	             -656
  371.1400	             -785
  371.1600	             -772
  371.1800	             -759
  371.2000	             -814
  371.2200	             -809
  371.2400	             -878
  371.2600	            -1012
  371.2800	            -1095
  371.3000	            -1136
  371.3200	            -1143
  371.3400	            -1164
  371.3600	            -1052
  371.3800	             -896
  371.4000	             -701
  371.4200	             -718
  371.4400	             -366
  371.4600	             -502
  371.4800	             -831
  371.5000	             -977
  371.5200	            -1150
  371.5400	            -1143
  371.5600	            -1164
  371.5800	            -1016
  371.6000	             -830
  371.6200	             -694
  371.6400	             -804
  371.6600	             -614
  371.6800	             -658
  371.7000	             -880
  371.7200	            -1076
  371.7400	            -1028
  371.7600	             -846
  371.7800	             -798
  371.8000	             -625
  371.8200	             -614
  371.8400	             -670
  371.8600	             -609
  371.8800	             -543
  371.9000	             -535
  371.9200	             -971
  371.9400	            -1122
  371.9600	            -1134
  371.9800	            -1137
  372.0000	             -869
  372.0200	             -793
  372.0400	             -651
  372.0600	             -604
  372.0800	             -242
  372.1000	             -269
  372.1200	             -674
  372.1400	             -985
  372.1600	            -1122
  372.1800	            -1123
  372.2000	             -840
  372.2200	             -778
  372.2400	             -581
  372.2600	             -673
  372.2800	             -465
  372.3000	             -583
  372.3200	             -847
  372.3400	            -1010
  372.3600	            -1140
  372.3800	             -878
  372.4000	             -381
  372.4200	             -357
  372.4400	             -459
  372.4600	             -436
  372.4800	             -399
  372.5000	             -437
  372.5200	             -921
  372.5400	            -1069
  372.5600	            -1123
  372.5800	             -775
  372.6000	             -685
  372.6200	             -612
  372.6400	             -570
  372.6600	             -357
  372.6800	             -275
  372.7000	             -198
  372.7200	             -602
  372.7400	             -865
  372.7600	             -741
  372.7800	             -672
  372.8000	             -487
  372.8200	             -596
  372.8400	             -455
  372.8600	             -397
  372.8800	             -448
  372.9000	             -908
  372.9200	            -1092
  372.9400	             -629
  372.9600	             -595
  372.9800	             -509
  373.0000	              -58
  373.0200	              209
  373.0400	              146
  373.0600	             -188
  373.0800	             -876
  373.1000	             -814
  373.1200	             -499
  373.1400	             -577
  373.1600	             -507
  373.1800	             -359
  373.2000	             -228
  373.2200	             -226
  373.2400	             -492
  373.2600	             -883
  373.2800	             -253
  373.3000	             -121
  373.3200	             -215
  373.3400	               93
  373.3600	              156
  373.3800	              -19
  373.4000	             -115
  373.4200	             -504
  373.4400	             -242
  373.4600	             -332
  373.4800	             -592
  373.5000	             -107
  373.5200	              -39
  373.5400	              -19
  373.5600	               51
  373.5800	              174
  373.6000	              310
  373.6200	              198
  373.6400	               10
  373.6600	              270
  373.6800	               66
  373.7000	              232
  373.7200	              462
  373.7400	              107
  373.7600	             -329
  373.7800	             -586
  373.8000	              165
  373.8200	               87
  373.8400	              -76
  373.8600	              692
  373.8800	              870
  373.9000	              161
  373.9200	             -324
  373.9400	              241
  373.9600	              276
  373.9800	              -78
  374.0000	             1073
  374.0200	              642
  374.0400	             -672
  374.0600	             -329
  374.0800	              222
  374.1000	              134
  374.1200	              364
  374.1400	             1400
  374.1600	             1116
  374.1800	             -338
  374.2000	              667
  374.2200	              696
  374.2400	              377
  374.2600	             1420
  374.2800	              760
  374.3000	             -613
  374.3200	               84
  374.3400	              532
  374.3600	              754
  374.3800	             1091
  374.4000	              846
  374.4200	               95
  374.4400	              833
  374.4600	             1698
  374.4800	             1426
  374.5000	             1058
  374.5200	              291
  374.5400	              339
  374.5600	              913
  374.5800	             1625
  374.6000	              637
  374.6200	              143
  374.6400	              618
  374.6600	             1721
  374.6800	             2191
  374.7000	             1059
  374.7200	              394
  374.7400	             1328
  374.7600	             2808
  374.7800	             1855
  374.8000	              -21
  374.8200	             -237
  374.8400	             2081
  374.8600	             2608
  374.8800	              892
  374.9000	               72
  374.9200	             1291
  374.9400	             2757
  374.9600	             2018
  374.9800	             1106
  375.0000	             1873
  375.0200	             2376
  375.0400	             1466
  375.0600	             1485
  375.0800	             1406
  375.1000	             1622
  375.1200	             1470
  375.1400	             1866
  375.1600	             1583
  375.1800	             1616
  375.2000	             2074
  375.2200	             2549
  375.2400	             2482
  375.2600	             2182
  375.2800	             2060
  375.3000	             2690
  375.3200	             2536
  375.3400	             3547
  375.3600	             3750
  375.3800	             3709
  375.4000	             4630
  375.4200	             5972
  375.4400	             8188
  375.4600	            12011
  375.4800	            10265
  375.5000	             8809
  375.5200	             7953
  375.5400	             5951
  375.5600	             3670
  375.5800	             1695
  375.6000	             -923
  375.6200	            -1028
  375.6400	            -1034
  375.6600	            -1038
  375.6800	             -900
  375.7000	             -650
  375.7200	             -398
  375.7400	             -285
  375.7600	             -391
  375.7800	             -606
  375.8000	             -976
  375.8200	            -1107
  375.8400	            -1111
  375.8600	            -1126
  375.8800	            -1153
  375.9000	            -1081
  375.9200	             -923
  375.9400	             -685
  375.9600	             -495
  375.9800	             -374
  376.0000	             -424
  376.0200	             -668
  376.0400	            -1078
  376.0600	            -1146
  376.0800	            -1146
  376.1000	            -1162
  376.1200	            -1133
  376.1400	            -1113
  376.1600	             -751
  376.1800	             -503
  376.2000	             -448
  376.2200	             -189
  376.2400	             -348
  376.2600	             -829
  376.2800	            -1141
  376.3000	            -1154
  376.3200	            -1140
  376.3400	            -1176
  376.3600	            -1156
  376.3800	             -862
  376.4000	             -634
  376.4200	             -389
  376.4400	             -250
  376.4600	             -324
  376.4800	             -469
  376.5000	            -1067
  376.5200	            -1189
  376.5400	            -1152
  376.5600	            -1196
  376.5800	            -1175
  376.6000	             -772
  376.6200	             -589
  376.6400	             -328
  376.6600	             -241
  376.6800	             -206
  376.7000	             -425
  376.7200	            -1006
  376.7400	            -1154
  376.7600	            -1160
  376.7800	            -1169
  376.8000	            -1135
  376.8200	             -658
  376.8400	             -548
  376.8600	             -404
  376.8800	             -163
  376.9000	             -232
  376.9200	             -552
  376.9400	            -1061
  376.9600	            -1164
  376.9800	            -1154
  377.0000	            -1181
  377.0200	             -794
  377.0400	             -466
  377.0600	             -225
  377.0800	             -219
  377.1000	               23
  377.1200	             -202
  377.1400	             -742
  377.1600	            -1179
  377.1800	            -1150
  377.2000	            -1084
  377.2200	             -751
  377.2400	             -520
  377.2600	             -313
  377.2800	             -280
  377.3000	               -3
  377.3200	             -186
  377.3400	             -619
  377.3600	            -1110
  377.3800	            -1154
  377.4000	            -1127
  377.4200	             -618
  377.4400	             -389
  377.4600	             -266
  377.4800	             -157
  377.5000	              120
  377.5200	               25
  377.5400	             -611
  377.5600	            -1129
  377.5800	            -1126
  377.6000	             -874
  377.6200	             -421
  377.6400	             -380
  377.6600	             -282
  377.6800	               85
  377.7000	               69
  377.7200	             -181
  377.7400	             -865
  377.7600	            -1133
  377.7800	             -985
  377.8000	             -325
  377.8200	             -292
  377.8400	             -241
  377.8600	              145
  377.8800	              260
  377.9000	              115
  377.9200	             -607
  377.9400	            -1105
  377.9600	             -846
  377.9800	             -249
  378.0000	             -374
  378.0200	             -237
  378.0400	              223
  378.0600	              179
  378.0800	              127
  378.1000	             -505
  378.1200	            -1065
  378.1400	             -333
  378.1600	              -98
  378.1800	             -397
  378.2000	              184
  378.2200	              346
  378.2400	              306
  378.2600	              157
  378.2800	             -752
  378.3000	             -499
  378.3200	              -42
  378.3400	             -454
  378.3600	                3
  378.3800	              526
  378.4000	              229
  378.4200	              446
  378.4400	                8
  378.4600	             -278
  378.4800	              187
  378.5000	             -336
  378.5200	               90
  378.5400	              729
  378.5600	              317
  378.5800	              662
  378.6000	              327
  378.6200	              203
  378.6400	              230
  378.6600	             -607
  378.6800	              494
  378.7000	              834
  378.7200	              269
  378.7400	              654
  378.7600	              872
  378.7800	              431
  378.8000	             -508
  378.8200	              244
  378.8400	             1027
  378.8600	              428
  378.8800	              933
  378.9000	             1869
  378.9200	              672
  378.9400	             -602
  378.9600	              312
  378.9800	             1090
  379.0000	              401
  379.0200	             1195
  379.0400	             2416
  379.0600	              928
  379.0800	             -827
  379.1000	              644
  379.1200	             1471
  379.1400	              473
  379.1600	             2327
  379.1800	             2402
  379.2000	             -356
  379.2200	              134
  379.2400	             1270
  379.2600	             1207
  379.2800	             1833
  379.3000	             2698
  379.3200	              399
  379.3400	             -327
  379.3600	             1323
  379.3800	             2106
  379.4000	             1956
  379.4200	             2148
  379.4400	              684
  379.4600	              407
  379.4800	             1853
  379.5000	             2557
  379.5200	             1885
  379.5400	             1151
  379.5600	             1023
  379.5800	             1655
  379.6000	             3428
  379.6200	             2239
  379.6400	              489
  379.6600	             1356
  379.6800	             2491
  379.7000	             3535
  379.7200	             1897
  379.7400	              151
  379.7600	             1526
  379.7800	             3725
  379.8000	             3215
  379.8200	              843
  379.8400	              435
  379.8600	             3262
  379.8800	             4278
  379.9000	             1553
  379.9200	              897
  379.9400	             2701
  379.9600	             3571
  379.9800	             2272
  380.0000	             2006
  380.0200	             2686
  380.0400	             2851
  380.0600	             2401
  380.0800	             2676
  380.1000	             2518
  380.1200	             2406
  380.1400	             2963
  380.1600	             2694
  380.1800	             2748
  380.2000	             2582
  380.2200	             2591
  380.2400	             3116
  380.2600	             3694
  380.2800	             4240
  380.3000	             5664
  380.3200	             5145
  380.3400	             5268
  380.3600	             7027
  380.3800	             7948
  380.4000	            11659
  380.4200	            15898
  380.4400	            16088
  380.4600	            11786
  380.4800	            11044
  380.5000	             7903
  380.5200	             5204
  380.5400	              564
  380.5600	             -789
  380.5800	             -863
  380.6000	             -908
  380.6200	             -944
  380.6400	             -945
  380.6600	            -1048
  380.6800	            -1034
  380.7000	            -1069
  380.7200	            -1084
  380.7400	             -996
  380.7600	            -1028
  380.7800	            -1051
  380.8000	            -1104
  380.8200	            -1092
  380.8400	            -1101
  380.8600	            -1107
  380.8800	            -1069
  380.9000	            -1129
  380.9200	            -1152
  380.9400	            -1134
  380.9600	            -1154
  380.9800	            -1146
  381.0000	            -1113
  381.0200	            -1179
  381.0400	            -1133
  381.0600	            -1155
  381.0800	            -1133
  381.1000	            -1140
  381.1200	            -1125
  381.1400	            -1186
  381.1600	            -1126
  381.1800	            -1135
  381.2000	            -1151
  381.2200	            -1119
  381.2400	            -1179
  381.2600	            -1146
  381.2800	            -1192
  381.3000	            -1155
  381.3200	            -1111
  381.3400	            -1090
  381.3600	            -1178
  381.3800	            -1151
  381.4000	            -1153
  381.4200	            -1123
  381.4400	            -1174
  381.4600	            -1182
  381.4800	            -1119
  381.5000	            -1158
  381.5200	            -1140
  381.5400	            -1146
  381.5600	            -1172
  381.5800	            -1147
  381.6000	            -1137
  381.6200	            -1164
  381.6400	            -1162
  381.6600	            -1140
  381.6800	            -1151
  381.7000	            -1215
  381.7200	            -1146
  381.7400	            -1191
  381.7600	            -1151
  381.7800	            -1180
  381.8000	            -1162
  381.8200	            -1147
  381.8400	            -1118
  381.8600	            -1154
  381.8800	            -1210
  381.9000	            -1174
  381.9200	            -1129
  381.9400	            -1174
  381.9600	            -1202
  381.9800	            -1136
  382.0000	            -1199
