  370.0000	             -762
  370.0200	             -698
  370.0400	             -679
  370.0600	             -758
  370.0800	             -785
  370.1000	             -743
  370.1200	             -688
  370.1400	             -672
  370.1600	             -802
  370.1800	             -836
  370.2000	             -742
  370.2200	             -601
  370.2400	             -669
  370.2600	             -775
  370.2800	             -816
  370.3000	             -640
  370.3200	             -619
  370.3400	             -782
  370.3600	             -890
  370.3800	             -795
  370.4000	             -634
  370.4200	             -661
  370.4400	             -771
  370.4600	             -708
  370.4800	             -591
  370.5000	             -657
  370.5200	             -583
  370.5400	             -756
  370.5600	             -734
  370.5800	             -652
  370.6000	             -710
  370.6200	             -818
  370.6400	             -781
  370.6600	             -717
  370.6800	             -758
  370.7000	             -747
  370.7200	             -716
  370.7400	             -649
  370.7600	             -649
  370.7800	             -661
  370.8000	             -648
  370.8200	             -718
  370.8400	             -572
  370.8600	             -611
  370.8800	             -585
  370.9000	             -483
  370.9200	             -466
  370.9400	             -388
  370.9600	             -156
  370.9800	              146
  371.0000	               85
  371.0200	             -248
  371.0400	             -196
  371.0600	             -310
  371.0800	             -462
  371.1000	             -507
  371.1200	             -710
  371.1400	             -867
  371.1600	             -873
  371.1800	             -821
  371.2000	             -861
  371.2200	             -871
  371.2400	             -865
  371.2600	             -888
  371.2800	             -848
  371.3000	             -899
  371.3200	             -852
  371.3400	             -887
  371.3600	             -875
  371.3800	             -879
  371.4000	             -879
  371.4200	             -862
  371.4400	             -822
  371.4600	             -824
  371.4800	             -773
  371.5000	             -840
  371.5200	             -895
  371.5400	             -917
  371.5600	             -881
  371.5800	             -855
  371.6000	             -870
  371.6200	             -862
  371.6400	             -842
  371.6600	             -873
  371.6800	             -837
  371.7000	             -828
  371.7200	             -885
  371.7400	             -910
  371.7600	             -902
  371.7800	             -890
  371.8000	             -862
  371.8200	             -846
  371.8400	             -855
  371.8600	             -848
  371.8800	             -813
  371.9000	             -797
  371.9200	             -853
  371.9400	             -885
  371.9600	             -922
  371.9800	             -870
  372.0000	             -909
  372.0200	             -862
  372.0400	             -848
  372.0600	             -828
  372.0800	             -771
  372.1000	             -808
  372.1200	             -773
  372.1400	             -866
  372.1600	             -858
  372.1800	             -887
  372.2000	             -907
  372.2200	             -859
  372.2400	             -839
  372.2600	             -845
  372.2800	             -825
  372.3000	             -805
  372.3200	             -772
  372.3400	             -883
  372.3600	             -871
  372.3800	             -889
  372.4000	             -854
  372.4200	             -791
  372.4400	             -781
  372.4600	             -803
  372.4800	             -806
  372.5000	             -821
  372.5200	             -781
  372.5400	             -898
  372.5600	             -875
  372.5800	             -872
  372.6000	             -827
  372.6200	             -824
  372.6400	             -828
  372.6600	             -823
  372.6800	             -774
  372.7000	             -770
  372.7200	             -769
  372.7400	             -839
  372.7600	             -854
  372.7800	             -848
  372.8000	             -841
  372.8200	             -835
  372.8400	             -814
  372.8600	             -781
  372.8800	             -778
  372.9000	             -807
  372.9200	             -884
  372.9400	             -888
  372.9600	             -837
  372.9800	             -803
  373.0000	             -810
  373.0200	             -738
  373.0400	             -732
  373.0600	             -756
  373.0800	             -809
  373.1000	             -879
  373.1200	             -782
  373.1400	             -792
  373.1600	             -834
  373.1800	             -809
  373.2000	             -771
  373.2200	             -766
  373.2400	             -770
  373.2600	             -834
  373.2800	             -815
  373.3000	             -685
  373.3200	             -750
  373.3400	             -728
  373.3600	             -712
  373.3800	             -751
  373.4000	             -761
  373.4200	             -802
  373.4400	             -780
  373.4600	             -753
  373.4800	             -823
  373.5000	             -759
  373.5200	             -742
  373.5400	             -795
  373.5600	             -724
  373.5800	             -756
  373.6000	             -664
  373.6200	             -704
  373.6400	             -745
  373.6600	             -759
  373.6800	             -748
  373.7000	             -731
  373.7200	             -704
  373.7400	             -638
  373.7600	             -688
  373.7800	             -800
  373.8000	             -777
  373.8200	             -690
  373.8400	             -756
  373.8600	             -664
  373.8800	             -543
  373.9000	             -603
  373.9200	             -773
  373.9400	             -722
  373.9600	             -661
  373.9800	             -731
  374.0000	             -636
  374.0200	             -498
  374.0400	             -645
  374.0600	             -870
  374.0800	             -710
  374.1000	             -649
  374.1200	             -745
  374.1400	             -508
  374.1600	             -399
  374.1800	             -587
  374.2000	             -694
  374.2200	             -602
  374.2400	             -598
  374.2600	             -566
  374.2800	             -449
  374.3000	             -640
  374.3200	             -842
  374.3400	             -636
  374.3600	             -555
  374.3800	             -538
  374.4000	             -416
  374.4200	             -639
  374.4400	             -706
  374.4600	             -515
  374.4800	             -320
  374.5000	             -488
  374.5200	             -555
  374.5400	             -670
  374.5600	             -594
  374.5800	             -353
  374.6000	             -429
  374.6200	             -591
  374.6400	             -637
  374.6600	             -505
  374.6800	             -328
  374.7000	             -295
  374.7200	             -670
  374.7400	             -591
  374.7600	             -338
  374.7800	             -189
  374.8000	             -409
  374.8200	             -769
  374.8400	             -589
  374.8600	             -196
  374.8800	             -196
  374.9000	             -606
  374.9200	             -612
  374.9400	             -338
  374.9600	             -221
  374.9800	             -454
  375.0000	             -463
  375.0200	             -384
  375.0400	             -257
  375.0600	             -409
  375.0800	             -414
  375.1000	             -443
  375.1200	             -380
  375.1400	             -379
  375.1600	             -359
  375.1800	             -342
  375.2000	             -381
  375.2200	             -372
  375.2400	             -246
  375.2600	             -246
  375.2800	             -371
  375.3000	             -352
  375.3200	             -227
  375.3400	             -141
  375.3600	               77
  375.3800	               74
  375.4000	               42
  375.4200	              326
  375.4400	              598
  375.4600	             1329
  375.4800	             1720
  375.5000	             1244
  375.5200	             1017
  375.5400	              849
  375.5600	              363
  375.5800	               76
  375.6000	             -563
  375.6200	             -828
  375.6400	             -841
  375.6600	             -889
  375.6800	             -862
  375.7000	             -810
  375.7200	             -839
  375.7400	             -824
  375.7600	             -806
  375.7800	             -783
  375.8000	             -872
  375.8200	             -894
  375.8400	             -872
  375.8600	             -888
  375.8800	             -872
  375.9000	             -887
  375.9200	             -902
  375.9400	             -817
  375.9600	             -842
  375.9800	             -792
  376.0000	             -803
  376.0200	             -813
  376.0400	             -872
  376.0600	             -899
  376.0800	             -846
  376.1000	             -891
  376.1200	             -900
  376.1400	             -908
  376.1600	             -847
  376.1800	             -841
  376.2000	             -790
  376.2200	             -808
  376.2400	             -783
  376.2600	             -829
  376.2800	             -859
  376.3000	             -875
  376.3200	             -869
  376.3400	             -898
  376.3600	             -898
  376.3800	             -891
  376.4000	             -850
  376.4200	             -833
  376.4400	             -783
  376.4600	             -776
  376.4800	             -833
  376.5000	             -873
  376.5200	             -912
  376.5400	             -880
  376.5600	             -875
  376.5800	             -909
  376.6000	             -899
  376.6200	             -833
  376.6400	             -824
  376.6600	             -822
  376.6800	             -802
  376.7000	             -800
  376.7200	             -839
  376.7400	             -852
  376.7600	             -920
  376.7800	             -896
  376.8000	             -889
  376.8200	             -834
  376.8400	             -833
  376.8600	             -811
  376.8800	             -792
  376.9000	             -770
  376.9200	             -758
  376.9400	             -872
  376.9600	             -909
  376.9800	             -898
  377.0000	             -870
  377.0200	             -875
  377.0400	             -809
  377.0600	             -794
  377.0800	             -801
  377.1000	             -766
  377.1200	             -771
  377.1400	             -811
  377.1600	             -856
  377.1800	             -887
  377.2000	             -900
  377.2200	             -843
  377.2400	             -829
  377.2600	             -828
  377.2800	             -777
  377.3000	             -776
  377.3200	             -713
  377.3400	             -778
  377.3600	             -898
  377.3800	             -931
  377.4000	             -896
  377.4200	             -903
  377.4400	             -776
  377.4600	             -791
  377.4800	             -797
  377.5000	             -705
  377.5200	             -768
  377.5400	             -775
  377.5600	             -870
  377.5800	             -904
  377.6000	             -877
  377.6200	             -825
  377.6400	             -809
  377.6600	             -806
  377.6800	             -729
  377.7000	             -759
  377.7200	             -749
  377.7400	             -785
  377.7600	             -887
  377.7800	             -889
  377.8000	             -791
  377.8200	             -774
  377.8400	             -752
  377.8600	             -713
  377.8800	             -678
  377.9000	             -711
  377.9200	             -749
  377.9400	             -870
  377.9600	             -872
  377.9800	             -795
  378.0000	             -763
  378.0200	             -750
  378.0400	             -690
  378.0600	             -711
  378.0800	             -702
  378.1000	             -758
  378.1200	             -883
  378.1400	             -845
  378.1600	             -733
  378.1800	             -711
  378.2000	             -763
  378.2200	             -650
  378.2400	             -696
  378.2600	             -680
  378.2800	             -755
  378.3000	             -874
  378.3200	             -722
  378.3400	             -734
  378.3600	             -795
  378.3800	             -636
  378.4000	             -683
  378.4200	             -659
  378.4400	             -706
  378.4600	             -786
  378.4800	             -677
  378.5000	             -725
  378.5200	             -760
  378.5400	             -614
  378.5600	             -656
  378.5800	             -661
  378.6000	             -643
  378.6200	             -703
  378.6400	             -641
  378.6600	             -776
  378.6800	             -718
  378.7000	             -618
  378.7200	             -694
  378.7400	             -584
  378.7600	             -584
  378.7800	             -599
  378.8000	             -591
  378.8200	             -783
  378.8400	             -599
  378.8600	             -585
  378.8800	             -649
  378.9000	             -498
  378.9200	             -413
  378.9400	             -638
  378.9600	             -833
  378.9800	             -579
  379.0000	             -508
  379.0200	             -696
  379.0400	             -334
  379.0600	             -289
  379.0800	             -725
  379.1000	             -771
  379.1200	             -529
  379.1400	             -509
  379.1600	             -521
  379.1800	             -222
  379.2000	             -446
  379.2200	             -841
  379.2400	             -554
  379.2600	             -459
  379.2800	             -532
  379.3000	             -224
  379.3200	             -380
  379.3400	             -725
  379.3600	             -563
  379.3800	             -429
  379.4000	             -325
  379.4200	             -305
  379.4400	             -461
  379.4600	             -598
  379.4800	             -512
  379.5000	             -216
  379.5200	             -326
  379.5400	             -417
  379.5600	             -525
  379.5800	             -474
  379.6000	             -175
  379.6200	             -115
  379.6400	             -444
  379.6600	             -507
  379.6800	             -422
  379.7000	              -32
  379.7200	             -126
  379.7400	             -644
  379.7600	             -612
  379.7800	             -187
  379.8000	              113
  379.8200	             -317
  379.8400	             -644
  379.8600	             -379
  379.8800	              136
  379.9000	              -10
  379.9200	             -544
  379.9400	             -380
  379.9600	              -73
  379.9800	              -99
  380.0000	             -370
  380.0200	             -246
  380.0400	             -190
  380.0600	             -219
  380.0800	             -212
  380.1000	             -248
  380.1200	             -215
  380.1400	             -204
  380.1600	             -136
  380.1800	             -212
  380.2000	             -243
  380.2200	             -216
  380.2400	             -213
  380.2600	              -14
  380.2800	              142
  380.3000	              275
  380.3200	              322
  380.3400	              374
  380.3600	              420
  380.3800	              760
  380.4000	             1265
  380.4200	             2244
  380.4400	             2726
  380.4600	             2103
  380.4800	             1717
  380.5000	             1322
  380.5200	              659
  380.5400	              -30
  380.5600	             -841
  380.5800	             -859
  380.6000	             -849
  380.6200	             -892
  380.6400	             -859
  380.6600	             -882
  380.6800	             -862
  380.7000	             -909
  380.7200	             -889
  380.7400	             -879
  380.7600	             -840
  380.7800	             -878
  380.8000	             -869
  380.8200	             -900
  380.8400	             -880
  380.8600	             -887
  380.8800	             -891
  380.9000	             -880
  380.9200	             -909
  380.9400	             -887
  380.9600	             -894
  380.9800	             -855
  381.0000	             -900
  381.0200	             -883
  381.0400	             -900
  381.0600	             -884
  381.0800	             -907
  381.1000	             -881
  381.1200	             -896
  381.1400	             -889
  381.1600	             -909
  381.1800	             -899
  381.2000	             -883
  381.2200	             -872
  381.2400	             -875
  381.2600	             -912
  381.2800	             -887
  381.3000	             -903
  381.3200	             -879
  381.3400	             -871
  381.3600	             -875
  381.3800	             -908
  381.4000	             -875
  381.4200	             -875
  381.4400	             -875
  381.4600	             -874
  381.4800	             -877
  381.5000	             -890
  381.5200	             -889
  381.5400	             -897
  381.5600	             -875
  381.5800	             -895
  381.6000	             -896
  381.6200	             -857
  381.6400	             -899
  381.6600	             -930
  381.6800	             -875
  381.7000	             -886
  381.7200	             -912
  381.7400	             -903
  381.7600	             -899
  381.7800	             -912
  381.8000	             -869
  381.8200	             -908
  381.8400	             -896
  381.8600	             -857
  381.8800	             -875
  381.9000	             -884
  381.9200	             -870
  381.9400	             -870
  381.9600	             -901
  381.9800	             -855
  382.0000	             -913
