  370.0000	             -778
  370.0200	             -717
  370.0400	             -696
  370.0600	             -833
  370.0800	             -795
  370.1000	             -771
  370.1200	             -725
  370.1400	             -748
  370.1600	             -833
  370.1800	             -771
  370.2000	             -710
  370.2200	             -641
  370.2400	             -655
  370.2600	             -822
  370.2800	             -814
  370.3000	             -708
  370.3200	             -692
  370.3400	             -795
  370.3600	             -818
  370.3800	             -791
  370.4000	             -689
  370.4200	             -680
  370.4400	             -778
  370.4600	             -748
  370.4800	             -689
  370.5000	             -683
  370.5200	             -693
  370.5400	             -766
  370.5600	             -725
  370.5800	             -732
  370.6000	             -749
  370.6200	             -831
  370.6400	             -812
  370.6600	             -769
  370.6800	             -741
  370.7000	             -751
  370.7200	             -725
  370.7400	             -730
  370.7600	             -702
  370.7800	             -704
  370.8000	             -678
  370.8200	             -726
  370.8400	             -676
  370.8600	             -648
  370.8800	             -664
  370.9000	             -564
  370.9200	             -511
  370.9400	             -489
  370.9600	             -279
  370.9800	             -219
  371.0000	             -253
  371.0200	             -385
  371.0400	             -415
  371.0600	             -485
  371.0800	             -525
  371.1000	             -618
  371.1200	             -786
  371.1400	             -870
  371.1600	             -853
  371.1800	             -814
  371.2000	             -839
  371.2200	             -859
  371.2400	             -850
  371.2600	             -825
  371.2800	             -849
  371.3000	             -886
  371.3200	             -855
  371.3400	             -868
  371.3600	             -879
  371.3800	             -870
  371.4000	             -810
  371.4200	             -841
  371.4400	             -818
  371.4600	             -783
  371.4800	             -830
  371.5000	             -866
  371.5200	             -883
  371.5400	             -904
  371.5600	             -840
  371.5800	             -840
  371.6000	             -873
  371.6200	             -831
  371.6400	             -802
  371.6600	             -842
  371.6800	             -819
  371.7000	             -841
  371.7200	             -872
  371.7400	             -865
  371.7600	             -872
  371.7800	             -839
  371.8000	             -821
  371.8200	             -843
  371.8400	             -842
  371.8600	             -836
  371.8800	             -828
  371.9000	             -835
  371.9200	             -827
  371.9400	             -870
  371.9600	             -903
  371.9800	             -874
  372.0000	             -837
  372.0200	             -853
  372.0400	             -830
  372.0600	             -819
  372.0800	             -795
  372.1000	             -761
  372.1200	             -756
  372.1400	             -866
  372.1600	             -870
  372.1800	             -867
  372.2000	             -863
  372.2200	             -819
  372.2400	             -809
  372.2600	             -831
  372.2800	             -792
  372.3000	             -830
  372.3200	             -840
  372.3400	             -879
  372.3600	             -834
  372.3800	             -836
  372.4000	             -832
  372.4200	             -810
  372.4400	             -824
  372.4600	             -795
  372.4800	             -785
  372.5000	             -815
  372.5200	             -832
  372.5400	             -828
  372.5600	             -841
  372.5800	             -817
  372.6000	             -842
  372.6200	             -783
  372.6400	             -787
  372.6600	             -846
  372.6800	             -768
  372.7000	             -791
  372.7200	             -835
  372.7400	             -854
  372.7600	             -817
  372.7800	             -800
  372.8000	             -788
  372.8200	             -806
  372.8400	             -815
  372.8600	             -780
  372.8800	             -770
  372.9000	             -830
  372.9200	             -883
  372.9400	             -814
  372.9600	             -824
  372.9800	             -795
  373.0000	             -784
  373.0200	             -766
  373.0400	             -723
  373.0600	             -744
  373.0800	             -818
  373.1000	             -820
  373.1200	             -790
  373.1400	             -779
  373.1600	             -784
  373.1800	             -801
  373.2000	             -806
  373.2200	             -789
  373.2400	             -813
  373.2600	             -832
  373.2800	             -823
  373.3000	             -757
  373.3200	             -759
  373.3400	             -757
  373.3600	             -776
  373.3800	             -777
  373.4000	             -760
  373.4200	             -775
  373.4400	             -795
  373.4600	             -797
  373.4800	             -845
  373.5000	             -761
  373.5200	             -767
  373.5400	             -771
  373.5600	             -782
  373.5800	             -749
  373.6000	             -736
  373.6200	             -756
  373.6400	             -795
  373.6600	             -764
  373.6800	             -771
  373.7000	             -761
  373.7200	             -742
  373.7400	             -700
  373.7600	             -748
  373.7800	             -827
  373.8000	             -762
  373.8200	             -748
  373.8400	             -789
  373.8600	             -721
  373.8800	             -635
  373.9000	             -681
  373.9200	             -803
  373.9400	             -733
  373.9600	             -679
  373.9800	             -760
  374.0000	             -665
  374.0200	             -576
  374.0400	             -729
  374.0600	             -779
  374.0800	             -731
  374.1000	             -682
  374.1200	             -796
  374.1400	             -586
  374.1600	             -583
  374.1800	             -768
  374.2000	             -756
  374.2200	             -660
  374.2400	             -652
  374.2600	             -604
  374.2800	             -583
  374.3000	             -737
  374.3200	             -828
  374.3400	             -679
  374.3600	             -612
  374.3800	             -650
  374.4000	             -588
  374.4200	             -736
  374.4400	             -694
  374.4600	             -607
  374.4800	             -447
  374.5000	             -646
  374.5200	             -659
  374.5400	             -697
  374.5600	             -669
  374.5800	             -473
  374.6000	             -590
  374.6200	             -688
  374.6400	             -664
  374.6600	             -584
  374.6800	             -426
  374.7000	             -517
  374.7200	             -733
  374.7400	             -670
  374.7600	             -475
  374.7800	             -443
  374.8000	             -578
  374.8200	             -768
  374.8400	             -566
  374.8600	             -416
  374.8800	             -365
  374.9000	             -738
  374.9200	             -678
  374.9400	             -455
  374.9600	             -460
  374.9800	             -603
  375.0000	             -578
  375.0200	             -525
  375.0400	             -463
  375.0600	             -583
  375.0800	             -566
  375.1000	             -559
  375.1200	             -502
  375.1400	             -520
  375.1600	             -560
  375.1800	             -525
  375.2000	             -525
  375.2200	             -468
  375.2400	             -499
  375.2600	             -458
  375.2800	             -519
  375.3000	             -400
  375.3200	             -430
  375.3400	             -339
  375.3600	             -315
  375.3800	             -237
  375.4000	             -216
  375.4200	              -70
  375.4400	              110
  375.4600	              583
  375.4800	              636
  375.5000	              448
  375.5200	              299
  375.5400	              164
  375.5600	             -128
  375.5800	             -310
  375.6000	             -688
  375.6200	             -854
  375.6400	             -825
  375.6600	             -836
  375.6800	             -813
  375.7000	             -824
  375.7200	             -834
  375.7400	             -784
  375.7600	             -814
  375.7800	             -791
  375.8000	             -846
  375.8200	             -872
  375.8400	             -830
  375.8600	             -855
  375.8800	             -870
  375.9000	             -883
  375.9200	             -902
  375.9400	             -853
  375.9600	             -842
  375.9800	             -840
  376.0000	             -813
  376.0200	             -841
  376.0400	             -828
  376.0600	             -901
  376.0800	             -884
  376.1000	             -888
  376.1200	             -840
  376.1400	             -838
  376.1600	             -859
  376.1800	             -841
  376.2000	             -836
  376.2200	             -805
  376.2400	             -774
  376.2600	             -785
  376.2800	             -869
  376.3000	             -853
  376.3200	             -893
  376.3400	             -874
  376.3600	             -903
  376.3800	             -872
  376.4000	             -843
  376.4200	             -832
  376.4400	             -827
  376.4600	             -822
  376.4800	             -837
  376.5000	             -866
  376.5200	             -877
  376.5400	             -888
  376.5600	             -881
  376.5800	             -874
  376.6000	             -828
  376.6200	             -843
  376.6400	             -829
  376.6600	             -838
  376.6800	             -808
  376.7000	             -814
  376.7200	             -856
  376.7400	             -892
  376.7600	             -883
  376.7800	             -872
  376.8000	             -841
  376.8200	             -852
  376.8400	             -843
  376.8600	             -824
  376.8800	             -802
  376.9000	             -775
  376.9200	             -810
  376.9400	             -872
  376.9600	             -883
  376.9800	             -904
  377.0000	             -830
  377.0200	             -869
  377.0400	             -819
  377.0600	             -815
  377.0800	             -806
  377.1000	             -806
  377.1200	             -815
  377.1400	             -832
  377.1600	             -883
  377.1800	             -879
  377.2000	             -879
  377.2200	             -828
  377.2400	             -829
  377.2600	             -792
  377.2800	             -815
  377.3000	             -806
  377.3200	             -769
  377.3400	             -819
  377.3600	             -883
  377.3800	             -848
  377.4000	             -881
  377.4200	             -821
  377.4400	             -825
  377.4600	             -786
  377.4800	             -779
  377.5000	             -783
  377.5200	             -804
  377.5400	             -794
  377.5600	             -828
  377.5800	             -899
  377.6000	             -839
  377.6200	             -808
  377.6400	             -790
  377.6600	             -797
  377.6800	             -772
  377.7000	             -782
  377.7200	             -774
  377.7400	             -801
  377.7600	             -844
  377.7800	             -879
  377.8000	             -792
  377.8200	             -759
  377.8400	             -785
  377.8600	             -781
  377.8800	             -695
  377.9000	             -758
  377.9200	             -765
  377.9400	             -836
  377.9600	             -881
  377.9800	             -755
  378.0000	             -765
  378.0200	             -785
  378.0400	             -763
  378.0600	             -754
  378.0800	             -760
  378.1000	             -763
  378.1200	             -855
  378.1400	             -830
  378.1600	             -776
  378.1800	             -771
  378.2000	             -755
  378.2200	             -736
  378.2400	             -737
  378.2600	             -731
  378.2800	             -775
  378.3000	             -858
  378.3200	             -766
  378.3400	             -754
  378.3600	             -799
  378.3800	             -693
  378.4000	             -756
  378.4200	             -744
  378.4400	             -728
  378.4600	             -814
  378.4800	             -739
  378.5000	             -761
  378.5200	             -781
  378.5400	             -685
  378.5600	             -717
  378.5800	             -714
  378.6000	             -682
  378.6200	             -735
  378.6400	             -745
  378.6600	             -785
  378.6800	             -737
  378.7000	             -676
  378.7200	             -733
  378.7400	             -674
  378.7600	             -661
  378.7800	             -656
  378.8000	             -744
  378.8200	             -800
  378.8400	             -650
  378.8600	             -672
  378.8800	             -710
  378.9000	             -604
  378.9200	             -574
  378.9400	             -695
  378.9600	             -796
  378.9800	             -644
  379.0000	             -643
  379.0200	             -759
  379.0400	             -501
  379.0600	             -520
  379.0800	             -771
  379.1000	             -752
  379.1200	             -625
  379.1400	             -642
  379.1600	             -594
  379.1800	             -488
  379.2000	             -613
  379.2200	             -840
  379.2400	             -618
  379.2600	             -618
  379.2800	             -621
  379.3000	             -457
  379.3200	             -560
  379.3400	             -781
  379.3600	             -661
  379.3800	             -579
  379.4000	             -553
  379.4200	             -463
  379.4400	             -602
  379.4600	             -691
  379.4800	             -632
  379.5000	             -506
  379.5200	             -561
  379.5400	             -589
  379.5600	             -646
  379.5800	             -555
  379.6000	             -402
  379.6200	             -394
  379.6400	             -636
  379.6600	             -633
  379.6800	             -559
  379.7000	             -314
  379.7200	             -426
  379.7400	             -705
  379.7600	             -701
  379.7800	             -373
  379.8000	             -324
  379.8200	             -538
  379.8400	             -749
  379.8600	             -527
  379.8800	             -298
  379.9000	             -420
  379.9200	             -680
  379.9400	             -555
  379.9600	             -389
  379.9800	             -425
  380.0000	             -520
  380.0200	             -466
  380.0400	             -403
  380.0600	             -513
  380.0800	             -418
  380.1000	             -449
  380.1200	             -446
  380.1400	             -456
  380.1600	             -341
  380.1800	             -433
  380.2000	             -513
  380.2200	             -457
  380.2400	             -451
  380.2600	             -365
  380.2800	             -237
  380.3000	             -196
  380.3200	             -212
  380.3400	              -68
  380.3600	             -104
  380.3800	              163
  380.4000	              454
  380.4200	             1045
  380.4400	             1141
  380.4600	              850
  380.4800	              609
  380.5000	              344
  380.5200	              -55
  380.5400	             -364
  380.5600	             -841
  380.5800	             -841
  380.6000	             -830
  380.6200	             -834
  380.6400	             -861
  380.6600	             -870
  380.6800	             -872
  380.7000	             -870
  380.7200	             -861
  380.7400	             -898
  380.7600	             -817
  380.7800	             -839
  380.8000	             -841
  380.8200	             -872
  380.8400	             -837
  380.8600	             -888
  380.8800	             -840
  380.9000	             -872
  380.9200	             -840
  380.9400	             -877
  380.9600	             -883
  380.9800	             -893
  381.0000	             -859
  381.0200	             -857
  381.0400	             -874
  381.0600	             -879
  381.0800	             -902
  381.1000	             -870
  381.1200	             -870
  381.1400	             -865
  381.1600	             -875
  381.1800	             -876
  381.2000	             -839
  381.2200	             -833
  381.2400	             -883
  381.2600	             -881
  381.2800	             -859
  381.3000	             -855
  381.3200	             -840
  381.3400	             -839
  381.3600	             -874
  381.3800	             -855
  381.4000	             -892
  381.4200	             -883
  381.4400	             -863
  381.4600	             -847
  381.4800	             -870
  381.5000	             -866
  381.5200	             -861
  381.5400	             -903
  381.5600	             -903
  381.5800	             -879
  381.6000	             -838
  381.6200	             -881
  381.6400	             -879
  381.6600	             -888
  381.6800	             -853
  381.7000	             -885
  381.7200	             -869
  381.7400	             -887
  381.7600	             -879
  381.7800	             -852
  381.8000	             -878
  381.8200	             -830
  381.8400	             -849
  381.8600	             -885
  381.8800	             -899
  381.9000	             -846
  381.9200	             -879
  381.9400	             -852
  381.9600	             -888
  381.9800	             -878
  382.0000	             -846
