  370.0000	             -695
  370.0200	             -669
  370.0400	             -706
  370.0600	             -778
  370.0800	             -761
  370.1000	             -697
  370.1200	             -677
  370.1400	             -718
  370.1600	             -769
  370.1800	             -745
  370.2000	             -637
  370.2200	             -596
  370.2400	             -643
  370.2600	             -797
  370.2800	             -748
  370.3000	             -605
  370.3200	             -661
  370.3400	             -735
  370.3600	             -788
  370.3800	             -710
  370.4000	             -576
  370.4200	             -666
  370.4400	             -762
  370.4600	             -711
  370.4800	             -595
  370.5000	             -605
  370.5200	             -639
  370.5400	             -700
  370.5600	             -705
  370.5800	             -649
  370.6000	             -719
  370.6200	             -780
  370.6400	             -783
  370.6600	             -728
  370.6800	             -721
  370.7000	             -676
  370.7200	             -646
  370.7400	             -678
  370.7600	             -615
  370.7800	             -637
  370.8000	             -612
  370.8200	             -657
  370.8400	             -621
  370.8600	             -571
  370.8800	             -562
  370.9000	             -501
  370.9200	             -473
  370.9400	             -385
  370.9600	             -239
  370.9800	             -131
  371.0000	             -203
  371.0200	             -332
  371.0400	             -344
  371.0600	             -421
  371.0800	             -525
  371.1000	             -552
  371.1200	             -700
  371.1400	             -819
  371.1600	             -776
  371.1800	             -791
  371.2000	             -825
  371.2200	             -813
  371.2400	             -839
  371.2600	             -800
  371.2800	             -802
  371.3000	             -807
  371.3200	             -817
  371.3400	             -841
  371.3600	             -807
  371.3800	             -814
  371.4000	             -792
  371.4200	             -805
  371.4400	             -729
  371.4600	             -797
  371.4800	             -770
  371.5000	             -811
  371.5200	             -826
  371.5400	             -873
  371.5600	             -873
  371.5800	             -841
  371.6000	             -829
  371.6200	             -767
  371.6400	             -803
  371.6600	             -780
  371.6800	             -754
  371.7000	             -770
  371.7200	             -831
  371.7400	             -843
  371.7600	             -846
  371.7800	             -826
  371.8000	             -774
  371.8200	             -806
  371.8400	             -778
  371.8600	             -785
  371.8800	             -778
  371.9000	             -767
  371.9200	             -824
  371.9400	             -815
  371.9600	             -860
  371.9800	             -808
  372.0000	             -834
  372.0200	             -757
  372.0400	             -795
  372.0600	             -753
  372.0800	             -760
  372.1000	             -776
  372.1200	             -776
  372.1400	             -800
  372.1600	             -841
  372.1800	             -841
  372.2000	             -825
  372.2200	             -801
  372.2400	             -776
  372.2600	             -729
  372.2800	             -778
  372.3000	             -748
  372.3200	             -787
  372.3400	             -839
  372.3600	             -841
  372.3800	             -841
  372.4000	             -786
  372.4200	             -760
  372.4400	             -701
  372.4600	             -763
  372.4800	             -754
  372.5000	             -761
  372.5200	             -778
  372.5400	             -804
  372.5600	             -819
  372.5800	             -822
  372.6000	             -778
  372.6200	             -768
  372.6400	             -761
  372.6600	             -756
  372.6800	             -747
  372.7000	             -721
  372.7200	             -809
  372.7400	             -814
  372.7600	             -791
  372.7800	             -761
  372.8000	             -755
  372.8200	             -763
  372.8400	             -763
  372.8600	             -748
  372.8800	             -756
  372.9000	             -785
  372.9200	             -835
  372.9400	             -800
  372.9600	             -756
  372.9800	             -755
  373.0000	             -727
  373.0200	             -711
  373.0400	             -645
  373.0600	             -701
  373.0800	             -770
  373.1000	             -837
  373.1200	             -770
  373.1400	             -763
  373.1600	             -775
  373.1800	             -696
  373.2000	             -726
  373.2200	             -661
  373.2400	             -720
  373.2600	             -800
  373.2800	             -713
  373.3000	             -729
  373.3200	             -688
  373.3400	             -687
  373.3600	             -705
  373.3800	             -735
  373.4000	             -691
  373.4200	             -713
  373.4400	             -734
  373.4600	             -733
  373.4800	             -806
  373.5000	             -684
  373.5200	             -694
  373.5400	             -708
  373.5600	             -683
  373.5800	             -710
  373.6000	             -695
  373.6200	             -701
  373.6400	             -756
  373.6600	             -704
  373.6800	             -717
  373.7000	             -670
  373.7200	             -652
  373.7400	             -614
  373.7600	             -700
  373.7800	             -822
  373.8000	             -689
  373.8200	             -640
  373.8400	             -709
  373.8600	             -639
  373.8800	             -494
  373.9000	             -648
  373.9200	             -785
  373.9400	             -653
  373.9600	             -612
  373.9800	             -681
  374.0000	             -542
  374.0200	             -488
  374.0400	             -656
  374.0600	             -799
  374.0800	             -658
  374.1000	             -621
  374.1200	             -739
  374.1400	             -446
  374.1600	             -487
  374.1800	             -690
  374.2000	             -626
  374.2200	             -613
  374.2400	             -592
  374.2600	             -541
  374.2800	             -435
  374.3000	             -677
  374.3200	             -761
  374.3400	             -621
  374.3600	             -567
  374.3800	             -582
  374.4000	             -512
  374.4200	             -650
  374.4400	             -648
  374.4600	             -581
  374.4800	             -423
  374.5000	             -484
  374.5200	             -613
  374.5400	             -615
  374.5600	             -588
  374.5800	             -399
  374.6000	             -556
  374.6200	             -643
  374.6400	             -642
  374.6600	             -435
  374.6800	             -379
  374.7000	             -476
  374.7200	             -646
  374.7400	             -599
  374.7600	             -374
  374.7800	             -312
  374.8000	             -586
  374.8200	             -717
  374.8400	             -446
  374.8600	             -305
  374.8800	             -357
  374.9000	             -637
  374.9200	             -583
  374.9400	             -316
  374.9600	             -373
  374.9800	             -520
  375.0000	             -433
  375.0200	             -428
  375.0400	             -373
  375.0600	             -497
  375.0800	             -442
  375.1000	             -488
  375.1200	             -435
  375.1400	             -423
  375.1600	             -415
  375.1800	             -396
  375.2000	             -390
  375.2200	             -408
  375.2400	             -360
  375.2600	             -337
  375.2800	             -380
  375.3000	             -326
  375.3200	             -303
  375.3400	             -217
  375.3600	             -211
  375.3800	              -89
  375.4000	             -133
  375.4200	              115
  375.4400	              253
  375.4600	              874
  375.4800	              746
  375.5000	              560
  375.5200	              430
  375.5400	              213
  375.5600	             -141
  375.5800	             -364
  375.6000	             -750
  375.6200	             -814
  375.6400	             -832
  375.6600	             -824
  375.6800	             -834
  375.7000	             -769
  375.7200	             -745
  375.7400	             -806
  375.7600	             -763
  375.7800	             -813
  375.8000	             -845
  375.8200	             -807
  375.8400	             -815
  375.8600	             -848
  375.8800	             -826
  375.9000	             -818
  375.9200	             -849
  375.9400	             -829
  375.9600	             -772
  375.9800	             -809
  376.0000	             -755
  376.0200	             -760
  376.0400	             -793
  376.0600	             -850
  376.0800	             -840
  376.1000	             -853
  376.1200	             -870
  376.1400	             -841
  376.1600	             -781
  376.1800	             -757
  376.2000	             -762
  376.2200	             -766
  376.2400	             -765
  376.2600	             -770
  376.2800	             -801
  376.3000	             -854
  376.3200	             -860
  376.3400	             -873
  376.3600	             -860
  376.3800	             -828
  376.4000	             -795
  376.4200	             -776
  376.4400	             -791
  376.4600	             -761
  376.4800	             -786
  376.5000	             -834
  376.5200	             -853
  376.5400	             -841
  376.5600	             -865
  376.5800	             -873
  376.6000	             -825
  376.6200	             -796
  376.6400	             -725
  376.6600	             -711
  376.6800	             -715
  376.7000	             -769
  376.7200	             -815
  376.7400	             -828
  376.7600	             -819
  376.7800	             -842
  376.8000	             -814
  376.8200	             -778
  376.8400	             -806
  376.8600	             -735
  376.8800	             -766
  376.9000	             -748
  376.9200	             -754
  376.9400	             -830
  376.9600	             -839
  376.9800	             -823
  377.0000	             -874
  377.0200	             -818
  377.0400	             -772
  377.0600	             -757
  377.0800	             -756
  377.1000	             -717
  377.1200	             -756
  377.1400	             -785
  377.1600	             -817
  377.1800	             -856
  377.2000	             -863
  377.2200	             -846
  377.2400	             -765
  377.2600	             -745
  377.2800	             -706
  377.3000	             -699
  377.3200	             -716
  377.3400	             -763
  377.3600	             -841
  377.3800	             -808
  377.4000	             -873
  377.4200	             -818
  377.4400	             -782
  377.4600	             -736
  377.4800	             -757
  377.5000	             -676
  377.5200	             -711
  377.5400	             -688
  377.5600	             -826
  377.5800	             -842
  377.6000	             -818
  377.6200	             -715
  377.6400	             -717
  377.6600	             -741
  377.6800	             -696
  377.7000	             -670
  377.7200	             -679
  377.7400	             -775
  377.7600	             -814
  377.7800	             -840
  377.8000	             -737
  377.8200	             -716
  377.8400	             -723
  377.8600	             -690
  377.8800	             -669
  377.9000	             -706
  377.9200	             -744
  377.9400	             -840
  377.9600	             -841
  377.9800	             -717
  378.0000	             -696
  378.0200	             -693
  378.0400	             -689
  378.0600	             -685
  378.0800	             -659
  378.1000	             -731
  378.1200	             -804
  378.1400	             -783
  378.1600	             -713
  378.1800	             -748
  378.2000	             -683
  378.2200	             -683
  378.2400	             -646
  378.2600	             -643
  378.2800	             -749
  378.3000	             -807
  378.3200	             -662
  378.3400	             -718
  378.3600	             -758
  378.3800	             -661
  378.4000	             -642
  378.4200	             -650
  378.4400	             -705
  378.4600	             -794
  378.4800	             -632
  378.5000	             -684
  378.5200	             -734
  378.5400	             -607
  378.5600	             -635
  378.5800	             -572
  378.6000	             -628
  378.6200	             -638
  378.6400	             -650
  378.6600	             -766
  378.6800	             -667
  378.7000	             -534
  378.7200	             -676
  378.7400	             -609
  378.7600	             -540
  378.7800	             -638
  378.8000	             -700
  378.8200	             -695
  378.8400	             -607
  378.8600	             -537
  378.8800	             -596
  378.9000	             -475
  378.9200	             -532
  378.9400	             -688
  378.9600	             -736
  378.9800	             -585
  379.0000	             -526
  379.0200	             -634
  379.0400	             -422
  379.0600	             -432
  379.0800	             -771
  379.1000	             -687
  379.1200	             -559
  379.1400	             -555
  379.1600	             -426
  379.1800	             -436
  379.2000	             -597
  379.2200	             -755
  379.2400	             -575
  379.2600	             -514
  379.2800	             -527
  379.3000	             -314
  379.3200	             -536
  379.3400	             -783
  379.3600	             -568
  379.3800	             -496
  379.4000	             -426
  379.4200	             -415
  379.4400	             -555
  379.4600	             -670
  379.4800	             -488
  379.5000	             -361
  379.5200	             -449
  379.5400	             -466
  379.5600	             -613
  379.5800	             -525
  379.6000	             -287
  379.6200	             -408
  379.6400	             -587
  379.6600	             -572
  379.6800	             -471
  379.7000	             -276
  379.7200	             -385
  379.7400	             -639
  379.7600	             -555
  379.7800	             -317
  379.8000	             -251
  379.8200	             -498
  379.8400	             -642
  379.8600	             -398
  379.8800	             -252
  379.9000	             -361
  379.9200	             -587
  379.9400	             -403
  379.9600	             -288
  379.9800	             -364
  380.0000	             -462
  380.0200	             -380
  380.0400	             -305
  380.0600	             -433
  380.0800	             -305
  380.1000	             -364
  380.1200	             -313
  380.1400	             -399
  380.1600	             -247
  380.1800	             -320
  380.2000	             -380
  380.2200	             -299
  380.2400	             -334
  380.2600	             -227
  380.2800	             -177
  380.3000	               33
  380.3200	             -111
  380.3400	              141
  380.3600	              137
  380.3800	              226
  380.4000	              522
  380.4200	             1236
  380.4400	             1195
  380.4600	              864
  380.4800	              670
  380.5000	              385
  380.5200	              -83
  380.5400	             -469
  380.5600	             -800
  380.5800	             -832
  380.6000	             -816
  380.6200	             -866
  380.6400	             -810
  380.6600	             -843
  380.6800	             -807
  380.7000	             -870
  380.7200	             -833
  380.7400	             -860
  380.7600	             -854
  380.7800	             -848
  380.8000	             -854
  380.8200	             -833
  380.8400	             -835
  380.8600	             -861
  380.8800	             -807
  380.9000	             -861
  380.9200	             -862
  380.9400	             -873
  380.9600	             -875
  380.9800	             -848
  381.0000	             -812
  381.0200	             -859
  381.0400	             -817
  381.0600	             -860
  381.0800	             -842
  381.1000	             -861
  381.1200	             -828
  381.1400	             -870
  381.1600	             -800
  381.1800	             -815
  381.2000	             -807
  381.2200	             -834
  381.2400	             -873
  381.2600	             -817
  381.2800	             -873
  381.3000	             -808
  381.3200	             -862
  381.3400	             -839
  381.3600	             -820
  381.3800	             -865
  381.4000	             -862
  381.4200	             -839
  381.4400	             -871
  381.4600	             -862
  381.4800	             -860
  381.5000	             -826
  381.5200	             -862
  381.5400	             -862
  381.5600	             -866
  381.5800	             -834
  381.6000	             -820
  381.6200	             -873
  381.6400	             -882
  381.6600	             -837
  381.6800	             -860
  381.7000	             -861
  381.7200	             -814
  381.7400	             -861
  381.7600	             -873
  381.7800	             -873
  381.8000	             -814
  381.8200	             -852
  381.8400	             -821
  381.8600	             -837
  381.8800	             -842
  381.9000	             -800
  381.9200	             -818
  381.9400	             -862
  381.9600	             -853
  381.9800	             -831
  382.0000	             -852
