  370.0000	             -771
  370.0200	             -767
  370.0400	             -482
  370.0600	             -849
  370.0800	             -939
  370.1000	             -760
  370.1200	             -766
  370.1400	             -501
  370.1600	             -875
  370.1800	             -946
  370.2000	             -821
  370.2200	             -521
  370.2400	             -360
  370.2600	             -874
  370.2800	             -823
  370.3000	             -805
  370.3200	             -360
  370.3400	             -801
  370.3600	             -986
  370.3800	             -831
  370.4000	             -626
  370.4200	             -395
  370.4400	             -843
  370.4600	             -749
  370.4800	             -579
  370.5000	             -360
  370.5200	             -621
  370.5400	             -573
  370.5600	             -829
  370.5800	             -505
  370.6000	             -687
  370.6200	             -848
  370.6400	             -937
  370.6600	             -773
  370.6800	             -738
  370.7000	             -786
  370.7200	             -503
  370.7400	             -570
  370.7600	             -488
  370.7800	             -524
  370.8000	             -387
  370.8200	             -606
  370.8400	             -569
  370.8600	             -181
  370.8800	             -578
  370.9000	                0
  370.9200	             -189
  370.9400	                0
  370.9600	              437
  370.9800	              888
  371.0000	             1088
  371.0200	              312
  371.0400	              377
  371.0600	              406
  371.0800	             -311
  371.1000	             -197
  371.1200	             -743
  371.1400	            -1015
  371.1600	            -1025
  371.1800	             -974
  371.2000	            -1043
  371.2200	            -1008
  371.2400	            -1040
  371.2600	            -1098
  371.2800	            -1142
  371.3000	            -1203
  371.3200	            -1211
  371.3400	            -1211
  371.3600	            -1186
  371.3800	            -1225
  371.4000	            -1018
  371.4200	            -1048
  371.4400	             -934
  371.4600	             -994
  371.4800	             -940
  371.5000	            -1113
  371.5200	            -1211
  371.5400	            -1211
  371.5600	            -1231
  371.5800	            -1219
  371.6000	            -1170
  371.6200	             -955
  371.6400	            -1045
  371.6600	            -1008
  371.6800	            -1047
  371.7000	             -974
  371.7200	            -1188
  371.7400	            -1209
  371.7600	            -1177
  371.7800	            -1114
  371.8000	            -1134
  371.8200	            -1017
  371.8400	             -960
  371.8600	            -1004
  371.8800	             -999
  371.9000	             -932
  371.9200	            -1034
  371.9400	            -1154
  371.9600	            -1221
  371.9800	            -1238
  372.0000	            -1166
  372.0200	            -1122
  372.0400	             -924
  372.0600	            -1084
  372.0800	             -894
  372.1000	             -920
  372.1200	             -839
  372.1400	            -1107
  372.1600	            -1210
  372.1800	            -1220
  372.2000	            -1169
  372.2200	            -1118
  372.2400	             -835
  372.2600	            -1055
  372.2800	             -889
  372.3000	             -988
  372.3200	             -882
  372.3400	            -1116
  372.3600	            -1223
  372.3800	            -1172
  372.4000	            -1118
  372.4200	             -919
  372.4400	             -934
  372.4600	             -918
  372.4800	             -890
  372.5000	             -953
  372.5200	             -902
  372.5400	            -1092
  372.5600	            -1197
  372.5800	            -1189
  372.6000	            -1060
  372.6200	             -900
  372.6400	            -1067
  372.6600	             -795
  372.6800	            -1006
  372.7000	             -755
  372.7200	             -957
  372.7400	            -1061
  372.7600	            -1117
  372.7800	            -1080
  372.8000	             -828
  372.8200	            -1033
  372.8400	             -854
  372.8600	             -953
  372.8800	             -814
  372.9000	             -895
  372.9200	            -1142
  372.9400	            -1172
  372.9600	            -1021
  372.9800	             -791
  373.0000	            -1069
  373.0200	             -625
  373.0400	             -774
  373.0600	             -778
  373.0800	             -915
  373.1000	            -1143
  373.1200	            -1096
  373.1400	             -896
  373.1600	             -997
  373.1800	             -964
  373.2000	             -733
  373.2200	             -949
  373.2400	             -748
  373.2600	             -992
  373.2800	            -1033
  373.3000	             -792
  373.3200	             -779
  373.3400	             -921
  373.3600	             -581
  373.3800	             -915
  373.4000	             -749
  373.4200	             -827
  373.4400	             -982
  373.4600	             -793
  373.4800	             -997
  373.5000	             -982
  373.5200	             -648
  373.5400	             -915
  373.5600	             -757
  373.5800	             -748
  373.6000	             -848
  373.6200	             -569
  373.6400	             -924
  373.6600	             -750
  373.6800	             -763
  373.7000	             -799
  373.7200	             -628
  373.7400	             -701
  373.7600	             -593
  373.7800	            -1019
  373.8000	             -993
  373.8200	             -566
  373.8400	             -816
  373.8600	             -742
  373.8800	             -356
  373.9000	             -499
  373.9200	             -921
  373.9400	             -903
  373.9600	             -608
  373.9800	             -701
  374.0000	             -753
  374.0200	             -302
  374.0400	             -555
  374.0600	             -996
  374.0800	             -940
  374.1000	             -458
  374.1200	             -849
  374.1400	             -618
  374.1600	               13
  374.1800	             -752
  374.2000	             -871
  374.2200	             -619
  374.2400	             -366
  374.2600	             -626
  374.2800	             -246
  374.3000	             -539
  374.3200	             -981
  374.3400	             -760
  374.3600	             -395
  374.3800	             -545
  374.4000	             -330
  374.4200	             -443
  374.4400	             -831
  374.4600	             -573
  374.4800	             -140
  374.5000	             -160
  374.5200	             -703
  374.5400	             -484
  374.5600	             -811
  374.5800	             -280
  374.6000	             -329
  374.6200	             -663
  374.6400	             -628
  374.6600	             -392
  374.6800	             -305
  374.7000	                0
  374.7200	             -534
  374.7400	             -563
  374.7600	             -303
  374.7800	             -118
  374.8000	             -189
  374.8200	             -746
  374.8400	             -593
  374.8600	             -213
  374.8800	              108
  374.9000	             -487
  374.9200	             -760
  374.9400	             -210
  374.9600	               87
  374.9800	             -246
  375.0000	             -356
  375.0200	             -120
  375.0400	             -169
  375.0600	             -224
  375.0800	             -392
  375.1000	             -208
  375.1200	             -391
  375.1400	             -135
  375.1600	             -436
  375.1800	             -147
  375.2000	             -231
  375.2200	             -200
  375.2400	                0
  375.2600	              -80
  375.2800	                2
  375.3000	             -226
  375.3200	               13
  375.3400	               47
  375.3600	              159
  375.3800	              551
  375.4000	              224
  375.4200	              826
  375.4400	              784
  375.4600	             1891
  375.4800	             2314
  375.5000	             2111
  375.5200	             1326
  375.5400	             1689
  375.5600	              440
  375.5800	              512
  375.6000	             -609
  375.6200	             -975
  375.6400	            -1069
  375.6600	            -1103
  375.6800	            -1118
  375.7000	            -1072
  375.7200	             -965
  375.7400	            -1034
  375.7600	             -988
  375.7800	             -990
  375.8000	            -1189
  375.8200	            -1119
  375.8400	            -1201
  375.8600	            -1221
  375.8800	            -1183
  375.9000	            -1204
  375.9200	            -1211
  375.9400	            -1159
  375.9600	            -1038
  375.9800	            -1070
  376.0000	            -1002
  376.0200	            -1026
  376.0400	            -1163
  376.0600	            -1235
  376.0800	            -1210
  376.1000	            -1219
  376.1200	            -1240
  376.1400	            -1233
  376.1600	            -1165
  376.1800	            -1067
  376.2000	             -979
  376.2200	             -965
  376.2400	            -1032
  376.2600	             -993
  376.2800	            -1186
  376.3000	            -1214
  376.3200	            -1255
  376.3400	            -1209
  376.3600	            -1247
  376.3800	            -1183
  376.4000	            -1155
  376.4200	             -985
  376.4400	             -983
  376.4600	             -999
  376.4800	             -979
  376.5000	            -1134
  376.5200	            -1218
  376.5400	            -1238
  376.5600	            -1219
  376.5800	            -1223
  376.6000	            -1176
  376.6200	            -1152
  376.6400	             -936
  376.6600	            -1037
  376.6800	             -936
  376.7000	             -991
  376.7200	            -1078
  376.7400	            -1178
  376.7600	            -1223
  376.7800	            -1247
  376.8000	            -1240
  376.8200	            -1165
  376.8400	            -1067
  376.8600	            -1000
  376.8800	             -960
  376.9000	             -946
  376.9200	             -943
  376.9400	            -1135
  376.9600	            -1185
  376.9800	            -1232
  377.0000	            -1223
  377.0200	            -1171
  377.0400	            -1134
  377.0600	             -911
  377.0800	            -1069
  377.1000	             -875
  377.1200	            -1005
  377.1400	             -953
  377.1600	            -1167
  377.1800	            -1231
  377.2000	            -1214
  377.2200	            -1184
  377.2400	            -1110
  377.2600	             -846
  377.2800	            -1058
  377.3000	             -827
  377.3200	             -961
  377.3400	             -835
  377.3600	            -1141
  377.3800	            -1224
  377.4000	            -1223
  377.4200	            -1168
  377.4400	            -1042
  377.4600	             -868
  377.4800	            -1032
  377.5000	             -770
  377.5200	             -907
  377.5400	             -823
  377.5600	            -1057
  377.5800	            -1210
  377.6000	            -1187
  377.6200	            -1109
  377.6400	             -909
  377.6600	            -1029
  377.6800	             -898
  377.7000	             -903
  377.7200	             -900
  377.7400	             -953
  377.7600	            -1177
  377.7800	            -1185
  377.8000	            -1135
  377.8200	             -979
  377.8400	             -915
  377.8600	             -988
  377.8800	             -800
  377.9000	             -909
  377.9200	             -814
  377.9400	            -1107
  377.9600	            -1191
  377.9800	            -1053
  378.0000	             -862
  378.0200	             -975
  378.0400	             -899
  378.0600	             -738
  378.0800	             -911
  378.1000	             -772
  378.1200	            -1118
  378.1400	            -1087
  378.1600	            -1011
  378.1800	             -790
  378.2000	            -1023
  378.2200	             -868
  378.2400	             -878
  378.2600	             -876
  378.2800	             -850
  378.3000	            -1107
  378.3200	            -1069
  378.3400	             -852
  378.3600	            -1097
  378.3800	             -917
  378.4000	             -786
  378.4200	             -922
  378.4400	             -774
  378.4600	            -1034
  378.4800	             -966
  378.5000	             -772
  378.5200	            -1062
  378.5400	             -867
  378.5600	             -605
  378.5800	             -872
  378.6000	             -738
  378.6200	             -940
  378.6400	             -825
  378.6600	             -862
  378.6800	            -1016
  378.7000	             -760
  378.7200	             -828
  378.7400	             -878
  378.7600	             -651
  378.7800	             -915
  378.8000	             -745
  378.8200	            -1052
  378.8400	             -940
  378.8600	             -608
  378.8800	             -821
  378.9000	             -702
  378.9200	             -551
  378.9400	             -759
  378.9600	            -1034
  378.9800	             -868
  379.0000	             -477
  379.0200	             -811
  379.0400	             -629
  379.0600	             -309
  379.0800	             -858
  379.1000	             -961
  379.1200	             -770
  379.1400	             -555
  379.1600	             -693
  379.1800	             -437
  379.2000	             -419
  379.2200	             -999
  379.2400	             -836
  379.2600	             -472
  379.2800	             -693
  379.3000	             -524
  379.3200	             -379
  379.3400	             -935
  379.3600	             -816
  379.3800	             -488
  379.4000	             -539
  379.4200	             -371
  379.4400	             -595
  379.4600	             -772
  379.4800	             -770
  379.5000	             -361
  379.5200	             -406
  379.5400	             -555
  379.5600	             -616
  379.5800	             -668
  379.6000	             -351
  379.6200	             -302
  379.6400	             -570
  379.6600	             -704
  379.6800	             -575
  379.7000	             -350
  379.7200	             -204
  379.7400	             -685
  379.7600	             -701
  379.7800	             -436
  379.8000	             -131
  379.8200	             -346
  379.8400	             -769
  379.8600	             -488
  379.8800	             -322
  379.9000	             -198
  379.9200	             -496
  379.9400	             -614
  379.9600	             -201
  379.9800	             -383
  380.0000	             -403
  380.0200	             -503
  380.0400	             -157
  380.0600	             -457
  380.0800	             -339
  380.1000	             -437
  380.1200	             -173
  380.1400	             -414
  380.1600	             -228
  380.1800	             -219
  380.2000	             -343
  380.2200	             -303
  380.2400	             -251
  380.2600	             -283
  380.2800	              134
  380.3000	             -127
  380.3200	              201
  380.3400	               31
  380.3600	              402
  380.3800	              307
  380.4000	              975
  380.4200	             1545
  380.4400	             2049
  380.4600	             1727
  380.4800	             1347
  380.5000	             1156
  380.5200	              303
  380.5400	              -15
  380.5600	             -944
  380.5800	            -1027
  380.6000	            -1110
  380.6200	            -1115
  380.6400	            -1153
  380.6600	            -1114
  380.6800	            -1191
  380.7000	            -1221
  380.7200	            -1180
  380.7400	            -1211
  380.7600	            -1162
  380.7800	            -1184
  380.8000	            -1213
  380.8200	            -1163
  380.8400	            -1195
  380.8600	            -1211
  380.8800	            -1210
  380.9000	            -1221
  380.9200	            -1223
  380.9400	            -1221
  380.9600	            -1220
  380.9800	            -1219
  381.0000	            -1232
  381.0200	            -1201
  381.0400	            -1231
  381.0600	            -1229
  381.0800	            -1227
  381.1000	            -1219
  381.1200	            -1234
  381.1400	            -1219
  381.1600	            -1226
  381.1800	            -1231
  381.2000	            -1220
  381.2200	            -1243
  381.2400	            -1222
  381.2600	            -1263
  381.2800	            -1242
  381.3000	            -1235
  381.3200	            -1183
  381.3400	            -1194
  381.3600	            -1231
  381.3800	            -1255
  381.4000	            -1226
  381.4200	            -1271
  381.4400	            -1243
  381.4600	            -1247
  381.4800	            -1240
  381.5000	            -1223
  381.5200	            -1227
  381.5400	            -1203
  381.5600	            -1238
  381.5800	            -1223
  381.6000	            -1232
  381.6200	            -1278
  381.6400	            -1257
  381.6600	            -1208
  381.6800	            -1222
  381.7000	            -1210
  381.7200	            -1258
  381.7400	            -1240
  381.7600	            -1263
  381.7800	            -1210
  381.8000	            -1255
  381.8200	            -1247
  381.8400	            -1222
  381.8600	            -1247
  381.8800	            -1220
  381.9000	            -1219
  381.9200	            -1223
  381.9400	            -1225
  381.9600	            -1221
  381.9800	            -1263
  382.0000	            -1231
