  370.0000	             -318
  370.0200	             -303
  370.0400	             -698
  370.0600	             -604
  370.0800	             -646
  370.1000	             -382
  370.1200	             -389
  370.1400	             -475
  370.1600	             -846
  370.1800	             -619
  370.2000	             -192
  370.2200	                0
  370.2400	             -285
  370.2600	             -585
  370.2800	             -377
  370.3000	             -165
  370.3200	             -357
  370.3400	             -826
  370.3600	             -847
  370.3800	             -365
  370.4000	             -170
  370.4200	             -343
  370.4400	             -576
  370.4600	             -190
  370.4800	               84
  370.5000	              -53
  370.5200	             -363
  370.5400	             -287
  370.5600	             -369
  370.5800	             -233
  370.6000	             -610
  370.6200	             -757
  370.6400	             -670
  370.6600	             -558
  370.6800	             -367
  370.7000	             -275
  370.7200	               16
  370.7400	             -192
  370.7600	              -90
  370.7800	              -49
  370.8000	             -387
  370.8200	             -145
  370.8400	             -145
  370.8600	             -119
  370.8800	               30
  370.9000	              211
  370.9200	              521
  370.9400	              933
  370.9600	             1513
  370.9800	             1869
  371.0000	             1386
  371.0200	             1102
  371.0400	              719
  371.0600	              262
  371.0800	              122
  371.1000	             -263
  371.1200	             -903
  371.1400	             -922
  371.1600	             -825
  371.1800	             -736
  371.2000	             -844
  371.2200	             -768
  371.2400	             -908
  371.2600	            -1036
  371.2800	            -1142
  371.3000	            -1170
  371.3200	            -1169
  371.3400	            -1189
  371.3600	            -1098
  371.3800	             -889
  371.4000	             -742
  371.4200	             -787
  371.4400	             -566
  371.4600	             -674
  371.4800	             -869
  371.5000	            -1074
  371.5200	            -1172
  371.5400	            -1180
  371.5600	            -1184
  371.5800	            -1069
  371.6000	             -883
  371.6200	             -649
  371.6400	             -839
  371.6600	             -578
  371.6800	             -763
  371.7000	             -914
  371.7200	            -1139
  371.7400	            -1115
  371.7600	            -1020
  371.7800	            -1005
  371.8000	             -741
  371.8200	             -757
  371.8400	             -663
  371.8600	             -698
  371.8800	             -567
  371.9000	             -693
  371.9200	            -1043
  371.9400	            -1105
  371.9600	            -1182
  371.9800	            -1174
  372.0000	             -932
  372.0200	             -812
  372.0400	             -642
  372.0600	             -663
  372.0800	             -419
  372.1000	             -525
  372.1200	             -688
  372.1400	            -1033
  372.1600	            -1171
  372.1800	            -1133
  372.2000	             -862
  372.2200	             -752
  372.2400	             -599
  372.2600	             -743
  372.2800	             -529
  372.3000	             -582
  372.3200	             -815
  372.3400	            -1118
  372.3600	            -1176
  372.3800	            -1041
  372.4000	             -625
  372.4200	             -648
  372.4400	             -625
  372.4600	             -635
  372.4800	             -470
  372.5000	             -575
  372.5200	             -860
  372.5400	            -1116
  372.5600	            -1172
  372.5800	             -901
  372.6000	             -734
  372.6200	             -606
  372.6400	             -677
  372.6600	             -493
  372.6800	             -457
  372.7000	             -446
  372.7200	             -793
  372.7400	             -999
  372.7600	             -859
  372.7800	             -698
  372.8000	             -539
  372.8200	             -631
  372.8400	             -575
  372.8600	             -363
  372.8800	             -511
  372.9000	             -934
  372.9200	            -1089
  372.9400	             -740
  372.9600	             -632
  372.9800	             -626
  373.0000	             -318
  373.0200	             -174
  373.0400	             -173
  373.0600	             -311
  373.0800	             -905
  373.1000	             -975
  373.1200	             -729
  373.1400	             -745
  373.1600	             -702
  373.1800	             -531
  373.2000	             -507
  373.2200	             -467
  373.2400	             -623
  373.2600	             -958
  373.2800	             -524
  373.3000	             -481
  373.3200	             -508
  373.3400	             -355
  373.3600	             -318
  373.3800	             -434
  373.4000	             -479
  373.4200	             -763
  373.4400	             -582
  373.4600	             -681
  373.4800	             -806
  373.5000	             -410
  373.5200	             -427
  373.5400	             -422
  373.5600	             -441
  373.5800	             -381
  373.6000	             -344
  373.6200	             -457
  373.6400	             -556
  373.6600	             -378
  373.6800	             -443
  373.7000	             -299
  373.7200	             -250
  373.7400	             -386
  373.7600	             -636
  373.7800	             -940
  373.8000	             -354
  373.8200	             -333
  373.8400	             -340
  373.8600	              181
  373.8800	              269
  373.9000	             -201
  373.9200	             -664
  373.9400	              -84
  373.9600	              -99
  373.9800	             -335
  374.0000	              466
  374.0200	              228
  374.0400	             -791
  374.0600	             -693
  374.0800	             -176
  374.1000	               86
  374.1200	              -56
  374.1400	              663
  374.1600	              358
  374.1800	             -655
  374.2000	               16
  374.2200	              224
  374.2400	              -54
  374.2600	              437
  374.2800	              180
  374.3000	             -764
  374.3200	             -365
  374.3400	             -150
  374.3600	               13
  374.3800	              171
  374.4000	                0
  374.4200	             -427
  374.4400	              -69
  374.4600	              432
  374.4800	              310
  374.5000	              216
  374.5200	             -309
  374.5400	             -295
  374.5600	              -12
  374.5800	              396
  374.6000	               92
  374.6200	             -224
  374.6400	              -11
  374.6600	              535
  374.6800	             1052
  374.7000	              443
  374.7200	              109
  374.7400	              557
  374.7600	             1168
  374.7800	              714
  374.8000	             -305
  374.8200	             -292
  374.8400	              908
  374.8600	             1003
  374.8800	              255
  374.9000	             -178
  374.9200	              392
  374.9400	             1149
  374.9600	              918
  374.9800	              465
  375.0000	             1042
  375.0200	             1094
  375.0400	              471
  375.0600	              422
  375.0800	              539
  375.1000	              726
  375.1200	              343
  375.1400	              796
  375.1600	              602
  375.1800	              513
  375.2000	              800
  375.2200	             1259
  375.2400	             1215
  375.2600	             1088
  375.2800	              975
  375.3000	             1175
  375.3200	              974
  375.3400	             1479
  375.3600	             1558
  375.3800	             1593
  375.4000	             1949
  375.4200	             2543
  375.4400	             3573
  375.4600	             5579
  375.4800	             4347
  375.5000	             3486
  375.5200	             3136
  375.5400	             2323
  375.5600	             1158
  375.5800	              195
  375.6000	            -1039
  375.6200	            -1094
  375.6400	            -1120
  375.6600	            -1104
  375.6800	             -979
  375.7000	             -780
  375.7200	             -492
  375.7400	             -516
  375.7600	             -600
  375.7800	             -730
  375.8000	            -1091
  375.8200	            -1160
  375.8400	            -1153
  375.8600	            -1171
  375.8800	            -1133
  375.9000	            -1162
  375.9200	             -959
  375.9400	             -769
  375.9600	             -583
  375.9800	             -537
  376.0000	             -576
  376.0200	             -755
  376.0400	            -1161
  376.0600	            -1169
  376.0800	            -1164
  376.1000	            -1180
  376.1200	            -1182
  376.1400	            -1162
  376.1600	             -780
  376.1800	             -621
  376.2000	             -531
  376.2200	             -304
  376.2400	             -545
  376.2600	             -851
  376.2800	            -1169
  376.3000	            -1199
  376.3200	            -1177
  376.3400	            -1211
  376.3600	            -1211
  376.3800	             -926
  376.4000	             -839
  376.4200	             -694
  376.4400	             -648
  376.4600	             -656
  376.4800	             -761
  376.5000	            -1104
  376.5200	            -1185
  376.5400	            -1176
  376.5600	            -1184
  376.5800	            -1167
  376.6000	             -825
  376.6200	             -786
  376.6400	             -559
  376.6600	             -572
  376.6800	             -427
  376.7000	             -517
  376.7200	            -1076
  376.7400	            -1161
  376.7600	            -1162
  376.7800	            -1198
  376.8000	            -1114
  376.8200	             -731
  376.8400	             -565
  376.8600	             -435
  376.8800	             -306
  376.9000	             -411
  376.9200	             -599
  376.9400	            -1067
  376.9600	            -1158
  376.9800	            -1180
  377.0000	            -1143
  377.0200	             -795
  377.0400	             -614
  377.0600	             -372
  377.0800	             -372
  377.1000	             -150
  377.1200	             -351
  377.1400	             -824
  377.1600	            -1193
  377.1800	            -1199
  377.2000	            -1170
  377.2200	             -841
  377.2400	             -573
  377.2600	             -436
  377.2800	             -410
  377.3000	             -166
  377.3200	             -248
  377.3400	             -619
  377.3600	            -1154
  377.3800	            -1171
  377.4000	            -1185
  377.4200	             -759
  377.4400	             -540
  377.4600	             -418
  377.4800	             -367
  377.5000	             -197
  377.5200	             -241
  377.5400	             -659
  377.5600	            -1115
  377.5800	            -1180
  377.6000	            -1021
  377.6200	             -549
  377.6400	             -419
  377.6600	             -372
  377.6800	             -170
  377.7000	             -137
  377.7200	             -305
  377.7400	             -888
  377.7600	            -1162
  377.7800	            -1056
  377.8000	             -599
  377.8200	             -569
  377.8400	             -439
  377.8600	             -209
  377.8800	               -3
  377.9000	             -167
  377.9200	             -652
  377.9400	            -1109
  377.9600	             -982
  377.9800	             -468
  378.0000	             -481
  378.0200	             -442
  378.0400	             -105
  378.0600	             -132
  378.0800	             -157
  378.1000	             -623
  378.1200	            -1103
  378.1400	             -670
  378.1600	             -417
  378.1800	             -574
  378.2000	             -170
  378.2200	               90
  378.2400	                0
  378.2600	             -119
  378.2800	             -786
  378.3000	             -732
  378.3200	             -361
  378.3400	             -632
  378.3600	             -443
  378.3800	              -77
  378.4000	             -207
  378.4200	             -230
  378.4400	             -481
  378.4600	             -685
  378.4800	             -498
  378.5000	             -692
  378.5200	             -311
  378.5400	              187
  378.5600	                0
  378.5800	             -143
  378.6000	             -340
  378.6200	             -484
  378.6400	             -354
  378.6600	             -807
  378.6800	              -99
  378.7000	              234
  378.7200	              -90
  378.7400	              129
  378.7600	              203
  378.7800	             -267
  378.8000	             -703
  378.8200	             -353
  378.8400	              118
  378.8600	               17
  378.8800	              116
  378.9000	              473
  378.9200	             -285
  378.9400	             -757
  378.9600	             -240
  378.9800	              270
  379.0000	              122
  379.0200	              305
  379.0400	              696
  379.0600	               18
  379.0800	             -946
  379.1000	             -160
  379.1200	              407
  379.1400	              -72
  379.1600	              586
  379.1800	              463
  379.2000	             -593
  379.2200	             -436
  379.2400	              178
  379.2600	              358
  379.2800	              673
  379.3000	              925
  379.3200	              -99
  379.3400	             -677
  379.3600	              301
  379.3800	              726
  379.4000	              585
  379.4200	              351
  379.4400	             -338
  379.4600	             -226
  379.4800	              588
  379.5000	             1002
  379.5200	              680
  379.5400	              238
  379.5600	               12
  379.5800	              214
  379.6000	             1019
  379.6200	              422
  379.6400	             -190
  379.6600	              146
  379.6800	              603
  379.7000	             1266
  379.7200	              479
  379.7400	             -208
  379.7600	              287
  379.7800	             1040
  379.8000	             1035
  379.8200	              125
  379.8400	              -91
  379.8600	             1132
  379.8800	             1392
  379.9000	              356
  379.9200	              153
  379.9400	              864
  379.9600	             1238
  379.9800	              541
  380.0000	              666
  380.0200	              922
  380.0400	              932
  380.0600	              261
  380.0800	              768
  380.1000	              754
  380.1200	              729
  380.1400	              715
  380.1600	              788
  380.1800	              791
  380.2000	              495
  380.2200	              587
  380.2400	              784
  380.2600	              808
  380.2800	              974
  380.3000	             1550
  380.3200	             1274
  380.3400	             1449
  380.3600	             1939
  380.3800	             2139
  380.4000	             3209
  380.4200	             5082
  380.4400	             6227
  380.4600	             4376
  380.4800	             3564
  380.5000	             2878
  380.5200	             1567
  380.5400	             -167
  380.5600	             -965
  380.5800	            -1056
  380.6000	            -1100
  380.6200	            -1099
  380.6400	            -1077
  380.6600	            -1132
  380.6800	            -1174
  380.7000	            -1171
  380.7200	            -1168
  380.7400	            -1153
  380.7600	            -1083
  380.7800	            -1165
  380.8000	            -1118
  380.8200	            -1177
  380.8400	            -1164
  380.8600	            -1104
  380.8800	            -1125
  380.9000	            -1172
  380.9200	            -1177
  380.9400	            -1162
  380.9600	            -1166
  380.9800	            -1158
  381.0000	            -1149
  381.0200	            -1149
  381.0400	            -1193
  381.0600	            -1190
  381.0800	            -1170
  381.1000	            -1174
  381.1200	            -1170
  381.1400	            -1151
  381.1600	            -1148
  381.1800	            -1131
  381.2000	            -1133
  381.2200	            -1184
  381.2400	            -1176
  381.2600	            -1179
  381.2800	            -1171
  381.3000	            -1087
  381.3200	            -1098
  381.3400	            -1134
  381.3600	            -1170
  381.3800	            -1203
  381.4000	            -1184
  381.4200	            -1166
  381.4400	            -1193
  381.4600	            -1177
  381.4800	            -1139
  381.5000	            -1147
  381.5200	            -1183
  381.5400	            -1155
  381.5600	            -1171
  381.5800	            -1155
  381.6000	            -1203
  381.6200	            -1199
  381.6400	            -1177
  381.6600	            -1119
  381.6800	            -1153
  381.7000	            -1207
  381.7200	            -1192
  381.7400	            -1191
  381.7600	            -1192
  381.7800	            -1171
  381.8000	            -1178
  381.8200	            -1186
  381.8400	            -1091
  381.8600	            -1142
  381.8800	            -1138
  381.9000	            -1176
  381.9200	            -1167
  381.9400	            -1166
  381.9600	            -1182
  381.9800	            -1176
  382.0000	            -1180
