  370.0000	             2005
  370.0200	             1764
  370.0400	              222
  370.0600	             1221
  370.0800	             1908
  370.1000	             2185
  370.1200	             1457
  370.1400	              -62
  370.1600	             -202
  370.1800	              822
  370.2000	             2318
  370.2200	             1787
  370.2400	              939
  370.2600	              906
  370.2800	             1370
  370.3000	             1089
  370.3200	             -305
  370.3400	             -322
  370.3600	              135
  370.3800	             1316
  370.4000	             1270
  370.4200	             1513
  370.4400	             2711
  370.4600	             3362
  370.4800	             2338
  370.5000	             1852
  370.5200	             1385
  370.5400	              956
  370.5600	              837
  370.5800	              178
  370.6000	             -483
  370.6200	             -374
  370.6400	               24
  370.6600	                0
  370.6800	             1057
  370.7000	             1830
  370.7200	             1918
  370.7400	             2608
  370.7600	             3567
  370.7800	             2747
  370.8000	             1436
  370.8200	             1514
  370.8400	              860
  370.8600	             1521
  370.8800	             2129
  370.9000	             2370
  370.9200	             3978
  370.9400	             5272
  370.9600	             7017
  370.9800	             6046
  371.0000	             4447
  371.0200	             4102
  371.0400	             2468
  371.0600	             2032
  371.0800	             2446
  371.1000	             1827
  371.1200	             1278
  371.1400	             1255
  371.1600	              720
  371.1800	              529
  371.2000	              443
  371.2200	              295
  371.2400	             -217
  371.2600	             -696
  371.2800	             -934
  371.3000	             -944
  371.3200	             -964
  371.3400	             -919
  371.3600	              -75
  371.3800	              513
  371.4000	             1093
  371.4200	             2481
  371.4400	             3280
  371.4600	             2066
  371.4800	              123
  371.5000	             -828
  371.5200	             -905
  371.5400	             -964
  371.5600	             -870
  371.5800	              154
  371.6000	              513
  371.6200	              579
  371.6400	              833
  371.6600	             1169
  371.6800	              431
  371.7000	             -539
  371.7200	             -693
  371.7400	              751
  371.7600	             1852
  371.7800	             1782
  371.8000	             1806
  371.8200	             1460
  371.8400	             2096
  371.8600	             1843
  371.8800	             1559
  371.9000	              109
  371.9200	             -548
  371.9400	             -929
  371.9600	             -975
  371.9800	             -748
  372.0000	              544
  372.0200	              628
  372.0400	             1055
  372.0600	             2603
  372.0800	             4124
  372.1000	             3090
  372.1200	              780
  372.1400	             -750
  372.1600	             -909
  372.1800	             -713
  372.2000	              576
  372.2200	              682
  372.2400	              882
  372.2600	             1353
  372.2800	             1907
  372.3000	             1316
  372.3200	             -320
  372.3400	             -896
  372.3600	             -364
  372.3800	             2299
  372.4000	             3546
  372.4200	             2709
  372.4400	             2154
  372.4600	             1569
  372.4800	             1971
  372.5000	              928
  372.5200	             -350
  372.5400	             -844
  372.5600	             -702
  372.5800	              710
  372.6000	              526
  372.6200	              753
  372.6400	             1520
  372.6600	             2211
  372.6800	             3821
  372.7000	             3372
  372.7200	             2134
  372.7400	              850
  372.7600	              701
  372.7800	              770
  372.8000	              564
  372.8200	             1053
  372.8400	             1605
  372.8600	             2183
  372.8800	              413
  372.9000	             -591
  372.9200	             -308
  372.9400	             2747
  372.9600	             2115
  372.9800	             2824
  373.0000	             5722
  373.0200	             5930
  373.0400	             4835
  373.0600	             1443
  373.0800	             -425
  373.1000	              464
  373.1200	              921
  373.1400	               42
  373.1600	             1571
  373.1800	             1759
  373.2000	             2158
  373.2200	             2093
  373.2400	              143
  373.2600	              367
  373.2800	             3335
  373.3000	             3412
  373.3200	             4621
  373.3400	             4508
  373.3600	             2561
  373.3800	             2940
  373.4000	             1160
  373.4200	              807
  373.4400	             1162
  373.4600	             -181
  373.4800	             1447
  373.5000	             2387
  373.5200	             1852
  373.5400	             2741
  373.5600	             2707
  373.5800	             5266
  373.6000	             5138
  373.6200	             3823
  373.6400	             3554
  373.6600	             2324
  373.6800	             2495
  373.7000	             3093
  373.7200	             2571
  373.7400	             1230
  373.7600	             -419
  373.7800	             1768
  373.8000	             4086
  373.8200	             2468
  373.8400	             3457
  373.8600	             6118
  373.8800	             5481
  373.9000	             3576
  373.9200	             3759
  373.9400	             3404
  373.9600	             2017
  373.9800	             3554
  374.0000	             4765
  374.0200	              991
  374.0400	             -398
  374.0600	             2192
  374.0800	             3089
  374.1000	             1392
  374.1200	             5479
  374.1400	             7658
  374.1600	             4633
  374.1800	             5454
  374.2000	             6488
  374.2200	             3398
  374.2400	             3564
  374.2600	             4926
  374.2800	             1296
  374.3000	              299
  374.3200	             2903
  374.3400	             3246
  374.3600	             3602
  374.3800	             4313
  374.4000	             3772
  374.4200	             4892
  374.4400	             7698
  374.4600	             8916
  374.4800	             5995
  374.5000	             3112
  374.5200	             2248
  374.5400	             2322
  374.5600	             4793
  374.5800	             3656
  374.6000	             2023
  374.6200	             2755
  374.6400	             3430
  374.6600	             6374
  374.6800	             7504
  374.7000	             6971
  374.7200	             8150
  374.7400	             8889
  374.7600	             6893
  374.7800	             2719
  374.8000	             1246
  374.8200	             3564
  374.8400	             6102
  374.8600	             4691
  374.8800	             1916
  374.9000	             2837
  374.9200	             6658
  374.9400	             7946
  374.9600	             7308
  374.9800	             8712
  375.0000	             9726
  375.0200	             5961
  375.0400	             3936
  375.0600	             4510
  375.0800	             4716
  375.1000	             4046
  375.1200	             4426
  375.1400	             4526
  375.1600	             4774
  375.1800	             5525
  375.2000	             8818
  375.2200	             9813
  375.2400	            11106
  375.2600	             9470
  375.2800	             6974
  375.3000	             6876
  375.3200	             5845
  375.3400	             8830
  375.3600	             7288
  375.3800	             8593
  375.4000	             9486
  375.4200	            12521
  375.4400	            19816
  375.4600	            23097
  375.4800	            18635
  375.5000	            19860
  375.5200	            14749
  375.5400	             8870
  375.5600	             5495
  375.5800	              385
  375.6000	             -540
  375.6200	             -600
  375.6400	             -701
  375.6600	             -533
  375.6800	             2241
  375.7000	             4486
  375.7200	             5096
  375.7400	             6582
  375.7600	             4848
  375.7800	              876
  375.8000	             -664
  375.8200	             -743
  375.8400	             -718
  375.8600	             -763
  375.8800	             -860
  375.9000	             -427
  375.9200	             2208
  375.9400	             4074
  375.9600	             4804
  375.9800	             5958
  376.0000	             4977
  376.0200	              556
  376.0400	             -771
  376.0600	             -798
  376.0800	             -845
  376.1000	             -894
  376.1200	             -843
  376.1400	              438
  376.1600	             3326
  376.1800	             4996
  376.2000	             6257
  376.2200	             6966
  376.2400	             4281
  376.2600	               41
  376.2800	             -802
  376.3000	             -887
  376.3200	             -908
  376.3400	             -826
  376.3600	             -209
  376.3800	             2885
  376.4000	             4072
  376.4200	             4873
  376.4400	             6390
  376.4600	             5693
  376.4800	             1596
  376.5000	             -708
  376.5200	             -345
  376.5400	              -64
  376.5600	             -631
  376.5800	             -287
  376.6000	             3801
  376.6200	             5523
  376.6400	             6139
  376.6600	             7453
  376.6800	             6937
  376.7000	             2433
  376.7200	             -553
  376.7400	             -839
  376.7600	             -839
  376.7800	             -810
  376.8000	              996
  376.8200	             3439
  376.8400	             4007
  376.8600	             5766
  376.8800	             6667
  376.9000	             6168
  376.9200	             1347
  376.9400	             -738
  376.9600	             -818
  376.9800	             -824
  377.0000	             -337
  377.0200	             3452
  377.0400	             4181
  377.0600	             5633
  377.0800	             7582
  377.1000	             7809
  377.1200	             4644
  377.1400	               57
  377.1600	             -793
  377.1800	             -785
  377.2000	             -426
  377.2200	             3237
  377.2400	             3423
  377.2600	             4451
  377.2800	             6703
  377.3000	             7156
  377.3200	             5554
  377.3400	              514
  377.3600	             -765
  377.3800	             -724
  377.4000	               94
  377.4200	             3999
  377.4400	             3770
  377.4600	             5582
  377.4800	             8223
  377.5000	             8665
  377.5200	             6303
  377.5400	              489
  377.5600	             -649
  377.5800	             -542
  377.6000	             2555
  377.6200	             4096
  377.6400	             3599
  377.6600	             6947
  377.6800	             7357
  377.7000	             8210
  377.7200	             3537
  377.7400	             -450
  377.7600	             -651
  377.7800	             2275
  377.8000	             4479
  377.8200	             2310
  377.8400	             6027
  377.8600	             7390
  377.8800	             7915
  377.9000	             5263
  377.9200	               -6
  377.9400	             -561
  377.9600	             2381
  377.9800	             3557
  378.0000	             1817
  378.0200	             5812
  378.0400	             6430
  378.0600	             7477
  378.0800	             5772
  378.1000	              711
  378.1200	              243
  378.1400	             3948
  378.1600	             3007
  378.1800	             3796
  378.2000	             7876
  378.2200	             6726
  378.2400	             8251
  378.2600	             4045
  378.2800	              137
  378.3000	             3532
  378.3200	             2988
  378.3400	             1965
  378.3600	             6607
  378.3800	             6610
  378.4000	             7696
  378.4200	             6093
  378.4400	              918
  378.4600	             3957
  378.4800	             3059
  378.5000	             1436
  378.5200	             7579
  378.5400	             7852
  378.5600	             8454
  378.5800	             7402
  378.6000	             3201
  378.6200	             4272
  378.6400	             1325
  378.6600	             3741
  378.6800	             8415
  378.7000	             5777
  378.7200	             7994
  378.7400	             7194
  378.7600	             4838
  378.7800	             2844
  378.8000	              951
  378.8200	             7920
  378.8400	             9043
  378.8600	             7297
  378.8800	             9959
  378.9000	             7053
  378.9200	             2297
  378.9400	              960
  378.9600	             7934
  378.9800	             8812
  379.0000	             5945
  379.0200	            11296
  379.0400	             8195
  379.0600	              883
  379.0800	             2580
  379.1000	             9311
  379.1200	             8671
  379.1400	             9284
  379.1600	            12975
  379.1800	             4045
  379.2000	              589
  379.2200	             7343
  379.2400	             9800
  379.2600	             7193
  379.2800	            11975
  379.3000	             7799
  379.3200	              994
  379.3400	             6395
  379.3600	            10932
  379.3800	             9923
  379.4000	            10831
  379.4200	             7364
  379.4400	             3140
  379.4600	             8003
  379.4800	            11516
  379.5000	             9736
  379.5200	             7442
  379.5400	             6287
  379.5600	             6726
  379.5800	            12623
  379.6000	            11332
  379.6200	             7069
  379.6400	             7269
  379.6600	             8511
  379.6800	            12337
  379.7000	            10996
  379.7200	             5681
  379.7400	             6187
  379.7600	            10710
  379.7800	            13632
  379.8000	             7759
  379.8200	             5679
  379.8400	             9645
  379.8600	            13319
  379.8800	            10867
  379.9000	             5769
  379.9200	             9045
  379.9400	            12578
  379.9600	            10822
  379.9800	             7531
  380.0000	            11151
  380.0200	            11581
  380.0400	             9232
  380.0600	             9498
  380.0800	            11526
  380.1000	            10697
  380.1200	             9375
  380.1400	            11735
  380.1600	            11450
  380.1800	             9199
  380.2000	            10987
  380.2200	            10557
  380.2400	            12655
  380.2600	            12891
  380.2800	            16273
  380.3000	            15758
  380.3200	            15807
  380.3400	            18343
  380.3600	            18021
  380.3800	            24788
  380.4000	            32088
  380.4200	            37705
  380.4400	            29251
  380.4600	            27843
  380.4800	            21089
  380.5000	            15952
  380.5200	             6859
  380.5400	              135
  380.5600	             -305
  380.5800	             -489
  380.6000	             -549
  380.6200	             -579
  380.6400	             -668
  380.6600	             -702
  380.6800	             -857
  380.7000	             -840
  380.7200	             -753
  380.7400	             -711
  380.7600	             -765
  380.7800	             -815
  380.8000	             -872
  380.8200	             -929
  380.8400	             -878
  380.8600	             -687
  380.8800	             -839
  380.9000	             -970
  380.9200	             -970
  380.9400	             -708
  380.9600	             -689
  380.9800	             -909
  381.0000	             -883
  381.0200	             -928
  381.0400	             -978
  381.0600	             -974
  381.0800	             -907
  381.1000	             -964
  381.1200	             -982
  381.1400	             -945
  381.1600	             -935
  381.1800	             -949
  381.2000	             -954
  381.2200	            -1015
  381.2400	            -1047
  381.2600	            -1053
  381.2800	             -970
  381.3000	             -863
  381.3200	             -890
  381.3400	            -1039
  381.3600	            -1033
  381.3800	            -1067
  381.4000	            -1038
  381.4200	            -1071
  381.4400	            -1037
  381.4600	            -1029
  381.4800	            -1015
  381.5000	            -1074
  381.5200	            -1027
  381.5400	            -1017
  381.5600	            -1023
  381.5800	             -999
  381.6000	             -974
  381.6200	            -1075
  381.6400	             -965
  381.6600	             -979
  381.6800	            -1018
  381.7000	            -1048
  381.7200	            -1093
  381.7400	            -1065
  381.7600	            -1051
  381.7800	            -1091
  381.8000	             -998
  381.8200	             -982
  381.8400	             -974
  381.8600	             -961
  381.8800	             -963
  381.9000	             -910
  381.9200	             -997
  381.9400	            -1106
  381.9600	            -1048
  381.9800	            -1076
  382.0000	            -1062
