  370.0000	             1938
  370.0200	             1270
  370.0400	                0
  370.0600	              981
  370.0800	             1732
  370.1000	             1976
  370.1200	             1371
  370.1400	             -126
  370.1600	             -189
  370.1800	              883
  370.2000	             2631
  370.2200	             2237
  370.2400	             1200
  370.2600	             1095
  370.2800	             1647
  370.3000	             1414
  370.3200	             -171
  370.3400	             -309
  370.3600	              237
  370.3800	             1553
  370.4000	             1395
  370.4200	             1553
  370.4400	             2937
  370.4600	             3477
  370.4800	             2542
  370.5000	             2016
  370.5200	             1555
  370.5400	              889
  370.5600	              764
  370.5800	              117
  370.6000	             -437
  370.6200	             -387
  370.6400	                0
  370.6600	               74
  370.6800	             1215
  370.7000	             2033
  370.7200	             2157
  370.7400	             2873
  370.7600	             2803
  370.7800	             2251
  370.8000	              993
  370.8200	             1140
  370.8400	              787
  370.8600	             1140
  370.8800	             1728
  370.9000	             1836
  370.9200	             3199
  370.9400	             4488
  370.9600	             6126
  370.9800	             6046
  371.0000	             4617
  371.0200	             4389
  371.0400	             2765
  371.0600	             2165
  371.0800	             2025
  371.1000	             1452
  371.1200	              977
  371.1400	             1240
  371.1600	              744
  371.1800	              524
  371.2000	              432
  371.2200	              355
  371.2400	             -176
  371.2600	             -723
  371.2800	             -941
  371.3000	             -970
  371.3200	             -930
  371.3400	             -938
  371.3600	             -164
  371.3800	              630
  371.4000	             1131
  371.4200	             2631
  371.4400	             3509
  371.4600	             2357
  371.4800	              303
  371.5000	             -796
  371.5200	             -919
  371.5400	             -964
  371.5600	             -835
  371.5800	              224
  371.6000	              596
  371.6200	              745
  371.6400	              956
  371.6600	             1411
  371.6800	              608
  371.7000	             -525
  371.7200	             -663
  371.7400	              763
  371.7600	             2064
  371.7800	             1994
  371.8000	             2123
  371.8200	             1734
  371.8400	             2377
  371.8600	             2120
  371.8800	             1760
  371.9000	              268
  371.9200	             -488
  371.9400	             -932
  371.9600	             -923
  371.9800	             -764
  372.0000	              682
  372.0200	              851
  372.0400	             1230
  372.0600	             2980
  372.0800	             4615
  372.1000	             3422
  372.1200	              990
  372.1400	             -706
  372.1600	             -921
  372.1800	             -708
  372.2000	              714
  372.2200	              845
  372.2400	             1053
  372.2600	             1464
  372.2800	             2120
  372.3000	             1599
  372.3200	             -245
  372.3400	             -813
  372.3600	             -323
  372.3800	             2517
  372.4000	             4128
  372.4200	             3206
  372.4400	             2472
  372.4600	             1762
  372.4800	             2303
  372.5000	             1236
  372.5200	             -255
  372.5400	             -842
  372.5600	             -698
  372.5800	              840
  372.6000	              738
  372.6200	              873
  372.6400	             1658
  372.6600	             2448
  372.6800	             4180
  372.7000	             3688
  372.7200	             2365
  372.7400	             1007
  372.7600	              865
  372.7800	              904
  372.8000	              676
  372.8200	             1204
  372.8400	             1790
  372.8600	             2351
  372.8800	              610
  372.9000	             -526
  372.9200	             -246
  372.9400	             3036
  372.9600	             2478
  372.9800	             2831
  373.0000	             6224
  373.0200	             6218
  373.0400	             5380
  373.0600	             1742
  373.0800	             -359
  373.1000	              548
  373.1200	             1003
  373.1400	              121
  373.1600	             1732
  373.1800	             1963
  373.2000	             2284
  373.2200	             2375
  373.2400	              197
  373.2600	              392
  373.2800	             3508
  373.3000	             3351
  373.3200	             4820
  373.3400	             4610
  373.3600	             2480
  373.3800	             2390
  373.4000	              821
  373.4200	              361
  373.4400	              743
  373.4600	             -392
  373.4800	              988
  373.5000	             2030
  373.5200	             1762
  373.5400	             2953
  373.5600	             2794
  373.5800	             5480
  373.6000	             5438
  373.6200	             4180
  373.6400	             3966
  373.6600	             2624
  373.6800	             2779
  373.7000	             3418
  373.7200	             2994
  373.7400	             1532
  373.7600	             -425
  373.7800	             2056
  373.8000	             4712
  373.8200	             2990
  373.8400	             3829
  373.8600	             6811
  373.8800	             6036
  373.9000	             4033
  373.9200	             4214
  373.9400	             3858
  373.9600	             2331
  373.9800	             3840
  374.0000	             5341
  374.0200	             1328
  374.0400	             -350
  374.0600	             2388
  374.0800	             2928
  374.1000	             1349
  374.1200	             5236
  374.1400	             7449
  374.1600	             4531
  374.1800	             5132
  374.2000	             6115
  374.2200	             3286
  374.2400	             3359
  374.2600	             4814
  374.2800	             1255
  374.3000	              234
  374.3200	             3072
  374.3400	             3513
  374.3600	             3859
  374.3800	             4815
  374.4000	             4318
  374.4200	             5437
  374.4400	             8555
  374.4600	             9990
  374.4800	             6701
  374.5000	             3571
  374.5200	             2558
  374.5400	             2591
  374.5600	             5361
  374.5800	             4104
  374.6000	             2310
  374.6200	             2768
  374.6400	             3205
  374.6600	             5931
  374.6800	             7211
  374.7000	             6539
  374.7200	             7854
  374.7400	             8500
  374.7600	             6664
  374.7800	             2519
  374.8000	             1144
  374.8200	             3239
  374.8400	             5806
  374.8600	             4539
  374.8800	             1820
  374.9000	             2522
  374.9200	             6034
  374.9400	             7471
  374.9600	             6894
  374.9800	             8188
  375.0000	             9112
  375.0200	             5683
  375.0400	             3754
  375.0600	             4132
  375.0800	             4499
  375.1000	             3974
  375.1200	             4165
  375.1400	             4301
  375.1600	             4619
  375.1800	             5108
  375.2000	             8099
  375.2200	             9486
  375.2400	            10632
  375.2600	             9058
  375.2800	             6260
  375.3000	             6240
  375.3200	             5377
  375.3400	             8070
  375.3600	             6621
  375.3800	             7776
  375.4000	             8659
  375.4200	            11489
  375.4400	            18187
  375.4600	            21663
  375.4800	            17693
  375.5000	            18631
  375.5200	            13957
  375.5400	             8362
  375.5600	             5200
  375.5800	              367
  375.6000	             -541
  375.6200	             -631
  375.6400	             -745
  375.6600	             -581
  375.6800	             2040
  375.7000	             4007
  375.7200	             4710
  375.7400	             5901
  375.7600	             4441
  375.7800	              746
  375.8000	             -713
  375.8200	             -742
  375.8400	             -772
  375.8600	             -844
  375.8800	             -851
  375.9000	             -464
  375.9200	             1994
  375.9400	             3675
  375.9600	             4326
  375.9800	             5556
  376.0000	             4419
  376.0200	              495
  376.0400	             -793
  376.0600	             -804
  376.0800	             -883
  376.1000	             -868
  376.1200	             -849
  376.1400	              379
  376.1600	             3507
  376.1800	             5244
  376.2000	             6386
  376.2200	             7153
  376.2400	             4619
  376.2600	              158
  376.2800	             -802
  376.3000	             -878
  376.3200	             -835
  376.3400	             -814
  376.3600	             -211
  376.3800	             3053
  376.4000	             4273
  376.4200	             5096
  376.4400	             6673
  376.4600	             6067
  376.4800	             1727
  376.5000	             -669
  376.5200	             -285
  376.5400	              -11
  376.5600	             -620
  376.5800	             -336
  376.6000	             4175
  376.6200	             5762
  376.6400	             6457
  376.6600	             7894
  376.6800	             7471
  376.7000	             2510
  376.7200	             -570
  376.7400	             -843
  376.7600	             -853
  376.7800	             -826
  376.8000	              918
  376.8200	             3569
  376.8400	             4315
  376.8600	             6071
  376.8800	             6967
  376.9000	             6482
  376.9200	             1392
  376.9400	             -727
  376.9600	             -818
  376.9800	             -806
  377.0000	             -311
  377.0200	             3562
  377.0400	             4408
  377.0600	             5955
  377.0800	             7922
  377.1000	             8063
  377.1200	             4830
  377.1400	              140
  377.1600	             -802
  377.1800	             -800
  377.2000	             -377
  377.2200	             3445
  377.2400	             3573
  377.2600	             4680
  377.2800	             6921
  377.3000	             7471
  377.3200	             5739
  377.3400	              558
  377.3600	             -705
  377.3800	             -701
  377.4000	               63
  377.4200	             4031
  377.4400	             3729
  377.4600	             5573
  377.4800	             8099
  377.5000	             8571
  377.5200	             6282
  377.5400	              498
  377.5600	             -635
  377.5800	             -547
  377.6000	             2495
  377.6200	             3966
  377.6400	             3591
  377.6600	             6820
  377.6800	             7318
  377.7000	             8065
  377.7200	             3421
  377.7400	             -428
  377.7600	             -613
  377.7800	             2330
  377.8000	             4484
  377.8200	             2756
  377.8400	             6926
  377.8600	             8384
  377.8800	             9087
  377.9000	             6024
  377.9200	              151
  377.9400	             -453
  377.9600	             2925
  377.9800	             4077
  378.0000	             2235
  378.0200	             6891
  378.0400	             7384
  378.0600	             8540
  378.0800	             6522
  378.1000	              863
  378.1200	              431
  378.1400	             4517
  378.1600	             3378
  378.1800	             4490
  378.2000	             8811
  378.2200	             7717
  378.2400	             9320
  378.2600	             4619
  378.2800	              248
  378.3000	             3970
  378.3200	             3427
  378.3400	             2303
  378.3600	             7403
  378.3800	             7415
  378.4000	             8562
  378.4200	             6705
  378.4400	             1101
  378.4600	             4491
  378.4800	             3418
  378.5000	             1687
  378.5200	             8285
  378.5400	             8661
  378.5600	             9251
  378.5800	             8210
  378.6000	             3587
  378.6200	             4697
  378.6400	             1534
  378.6600	             4229
  378.6800	             9115
  378.7000	             6246
  378.7200	             8637
  378.7400	             7738
  378.7600	             5232
  378.7800	             3137
  378.8000	             1079
  378.8200	             8642
  378.8400	             9679
  378.8600	             7918
  378.8800	            10774
  378.9000	             7557
  378.9200	             2406
  378.9400	             1131
  378.9600	             8417
  378.9800	             9348
  379.0000	             6285
  379.0200	            11895
  379.0400	             8796
  379.0600	              968
  379.0800	             2751
  379.1000	             9960
  379.1200	             9179
  379.1400	             9784
  379.1600	            13532
  379.1800	             4121
  379.2000	              659
  379.2200	             7685
  379.2400	            10374
  379.2600	             7448
  379.2800	            12528
  379.3000	             8365
  379.3200	             1129
  379.3400	             6798
  379.3600	            11450
  379.3800	            10279
  379.4000	            11164
  379.4200	             7311
  379.4400	             3280
  379.4600	             8230
  379.4800	            12191
  379.5000	            10471
  379.5200	             7944
  379.5400	             6470
  379.5600	             7177
  379.5800	            13230
  379.6000	            11553
  379.6200	             6932
  379.6400	             6858
  379.6600	             8188
  379.6800	            11916
  379.7000	            10667
  379.7200	             5443
  379.7400	             6031
  379.7600	            10517
  379.7800	            13024
  379.8000	             7537
  379.8200	             5343
  379.8400	             9171
  379.8600	            12715
  379.8800	            10478
  379.9000	             5551
  379.9200	             8848
  379.9400	            12244
  379.9600	            10591
  379.9800	             7596
  380.0000	            11196
  380.0200	            11772
  380.0400	             9212
  380.0600	             9602
  380.0800	            11396
  380.1000	            10818
  380.1200	             9408
  380.1400	            11802
  380.1600	            11504
  380.1800	             9386
  380.2000	            11062
  380.2200	            10871
  380.2400	            12793
  380.2600	            12950
  380.2800	            16398
  380.3000	            15955
  380.3200	            15976
  380.3400	            18343
  380.3600	            18172
  380.3800	            24937
  380.4000	            32334
  380.4200	            37669
  380.4400	            29593
  380.4600	            28070
  380.4800	            21149
  380.5000	            15787
  380.5200	             6744
  380.5400	              114
  380.5600	             -377
  380.5800	             -541
  380.6000	             -582
  380.6200	             -657
  380.6400	             -704
  380.6600	             -753
  380.6800	             -809
  380.7000	             -851
  380.7200	             -788
  380.7400	             -733
  380.7600	             -766
  380.7800	             -872
  380.8000	             -869
  380.8200	             -915
  380.8400	             -876
  380.8600	             -810
  380.8800	             -872
  380.9000	             -943
  380.9200	             -974
  380.9400	             -725
  380.9600	             -684
  380.9800	             -830
  381.0000	             -859
  381.0200	             -942
  381.0400	            -1033
  381.0600	            -1007
  381.0800	            -1000
  381.1000	             -983
  381.1200	             -957
  381.1400	             -912
  381.1600	             -930
  381.1800	             -960
  381.2000	             -943
  381.2200	            -1008
  381.2400	            -1090
  381.2600	            -1076
  381.2800	            -1020
  381.3000	             -859
  381.3200	             -909
  381.3400	            -1037
  381.3600	            -1110
  381.3800	            -1072
  381.4000	            -1036
  381.4200	            -1070
  381.4400	            -1070
  381.4600	            -1020
  381.4800	             -999
  381.5000	            -1061
  381.5200	            -1080
  381.5400	            -1065
  381.5600	            -1025
  381.5800	            -1027
  381.6000	            -1007
  381.6200	            -1062
  381.6400	             -953
  381.6600	             -987
  381.6800	            -1055
  381.7000	            -1039
  381.7200	            -1078
  381.7400	            -1094
  381.7600	            -1038
  381.7800	            -1095
  381.8000	            -1012
  381.8200	             -999
  381.8400	             -979
  381.8600	            -1047
  381.8800	            -1034
  381.9000	             -965
  381.9200	             -999
  381.9400	            -1074
  381.9600	            -1085
  381.9800	            -1118
  382.0000	            -1048
