  370.0000	             1255
  370.0200	             1277
  370.0400	               79
  370.0600	              472
  370.0800	              985
  370.1000	             1291
  370.1200	             1056
  370.1400	             -160
  370.1600	             -428
  370.1800	              439
  370.2000	             1891
  370.2200	             1604
  370.2400	              511
  370.2600	              541
  370.2800	             1138
  370.3000	             1175
  370.3200	             -206
  370.3400	             -471
  370.3600	                0
  370.3800	             1160
  370.4000	             1163
  370.4200	              867
  370.4400	             1814
  370.4600	             2585
  370.4800	             1969
  370.5000	             1491
  370.5200	             1070
  370.5400	              603
  370.5600	              851
  370.5800	              233
  370.6000	             -434
  370.6200	             -318
  370.6400	               30
  370.6600	               -8
  370.6800	              819
  370.7000	             1365
  370.7200	             1468
  370.7400	             1892
  370.7600	             2585
  370.7800	             2174
  370.8000	             1083
  370.8200	             1319
  370.8400	             1049
  370.8600	             1310
  370.8800	             2062
  370.9000	             2078
  370.9200	             3418
  370.9400	             4721
  370.9600	             6548
  370.9800	             5683
  371.0000	             4036
  371.0200	             4043
  371.0400	             2623
  371.0600	             1872
  371.0800	             2115
  371.1000	             1152
  371.1200	              514
  371.1400	              658
  371.1600	              325
  371.1800	              108
  371.2000	              124
  371.2200	               29
  371.2400	             -348
  371.2600	             -779
  371.2800	             -905
  371.3000	             -970
  371.3200	             -914
  371.3400	             -975
  371.3600	             -384
  371.3800	              135
  371.4000	              459
  371.4200	             1365
  371.4400	             2026
  371.4600	             1297
  371.4800	              -66
  371.5000	             -826
  371.5200	             -954
  371.5400	            -1000
  371.5600	             -962
  371.5800	             -255
  371.6000	               71
  371.6200	              136
  371.6400	              211
  371.6600	              517
  371.6800	               42
  371.7000	             -641
  371.7200	             -866
  371.7400	             -119
  371.7600	              663
  371.7800	              655
  371.8000	             1002
  371.8200	              667
  371.8400	              807
  371.8600	              865
  371.8800	              763
  371.9000	              -91
  371.9200	             -675
  371.9400	             -943
  371.9600	            -1011
  371.9800	             -903
  372.0000	               75
  372.0200	              233
  372.0400	              453
  372.0600	             1478
  372.0800	             2581
  372.1000	             2011
  372.1200	              296
  372.1400	             -748
  372.1600	             -928
  372.1800	             -818
  372.2000	              110
  372.2200	              299
  372.2400	              455
  372.2600	              697
  372.2800	             1226
  372.3000	              946
  372.3200	             -443
  372.3400	             -890
  372.3600	             -621
  372.3800	             1139
  372.4000	             2364
  372.4200	             1809
  372.4400	             1410
  372.4600	              943
  372.4800	             1284
  372.5000	              682
  372.5200	             -515
  372.5400	             -904
  372.5600	             -803
  372.5800	              304
  372.6000	              315
  372.6200	              362
  372.6400	              983
  372.6600	             1323
  372.6800	             2426
  372.7000	             2103
  372.7200	             1135
  372.7400	              287
  372.7600	              365
  372.7800	              492
  372.8000	              328
  372.8200	              678
  372.8400	              943
  372.8600	             1432
  372.8800	              211
  372.9000	             -655
  372.9200	             -600
  372.9400	             1526
  372.9600	             1453
  372.9800	             1537
  373.0000	             3714
  373.0200	             3828
  373.0400	             3464
  373.0600	              993
  373.0800	             -539
  373.1000	              182
  373.1200	              592
  373.1400	              -91
  373.1600	             1065
  373.1800	             1264
  373.2000	             1471
  373.2200	             1566
  373.2400	              -46
  373.2600	               75
  373.2800	             2297
  373.3000	             2347
  373.3200	             3097
  373.3400	             3281
  373.3600	             1828
  373.3800	             2191
  373.4000	              891
  373.4200	              554
  373.4400	             1047
  373.4600	             -210
  373.4800	              838
  373.5000	             1766
  373.5200	             1195
  373.5400	             2068
  373.5600	             1796
  373.5800	             3532
  373.6000	             3562
  373.6200	             2439
  373.6400	             2580
  373.6600	             1659
  373.6800	             1802
  373.7000	             2366
  373.7200	             2245
  373.7400	             1328
  373.7600	             -420
  373.7800	             1203
  373.8000	             2943
  373.8200	             1668
  373.8400	             2591
  373.8600	             4795
  373.8800	             4096
  373.9000	             2421
  373.9200	             2712
  373.9400	             2865
  373.9600	             1627
  373.9800	             2739
  374.0000	             4292
  374.0200	             1225
  374.0400	             -408
  374.0600	             1727
  374.0800	             2706
  374.1000	             1102
  374.1200	             4364
  374.1400	             6282
  374.1600	             3149
  374.1800	             3429
  374.2000	             4782
  374.2200	             2869
  374.2400	             3053
  374.2600	             4559
  374.2800	             1261
  374.3000	               52
  374.3200	             2475
  374.3400	             2851
  374.3600	             3065
  374.3800	             4122
  374.4000	             3135
  374.4200	             3294
  374.4400	             5711
  374.4600	             7273
  374.4800	             5009
  374.5000	             2766
  374.5200	             2063
  374.5400	             2085
  374.5600	             4516
  374.5800	             3514
  374.6000	             1699
  374.6200	             2435
  374.6400	             3162
  374.6600	             5624
  374.6800	             6172
  374.7000	             4473
  374.7200	             5804
  374.7400	             7013
  374.7600	             6587
  374.7800	             2707
  374.8000	              980
  374.8200	             2970
  374.8400	             6144
  374.8600	             4948
  374.8800	             1660
  374.9000	             2236
  374.9200	             5733
  374.9400	             6833
  374.9600	             5622
  374.9800	             6504
  375.0000	             7662
  375.0200	             5507
  375.0400	             3844
  375.0600	             4098
  375.0800	             4366
  375.1000	             3967
  375.1200	             4105
  375.1400	             4149
  375.1600	             4557
  375.1800	             4601
  375.2000	             6817
  375.2200	             7852
  375.2400	             8748
  375.2600	             7397
  375.2800	             5794
  375.3000	             6364
  375.3200	             5677
  375.3400	             8240
  375.3600	             7247
  375.3800	             8113
  375.4000	             9337
  375.4200	            12045
  375.4400	            18799
  375.4600	            21771
  375.4800	            16995
  375.5000	            17652
  375.5200	            13778
  375.5400	             8948
  375.5600	             5818
  375.5800	              667
  375.6000	             -462
  375.6200	             -626
  375.6400	             -743
  375.6600	             -656
  375.6800	              940
  375.7000	             2358
  375.7200	             2614
  375.7400	             3639
  375.7600	             2676
  375.7800	              264
  375.8000	             -720
  375.8200	             -800
  375.8400	             -760
  375.8600	             -850
  375.8800	             -875
  375.9000	             -635
  375.9200	              901
  375.9400	             2128
  375.9600	             2556
  375.9800	             3306
  376.0000	             2719
  376.0200	              137
  376.0400	             -779
  376.0600	             -882
  376.0800	             -912
  376.1000	             -951
  376.1200	             -925
  376.1400	             -188
  376.1600	             1671
  376.1800	             2750
  376.2000	             3329
  376.2200	             3695
  376.2400	             2349
  376.2600	             -275
  376.2800	             -867
  376.3000	             -889
  376.3200	             -951
  376.3400	             -868
  376.3600	             -565
  376.3800	             1360
  376.4000	             2267
  376.4200	             2641
  376.4400	             3559
  376.4600	             3122
  376.4800	              718
  376.5000	             -770
  376.5200	             -634
  376.5400	             -466
  376.5600	             -826
  376.5800	             -588
  376.6000	             1922
  376.6200	             3003
  376.6400	             3336
  376.6600	             4264
  376.6800	             3924
  376.7000	             1259
  376.7200	             -749
  376.7400	             -878
  376.7600	             -893
  376.7800	             -895
  376.8000	              251
  376.8200	             1922
  376.8400	             2376
  376.8600	             3276
  376.8800	             3837
  376.9000	             3668
  376.9200	              635
  376.9400	             -825
  376.9600	             -862
  376.9800	             -885
  377.0000	             -625
  377.0200	             1814
  377.0400	             2454
  377.0600	             3241
  377.0800	             4539
  377.1000	             4563
  377.1200	             2664
  377.1400	             -257
  377.1600	             -823
  377.1800	             -805
  377.2000	             -626
  377.2200	             1988
  377.2400	             2168
  377.2600	             2613
  377.2800	             4141
  377.3000	             4256
  377.3200	             3400
  377.3400	               -9
  377.3600	             -870
  377.3800	             -835
  377.4000	             -312
  377.4200	             2288
  377.4400	             2267
  377.4600	             3179
  377.4800	             4730
  377.5000	             4925
  377.5200	             3788
  377.5400	               88
  377.5600	             -785
  377.5800	             -708
  377.6000	             1408
  377.6200	             2597
  377.6400	             2174
  377.6600	             4165
  377.6800	             4375
  377.7000	             4955
  377.7200	             1991
  377.7400	             -575
  377.7600	             -683
  377.7800	             1329
  377.8000	             2885
  377.8200	             1860
  377.8400	             4227
  377.8600	             5078
  377.8800	             5460
  377.9000	             3741
  377.9200	             -132
  377.9400	             -646
  377.9600	             1785
  377.9800	             2930
  378.0000	             1433
  378.0200	             4315
  378.0400	             4662
  378.0600	             5386
  378.0800	             4256
  378.1000	              258
  378.1200	                0
  378.1400	             3105
  378.1600	             2555
  378.1800	             2780
  378.2000	             5553
  378.2200	             4820
  378.2400	             5946
  378.2600	             3061
  378.2800	                0
  378.3000	             2963
  378.3200	             2717
  378.3400	             1370
  378.3600	             4907
  378.3800	             4916
  378.4000	             5532
  378.4200	             4642
  378.4400	              705
  378.4600	             3374
  378.4800	             2887
  378.5000	             1000
  378.5200	             5589
  378.5400	             5800
  378.5600	             6043
  378.5800	             5614
  378.6000	             2794
  378.6200	             3914
  378.6400	             1301
  378.6600	             2767
  378.6800	             6362
  378.7000	             4146
  378.7200	             5929
  378.7400	             5863
  378.7600	             4342
  378.7800	             2878
  378.8000	              538
  378.8200	             5976
  378.8400	             6864
  378.8600	             5126
  378.8800	             7869
  378.9000	             6578
  378.9200	             2515
  378.9400	              543
  378.9600	             5928
  378.9800	             6977
  379.0000	             4072
  379.0200	             9156
  379.0400	             7907
  379.0600	             1087
  379.0800	             1660
  379.1000	             7148
  379.1200	             6763
  379.1400	             6929
  379.1600	            11065
  379.1800	             4302
  379.2000	              301
  379.2200	             5720
  379.2400	             7938
  379.2600	             5469
  379.2800	            10160
  379.3000	             7484
  379.3200	              913
  379.3400	             4731
  379.3600	             8779
  379.3800	             8184
  379.4000	             9162
  379.4200	             6412
  379.4400	             2674
  379.4600	             6307
  379.4800	             9978
  379.5000	             8476
  379.5200	             6374
  379.5400	             5454
  379.5600	             5578
  379.5800	            10729
  379.6000	            10239
  379.6200	             5837
  379.6400	             5717
  379.6600	             7413
  379.6800	            11136
  379.7000	            10452
  379.7200	             4734
  379.7400	             4649
  379.7600	             9364
  379.7800	            12796
  379.8000	             7197
  379.8200	             4327
  379.8400	             7757
  379.8600	            12437
  379.8800	            10593
  379.9000	             4959
  379.9200	             7485
  379.9400	            11544
  379.9600	            10231
  379.9800	             6840
  380.0000	             9655
  380.0200	            10671
  380.0400	             8435
  380.0600	             8902
  380.0800	            10021
  380.1000	             9956
  380.1200	             8691
  380.1400	            10734
  380.1600	            10285
  380.1800	             8570
  380.2000	            10105
  380.2200	             9704
  380.2400	            11794
  380.2600	            12683
  380.2800	            15282
  380.3000	            15588
  380.3200	            15329
  380.3400	            17844
  380.3600	            18114
  380.3800	            24990
  380.4000	            33029
  380.4200	            39591
  380.4400	            31633
  380.4600	            29005
  380.4800	            22851
  380.5000	            16827
  380.5200	             8218
  380.5400	              467
  380.5600	             -172
  380.5800	             -386
  380.6000	             -428
  380.6200	             -523
  380.6400	             -642
  380.6600	             -658
  380.6800	             -790
  380.7000	             -806
  380.7200	             -748
  380.7400	             -657
  380.7600	             -758
  380.7800	             -870
  380.8000	             -836
  380.8200	             -882
  380.8400	             -820
  380.8600	             -745
  380.8800	             -823
  380.9000	             -980
  380.9200	             -982
  380.9400	             -817
  380.9600	             -809
  380.9800	             -846
  381.0000	             -890
  381.0200	             -909
  381.0400	            -1022
  381.0600	            -1044
  381.0800	             -944
  381.1000	             -970
  381.1200	             -971
  381.1400	             -919
  381.1600	             -830
  381.1800	             -919
  381.2000	             -870
  381.2200	             -976
  381.2400	            -1016
  381.2600	            -1062
  381.2800	             -995
  381.3000	             -882
  381.3200	             -910
  381.3400	            -1003
  381.3600	            -1061
  381.3800	            -1047
  381.4000	            -1004
  381.4200	            -1067
  381.4400	            -1033
  381.4600	             -975
  381.4800	             -961
  381.5000	            -1050
  381.5200	            -1044
  381.5400	            -1020
  381.5600	             -979
  381.5800	            -1001
  381.6000	            -1038
  381.6200	            -1039
  381.6400	             -982
  381.6600	             -981
  381.6800	            -1056
  381.7000	            -1038
  381.7200	            -1099
  381.7400	            -1092
  381.7600	            -1077
  381.7800	            -1072
  381.8000	            -1025
  381.8200	             -976
  381.8400	             -998
  381.8600	            -1012
  381.8800	            -1006
  381.9000	             -987
  381.9200	            -1038
  381.9400	            -1059
  381.9600	            -1048
  381.9800	            -1081
  382.0000	            -1093
