  370.0000	             1285
  370.0200	             1135
  370.0400	              -78
  370.0600	              569
  370.0800	              988
  370.1000	             1322
  370.1200	             1009
  370.1400	             -233
  370.1600	             -320
  370.1800	              578
  370.2000	             1923
  370.2200	             1516
  370.2400	              527
  370.2600	              519
  370.2800	             1165
  370.3000	             1103
  370.3200	             -223
  370.3400	             -473
  370.3600	               23
  370.3800	             1221
  370.4000	             1144
  370.4200	              935
  370.4400	             1930
  370.4600	             2575
  370.4800	             1918
  370.5000	             1482
  370.5200	             1055
  370.5400	              662
  370.5600	              786
  370.5800	              189
  370.6000	             -436
  370.6200	             -349
  370.6400	               47
  370.6600	              -94
  370.6800	              776
  370.7000	             1421
  370.7200	             1484
  370.7400	             1955
  370.7600	             2687
  370.7800	             2110
  370.8000	             1057
  370.8200	             1355
  370.8400	              981
  370.8600	             1377
  370.8800	             2071
  370.9000	             2165
  370.9200	             3465
  370.9400	             4779
  370.9600	             6506
  370.9800	             5639
  371.0000	             3998
  371.0200	             4043
  371.0400	             2502
  371.0600	             1943
  371.0800	             2093
  371.1000	             1088
  371.1200	              554
  371.1400	              577
  371.1600	              326
  371.1800	              113
  371.2000	              104
  371.2200	                1
  371.2400	             -393
  371.2600	             -799
  371.2800	             -970
  371.3000	             -970
  371.3200	             -989
  371.3400	             -985
  371.3600	             -375
  371.3800	              168
  371.4000	              497
  371.4200	             1449
  371.4400	             2032
  371.4600	             1227
  371.4800	             -197
  371.5000	             -848
  371.5200	             -963
  371.5400	             -997
  371.5600	             -952
  371.5800	             -137
  371.6000	              131
  371.6200	              162
  371.6400	              292
  371.6600	              568
  371.6800	              121
  371.7000	             -700
  371.7200	             -842
  371.7400	              100
  371.7600	              834
  371.7800	              824
  371.8000	             1015
  371.8200	              800
  371.8400	              989
  371.8600	             1052
  371.8800	              843
  371.9000	             -169
  371.9200	             -635
  371.9400	             -957
  371.9600	             -976
  371.9800	             -826
  372.0000	              111
  372.0200	              317
  372.0400	              529
  372.0600	             1649
  372.0800	             2706
  372.1000	             1884
  372.1200	              285
  372.1400	             -817
  372.1600	             -929
  372.1800	             -792
  372.2000	              233
  372.2200	              339
  372.2400	              485
  372.2600	              815
  372.2800	             1181
  372.3000	              883
  372.3200	             -517
  372.3400	             -903
  372.3600	             -574
  372.3800	             1245
  372.4000	             2413
  372.4200	             1716
  372.4400	             1371
  372.4600	              985
  372.4800	             1262
  372.5000	              578
  372.5200	             -521
  372.5400	             -910
  372.5600	             -829
  372.5800	              335
  372.6000	              332
  372.6200	              392
  372.6400	              968
  372.6600	             1403
  372.6800	             2526
  372.7000	             2068
  372.7200	             1120
  372.7400	              275
  372.7600	              358
  372.7800	              512
  372.8000	              291
  372.8200	              649
  372.8400	             1004
  372.8600	             1445
  372.8800	              123
  372.9000	             -649
  372.9200	             -477
  372.9400	             1715
  372.9600	             1310
  372.9800	             1659
  373.0000	             3910
  373.0200	             3858
  373.0400	             3310
  373.0600	              889
  373.0800	             -519
  373.1000	              167
  373.1200	              541
  373.1400	             -121
  373.1600	             1078
  373.1800	             1255
  373.2000	             1459
  373.2200	             1518
  373.2400	             -197
  373.2600	              167
  373.2800	             2350
  373.3000	             2226
  373.3200	             3113
  373.3400	             3231
  373.3600	             1814
  373.3800	             2115
  373.4000	              799
  373.4200	              615
  373.4400	              983
  373.4600	             -296
  373.4800	             1095
  373.5000	             1790
  373.5200	             1297
  373.5400	             2085
  373.5600	             1744
  373.5800	             3594
  373.6000	             3594
  373.6200	             2441
  373.6400	             2499
  373.6600	             1587
  373.6800	             1824
  373.7000	             2350
  373.7200	             2208
  373.7400	             1170
  373.7600	             -422
  373.7800	             1370
  373.8000	             2965
  373.8200	             1621
  373.8400	             2690
  373.8600	             4876
  373.8800	             3958
  373.9000	             2299
  373.9200	             2694
  373.9400	             2783
  373.9600	             1448
  373.9800	             2911
  374.0000	             4265
  374.0200	             1006
  374.0400	             -473
  374.0600	             1760
  374.0800	             2632
  374.1000	             1029
  374.1200	             4552
  374.1400	             6293
  374.1600	             3062
  374.1800	             3595
  374.2000	             4839
  374.2200	             2733
  374.2400	             3144
  374.2600	             4533
  374.2800	             1204
  374.3000	              100
  374.3200	             2513
  374.3400	             2898
  374.3600	             3146
  374.3800	             4067
  374.4000	             3104
  374.4200	             3421
  374.4400	             5949
  374.4600	             7252
  374.4800	             4988
  374.5000	             2716
  374.5200	             1991
  374.5400	             2025
  374.5600	             4638
  374.5800	             3517
  374.6000	             1649
  374.6200	             2388
  374.6400	             3179
  374.6600	             5774
  374.6800	             6124
  374.7000	             4668
  374.7200	             5778
  374.7400	             7072
  374.7600	             6581
  374.7800	             2648
  374.8000	             1023
  374.8200	             3105
  374.8400	             6020
  374.8600	             4730
  374.8800	             1677
  374.9000	             2345
  374.9200	             5793
  374.9400	             6813
  374.9600	             5611
  374.9800	             6497
  375.0000	             7656
  375.0200	             5371
  375.0400	             3885
  375.0600	             4221
  375.0800	             4290
  375.1000	             3998
  375.1200	             4295
  375.1400	             4166
  375.1600	             4615
  375.1800	             4691
  375.2000	             6798
  375.2200	             7842
  375.2400	             8660
  375.2600	             7413
  375.2800	             5890
  375.3000	             6303
  375.3200	             5600
  375.3400	             8236
  375.3600	             7072
  375.3800	             8121
  375.4000	             9312
  375.4200	            11970
  375.4400	            18776
  375.4600	            21710
  375.4800	            16874
  375.5000	            17721
  375.5200	            13871
  375.5400	             8880
  375.5600	             5814
  375.5800	              714
  375.6000	             -427
  375.6200	             -578
  375.6400	             -712
  375.6600	             -633
  375.6800	              964
  375.7000	             2385
  375.7200	             2789
  375.7400	             3634
  375.7600	             2687
  375.7800	              227
  375.8000	             -761
  375.8200	             -839
  375.8400	             -803
  375.8600	             -841
  375.8800	             -912
  375.9000	             -673
  375.9200	              961
  375.9400	             2123
  375.9600	             2527
  375.9800	             3250
  376.0000	             2685
  376.0200	              114
  376.0400	             -835
  376.0600	             -854
  376.0800	             -915
  376.1000	             -952
  376.1200	             -947
  376.1400	             -186
  376.1600	             1665
  376.1800	             2770
  376.2000	             3419
  376.2200	             3851
  376.2400	             2502
  376.2600	             -239
  376.2800	             -904
  376.3000	             -878
  376.3200	             -939
  376.3400	             -912
  376.3600	             -575
  376.3800	             1441
  376.4000	             2273
  376.4200	             2694
  376.4400	             3681
  376.4600	             3242
  376.4800	              698
  376.5000	             -803
  376.5200	             -615
  376.5400	             -551
  376.5600	             -844
  376.5800	             -594
  376.6000	             1964
  376.6200	             3042
  376.6400	             3210
  376.6600	             4381
  376.6800	             4030
  376.7000	             1389
  376.7200	             -771
  376.7400	             -831
  376.7600	             -915
  376.7800	             -831
  376.8000	              236
  376.8200	             1955
  376.8400	             2398
  376.8600	             3321
  376.8800	             3963
  376.9000	             3730
  376.9200	              624
  376.9400	             -811
  376.9600	             -840
  376.9800	             -915
  377.0000	             -617
  377.0200	             1824
  377.0400	             2555
  377.0600	             3216
  377.0800	             4540
  377.1000	             4594
  377.1200	             2778
  377.1400	             -272
  377.1600	             -826
  377.1800	             -885
  377.2000	             -617
  377.2200	             1983
  377.2400	             2202
  377.2600	             2687
  377.2800	             4091
  377.3000	             4255
  377.3200	             3453
  377.3400	               49
  377.3600	             -836
  377.3800	             -842
  377.4000	             -390
  377.4200	             2361
  377.4400	             2347
  377.4600	             3194
  377.4800	             4752
  377.5000	             5045
  377.5200	             3811
  377.5400	              123
  377.5600	             -765
  377.5800	             -681
  377.6000	             1363
  377.6200	             2592
  377.6400	             2190
  377.6600	             4208
  377.6800	             4409
  377.7000	             4870
  377.7200	             2161
  377.7400	             -556
  377.7600	             -772
  377.7800	             1272
  377.8000	             3008
  377.8200	             1843
  377.8400	             4241
  377.8600	             5187
  377.8800	             5563
  377.9000	             3926
  377.9200	             -155
  377.9400	             -633
  377.9600	             1760
  377.9800	             2919
  378.0000	             1443
  378.0200	             4336
  378.0400	             4795
  378.0600	             5319
  378.0800	             4287
  378.1000	              306
  378.1200	              -28
  378.1400	             3167
  378.1600	             2635
  378.1800	             2730
  378.2000	             5719
  378.2200	             4957
  378.2400	             5964
  378.2600	             3104
  378.2800	              -64
  378.3000	             2953
  378.3200	             2832
  378.3400	             1413
  378.3600	             4968
  378.3800	             4897
  378.4000	             5644
  378.4200	             4605
  378.4400	              675
  378.4600	             3372
  378.4800	             2895
  378.5000	              942
  378.5200	             5594
  378.5400	             5882
  378.5600	             5932
  378.5800	             5584
  378.6000	             2811
  378.6200	             3946
  378.6400	             1339
  378.6600	             2861
  378.6800	             6515
  378.7000	             4279
  378.7200	             6083
  378.7400	             5948
  378.7600	             4371
  378.7800	             2805
  378.8000	              512
  378.8200	             6084
  378.8400	             6894
  378.8600	             5207
  378.8800	             7998
  378.9000	             6607
  378.9200	             2358
  378.9400	              565
  378.9600	             6047
  378.9800	             6973
  379.0000	             4156
  379.0200	             9352
  379.0400	             7890
  379.0600	             1088
  379.0800	             1796
  379.1000	             7165
  379.1200	             6686
  379.1400	             7194
  379.1600	            11076
  379.1800	             4142
  379.2000	              324
  379.2200	             5726
  379.2400	             8010
  379.2600	             5577
  379.2800	            10256
  379.3000	             7453
  379.3200	              884
  379.3400	             4876
  379.3600	             8785
  379.3800	             8366
  379.4000	             9260
  379.4200	             6456
  379.4400	             2756
  379.4600	             6430
  379.4800	            10057
  379.5000	             8689
  379.5200	             6484
  379.5400	             5468
  379.5600	             5668
  379.5800	            10876
  379.6000	            10224
  379.6200	             5679
  379.6400	             5799
  379.6600	             7411
  379.6800	            11284
  379.7000	            10297
  379.7200	             4745
  379.7400	             4743
  379.7600	             9429
  379.7800	            12834
  379.8000	             7171
  379.8200	             4316
  379.8400	             8012
  379.8600	            12672
  379.8800	            10410
  379.9000	             4992
  379.9200	             7680
  379.9400	            11599
  379.9600	            10236
  379.9800	             6954
  380.0000	             9716
  380.0200	            10442
  380.0400	             8502
  380.0600	             8924
  380.0800	            10065
  380.1000	            10039
  380.1200	             8747
  380.1400	            10766
  380.1600	            10598
  380.1800	             8556
  380.2000	            10062
  380.2200	             9733
  380.2400	            11801
  380.2600	            12652
  380.2800	            15415
  380.3000	            15435
  380.3200	            15394
  380.3400	            17689
  380.3600	            18179
  380.3800	            25038
  380.4000	            33286
  380.4200	            39513
  380.4400	            31311
  380.4600	            29321
  380.4800	            22820
  380.5000	            16742
  380.5200	             8045
  380.5400	              435
  380.5600	             -196
  380.5800	             -420
  380.6000	             -521
  380.6200	             -574
  380.6400	             -585
  380.6600	             -700
  380.6800	             -761
  380.7000	             -829
  380.7200	             -739
  380.7400	             -662
  380.7600	             -782
  380.7800	             -763
  380.8000	             -902
  380.8200	             -939
  380.8400	             -817
  380.8600	             -772
  380.8800	             -845
  380.9000	             -976
  380.9200	             -992
  380.9400	             -797
  380.9600	             -835
  380.9800	             -938
  381.0000	             -868
  381.0200	             -923
  381.0400	            -1007
  381.0600	            -1048
  381.0800	             -963
  381.1000	             -993
  381.1200	             -969
  381.1400	             -908
  381.1600	             -910
  381.1800	             -895
  381.2000	             -972
  381.2200	             -979
  381.2400	            -1095
  381.2600	            -1043
  381.2800	            -1032
  381.3000	             -838
  381.3200	             -862
  381.3400	            -1088
  381.3600	            -1090
  381.3800	            -1027
  381.4000	            -1050
  381.4200	            -1064
  381.4400	            -1077
  381.4600	             -976
  381.4800	            -1008
  381.5000	            -1070
  381.5200	            -1083
  381.5400	            -1080
  381.5600	             -975
  381.5800	             -977
  381.6000	             -997
  381.6200	            -1043
  381.6400	            -1004
  381.6600	             -978
  381.6800	            -1044
  381.7000	            -1045
  381.7200	            -1092
  381.7400	            -1060
  381.7600	            -1090
  381.7800	            -1071
  381.8000	            -1040
  381.8200	            -1031
  381.8400	            -1001
  381.8600	            -1034
  381.8800	            -1031
  381.9000	             -972
  381.9200	            -1018
  381.9400	            -1080
  381.9600	            -1108
  381.9800	            -1097
  382.0000	            -1095
