  370.0000	             1862
  370.0200	             2401
  370.0400	              942
  370.0600	              669
  370.0800	             1590
  370.1000	             2050
  370.1200	             2235
  370.1400	              711
  370.1600	             -102
  370.1800	              782
  370.2000	             2963
  370.2200	             3076
  370.2400	             1298
  370.2600	              938
  370.2800	             1763
  370.3000	             2584
  370.3200	              961
  370.3400	             -144
  370.3600	              296
  370.3800	             1858
  370.4000	             2416
  370.4200	             1402
  370.4400	             2293
  370.4600	             3285
  370.4800	             3489
  370.5000	             2700
  370.5200	             1961
  370.5400	             1502
  370.5600	             1683
  370.5800	             1358
  370.6000	              357
  370.6200	               24
  370.6400	              628
  370.6600	              650
  370.6800	             1331
  370.7000	             2143
  370.7200	             2568
  370.7400	             2852
  370.7600	             3299
  370.7800	             3695
  370.8000	             2140
  370.8200	             2416
  370.8400	             2539
  370.8600	             2313
  370.8800	             3726
  370.9000	             3451
  370.9200	             5319
  370.9400	             6876
  370.9600	             9664
  370.9800	             9811
  371.0000	             6877
  371.0200	             7043
  371.0400	             5700
  371.0600	             3326
  371.0800	             3883
  371.1000	             2437
  371.1200	              801
  371.1400	              807
  371.1600	              746
  371.1800	              640
  371.2000	              499
  371.2200	              362
  371.2400	              205
  371.2600	             -516
  371.2800	             -759
  371.3000	             -854
  371.3200	             -781
  371.3400	             -842
  371.3600	             -528
  371.3800	              383
  371.4000	              757
  371.4200	             1346
  371.4400	             2421
  371.4600	             2056
  371.4800	              328
  371.5000	             -458
  371.5200	             -824
  371.5400	             -866
  371.5600	             -839
  371.5800	             -229
  371.6000	              484
  371.6200	              574
  371.6400	              641
  371.6600	             1005
  371.6800	              861
  371.7000	             -298
  371.7200	             -627
  371.7400	             -161
  371.7600	              844
  371.7800	              858
  371.8000	             1422
  371.8200	             1132
  371.8400	             1325
  371.8600	             1529
  371.8800	             1398
  371.9000	              650
  371.9200	             -395
  371.9400	             -775
  371.9600	             -836
  371.9800	             -836
  372.0000	              161
  372.0200	              710
  372.0400	              788
  372.0600	             1716
  372.0800	             3093
  372.1000	             2901
  372.1200	              846
  372.1400	             -330
  372.1600	             -839
  372.1800	             -825
  372.2000	              262
  372.2200	              759
  372.2400	              766
  372.2600	             1230
  372.2800	             1617
  372.3000	             1667
  372.3200	                0
  372.3400	             -646
  372.3600	             -726
  372.3800	              545
  372.4000	             2734
  372.4200	             2550
  372.4400	             1904
  372.4600	             1508
  372.4800	             1849
  372.5000	             1650
  372.5200	              -15
  372.5400	             -651
  372.5600	             -778
  372.5800	              456
  372.6000	             1061
  372.6200	              727
  372.6400	             1384
  372.6600	             1658
  372.6800	             2814
  372.7000	             2888
  372.7200	             1603
  372.7400	              599
  372.7600	              618
  372.7800	             1114
  372.8000	              772
  372.8200	             1132
  372.8400	             1203
  372.8600	             2157
  372.8800	             1229
  372.9000	             -257
  372.9200	             -641
  372.9400	             1646
  372.9600	             2410
  372.9800	             1450
  373.0000	             4058
  373.0200	             4253
  373.0400	             4246
  373.0600	             2651
  373.0800	             -117
  373.1000	              152
  373.1200	             1296
  373.1400	              569
  373.1600	             1432
  373.1800	             2186
  373.2000	             1873
  373.2200	             2669
  373.2400	              841
  373.2600	              -70
  373.2800	             2814
  373.3000	             3233
  373.3200	             3042
  373.3400	             4300
  373.3600	             2831
  373.3800	             3096
  373.4000	             2257
  373.4200	              841
  373.4400	             2015
  373.4600	              874
  373.4800	             1007
  373.5000	             2871
  373.5200	             1879
  373.5400	             2978
  373.5600	             2699
  373.5800	             3611
  373.6000	             4892
  373.6200	             3215
  373.6400	             2981
  373.6600	             2562
  373.6800	             2315
  373.7000	             3593
  373.7200	             3698
  373.7400	             2772
  373.7600	              708
  373.7800	              888
  373.8000	             3898
  373.8200	             3298
  373.8400	             3037
  373.8600	             5781
  373.8800	             6012
  373.9000	             3451
  373.9200	             2519
  373.9400	             4295
  373.9600	             3406
  373.9800	             2859
  374.0000	             6483
  374.0200	             3857
  374.0400	              107
  374.0600	             1667
  374.0800	             3964
  374.1000	             2430
  374.1200	             4406
  374.1400	             8452
  374.1600	             5406
  374.1800	             3002
  374.2000	             6008
  374.2200	             5406
  374.2400	             3599
  374.2600	             7216
  374.2800	             4344
  374.3000	              295
  374.3200	             3218
  374.3400	             4852
  374.3600	             4555
  374.3800	             6368
  374.4000	             4953
  374.4200	             3164
  374.4400	             6702
  374.4600	             9531
  374.4800	             7603
  374.5000	             4742
  374.5200	             3952
  374.5400	             2946
  374.5600	             6014
  374.5800	             6648
  374.6000	             3831
  374.6200	             3423
  374.6400	             4504
  374.6600	             7321
  374.6800	             9615
  374.7000	             6060
  374.7200	             5869
  374.7400	             8308
  374.7600	            10779
  374.7800	             6752
  374.8000	             1897
  374.8200	             2915
  374.8400	             8589
  374.8600	             9239
  374.8800	             3999
  374.9000	             2809
  374.9200	             6838
  374.9400	            10073
  374.9600	             8543
  374.9800	             6892
  375.0000	             9932
  375.0200	             9334
  375.0400	             6441
  375.0600	             6049
  375.0800	             6925
  375.1000	             6504
  375.1200	             6688
  375.1400	             6837
  375.1600	             7210
  375.1800	             6189
  375.2000	             8278
  375.2200	            10664
  375.2400	            11028
  375.2600	            10177
  375.2800	             8303
  375.3000	            10229
  375.3200	             8780
  375.3400	            11903
  375.3600	            12336
  375.3800	            11629
  375.4000	            14787
  375.4200	            17098
  375.4400	            24602
  375.4600	            32661
  375.4800	            27640
  375.5000	            24923
  375.5200	            23915
  375.5400	            15258
  375.5600	            11647
  375.5800	             4437
  375.6000	               83
  375.6200	             -192
  375.6400	             -403
  375.6600	             -465
  375.6800	              501
  375.7000	             1985
  375.7200	             2895
  375.7400	             3502
  375.7600	             3122
  375.7800	             1227
  375.8000	             -420
  375.8200	             -613
  375.8400	             -616
  375.8600	             -641
  375.8800	             -721
  375.9000	             -683
  375.9200	              598
  375.9400	             1897
  375.9600	             2481
  375.9800	             3331
  376.0000	             3041
  376.0200	              997
  376.0400	             -583
  376.0600	             -726
  376.0800	             -752
  376.1000	             -757
  376.1200	             -835
  376.1400	             -586
  376.1600	             1458
  376.1800	             2771
  376.2000	             3054
  376.2200	             4138
  376.2400	             3253
  376.2600	              424
  376.2800	             -689
  376.3000	             -772
  376.3200	             -814
  376.3400	             -814
  376.3600	             -734
  376.3800	             1199
  376.4000	             2183
  376.4200	             2722
  376.4400	             3663
  376.4600	             3507
  376.4800	             1799
  376.5000	             -467
  376.5200	             -702
  376.5400	             -429
  376.5600	             -526
  376.5800	             -736
  376.6000	             1443
  376.6200	             2937
  376.6400	             3386
  376.6600	             4267
  376.6800	             4189
  376.7000	             2562
  376.7200	             -306
  376.7400	             -757
  376.7600	             -773
  376.7800	             -793
  376.8000	             -391
  376.8200	             2046
  376.8400	             2700
  376.8600	             3222
  376.8800	             4171
  376.9000	             4050
  376.9200	             1834
  376.9400	             -471
  376.9600	             -694
  376.9800	             -778
  377.0000	             -705
  377.0200	             1422
  377.0400	             2827
  377.0600	             3357
  377.0800	             4401
  377.1000	             4739
  377.1200	             4172
  377.1400	              596
  377.1600	             -710
  377.1800	             -718
  377.2000	             -640
  377.2200	             1609
  377.2400	             2927
  377.2600	             2756
  377.2800	             4272
  377.3000	             4608
  377.3200	             4536
  377.3400	             1177
  377.3600	             -538
  377.3800	             -697
  377.4000	             -566
  377.4200	             2054
  377.4400	             3248
  377.4600	             3214
  377.4800	             4999
  377.5000	             5329
  377.5200	             5160
  377.5400	             1208
  377.5600	             -564
  377.5800	             -631
  377.6000	              562
  377.6200	             3447
  377.6400	             2458
  377.6600	             4323
  377.6800	             5092
  377.7000	             5517
  377.7200	             3943
  377.7400	              169
  377.7600	             -636
  377.7800	              456
  377.8000	             3627
  377.8200	             3224
  377.8400	             4118
  377.8600	             5986
  377.8800	             5686
  377.9000	             5714
  377.9200	             1044
  377.9400	             -413
  377.9600	             1123
  377.9800	             4215
  378.0000	             2316
  378.0200	             4377
  378.0400	             5968
  378.0600	             5682
  378.0800	             5970
  378.1000	             1607
  378.1200	             -159
  378.1400	             3561
  378.1600	             4578
  378.1800	             2175
  378.2000	             6146
  378.2200	             6144
  378.2400	             6746
  378.2600	             5575
  378.2800	              327
  378.3000	             2695
  378.3200	             4990
  378.3400	             1479
  378.3600	             5197
  378.3800	             6910
  378.4000	             5450
  378.4200	             6638
  378.4400	             2600
  378.4600	             3675
  378.4800	             5131
  378.5000	             1481
  378.5200	             5805
  378.5400	             8013
  378.5600	             5828
  378.5800	             7521
  378.6000	             4251
  378.6200	             5556
  378.6400	             4295
  378.6600	             1620
  378.6800	             7193
  378.7000	             6909
  378.7200	             6132
  378.7400	             7667
  378.7600	             6839
  378.7800	             5916
  378.8000	              861
  378.8200	             6224
  378.8400	             9352
  378.8600	             5280
  378.8800	             8760
  378.9000	            11086
  378.9200	             5945
  378.9400	              651
  378.9600	             6385
  378.9800	             9489
  379.0000	             4791
  379.0200	             9982
  379.0400	            13347
  379.0600	             4998
  379.0800	              656
  379.1000	             7919
  379.1200	            10328
  379.1400	             5864
  379.1600	            14236
  379.1800	            11215
  379.2000	             1147
  379.2200	             5243
  379.2400	            10300
  379.2600	             7357
  379.2800	            12096
  379.3000	            13763
  379.3200	             3224
  379.3400	             3502
  379.3600	            10359
  379.3800	            11177
  379.4000	            11964
  379.4200	            11104
  379.4400	             5170
  379.4600	             6597
  379.4800	            12047
  379.5000	            12700
  379.5200	             9947
  379.5400	             8408
  379.5600	             7131
  379.5800	            11274
  379.6000	            16217
  379.6200	            10417
  379.6400	             6459
  379.6600	             9176
  379.6800	            13393
  379.7000	            16621
  379.7200	             8702
  379.7400	             5185
  379.7600	            10439
  379.7800	            17795
  379.8000	            13654
  379.8200	             6549
  379.8400	             6933
  379.8600	            16283
  379.8800	            17811
  379.9000	             8458
  379.9200	             7949
  379.9400	            14941
  379.9600	            15782
  379.9800	            11158
  380.0000	            11678
  380.0200	            15009
  380.0400	            12891
  380.0600	            12610
  380.0800	            13776
  380.1000	            14279
  380.1200	            12406
  380.1400	            14943
  380.1600	            14549
  380.1800	            13251
  380.2000	            14078
  380.2200	            14005
  380.2400	            15701
  380.2600	            17427
  380.2800	            18772
  380.3000	            24123
  380.3200	            20564
  380.3400	            23814
  380.3600	            26451
  380.3800	            33324
  380.4000	            43014
  380.4200	            58679
  380.4400	            51867
  380.4600	            42552
  380.4800	            37871
  380.5000	            27497
  380.5200	            18555
  380.5400	             3380
  380.5600	              631
  380.5800	              200
  380.6000	             -129
  380.6200	             -185
  380.6400	             -213
  380.6600	             -302
  380.6800	             -505
  380.7000	             -559
  380.7200	             -525
  380.7400	             -391
  380.7600	             -437
  380.7800	             -480
  380.8000	             -660
  380.8200	             -700
  380.8400	             -651
  380.8600	             -566
  380.8800	             -569
  380.9000	             -727
  380.9200	             -816
  380.9400	             -766
  380.9600	             -617
  380.9800	             -737
  381.0000	             -696
  381.0200	             -761
  381.0400	             -802
  381.0600	             -875
  381.0800	             -811
  381.1000	             -754
  381.1200	             -859
  381.1400	             -767
  381.1600	             -699
  381.1800	             -770
  381.2000	             -795
  381.2200	             -816
  381.2400	             -916
  381.2600	             -977
  381.2800	             -855
  381.3000	             -768
  381.3200	             -714
  381.3400	             -821
  381.3600	             -956
  381.3800	             -990
  381.4000	             -866
  381.4200	             -943
  381.4400	             -944
  381.4600	             -841
  381.4800	             -841
  381.5000	             -896
  381.5200	             -932
  381.5400	             -956
  381.5600	             -899
  381.5800	             -913
  381.6000	             -791
  381.6200	             -902
  381.6400	             -879
  381.6600	             -775
  381.6800	             -884
  381.7000	             -970
  381.7200	             -987
  381.7400	             -957
  381.7600	             -972
  381.7800	             -983
  381.8000	             -843
  381.8200	             -839
  381.8400	             -843
  381.8600	             -791
  381.8800	             -912
  381.9000	             -876
  381.9200	             -906
  381.9400	             -927
  381.9600	            -1000
  381.9800	            -1017
  382.0000	             -987
