  370.0000	             1722
  370.0200	             2305
  370.0400	              890
  370.0600	              549
  370.0800	             1482
  370.1000	             1898
  370.1200	             2197
  370.1400	              665
  370.1600	             -217
  370.1800	              711
  370.2000	             2864
  370.2200	             2934
  370.2400	             1284
  370.2600	              920
  370.2800	             1716
  370.3000	             2470
  370.3200	              858
  370.3400	             -166
  370.3600	              244
  370.3800	             1717
  370.4000	             2361
  370.4200	             1356
  370.4400	             2108
  370.4600	             3170
  370.4800	             3387
  370.5000	             2512
  370.5200	             1950
  370.5400	             1402
  370.5600	             1582
  370.5800	             1365
  370.6000	              351
  370.6200	              -30
  370.6400	              550
  370.6600	              504
  370.6800	             1212
  370.7000	             2042
  370.7200	             2466
  370.7400	             2713
  370.7600	             3108
  370.7800	             3593
  370.8000	             2133
  370.8200	             2194
  370.8400	             2384
  370.8600	             2163
  370.8800	             3481
  370.9000	             3276
  370.9200	             5008
  370.9400	             6530
  370.9600	             9183
  370.9800	             9550
  371.0000	             6723
  371.0200	             6881
  371.0400	             5612
  371.0600	             3202
  371.0800	             3692
  371.1000	             2308
  371.1200	              724
  371.1400	              723
  371.1600	              763
  371.1800	              571
  371.2000	              370
  371.2200	              353
  371.2400	               81
  371.2600	             -541
  371.2800	             -814
  371.3000	             -891
  371.3200	             -888
  371.3400	             -899
  371.3600	             -543
  371.3800	              375
  371.4000	              678
  371.4200	             1289
  371.4400	             2300
  371.4600	             2077
  371.4800	              296
  371.5000	             -447
  371.5200	             -818
  371.5400	             -857
  371.5600	             -844
  371.5800	             -301
  371.6000	              375
  371.6200	              545
  371.6400	              572
  371.6600	              976
  371.6800	              837
  371.7000	             -290
  371.7200	             -671
  371.7400	             -224
  371.7600	              704
  371.7800	              772
  371.8000	             1336
  371.8200	             1047
  371.8400	             1293
  371.8600	             1418
  371.8800	             1332
  371.9000	              670
  371.9200	             -381
  371.9400	             -828
  371.9600	             -841
  371.9800	             -833
  372.0000	              124
  372.0200	              698
  372.0400	              757
  372.0600	             1578
  372.0800	             3036
  372.1000	             2810
  372.1200	              812
  372.1400	             -330
  372.1600	             -857
  372.1800	             -889
  372.2000	              197
  372.2200	              793
  372.2400	              783
  372.2600	             1166
  372.2800	             1573
  372.3000	             1572
  372.3200	              -17
  372.3400	             -652
  372.3600	             -736
  372.3800	              404
  372.4000	             2722
  372.4200	             2463
  372.4400	             1871
  372.4600	             1459
  372.4800	             1764
  372.5000	             1546
  372.5200	             -106
  372.5400	             -678
  372.5600	             -774
  372.5800	              333
  372.6000	             1034
  372.6200	              612
  372.6400	             1342
  372.6600	             1475
  372.6800	             2689
  372.7000	             2858
  372.7200	             1568
  372.7400	              587
  372.7600	              629
  372.7800	             1122
  372.8000	              762
  372.8200	             1060
  372.8400	             1089
  372.8600	             2098
  372.8800	             1285
  372.9000	             -306
  372.9200	             -646
  372.9400	             1515
  372.9600	             2340
  372.9800	             1371
  373.0000	             3986
  373.0200	             4230
  373.0400	             4246
  373.0600	             2689
  373.0800	             -135
  373.1000	              140
  373.1200	             1272
  373.1400	              586
  373.1600	             1289
  373.1800	             2159
  373.2000	             1923
  373.2200	             2616
  373.2400	              865
  373.2600	             -154
  373.2800	             2672
  373.3000	             3362
  373.3200	             2899
  373.3400	             4174
  373.3600	             2781
  373.3800	             2945
  373.4000	             2266
  373.4200	              734
  373.4400	             1925
  373.4600	              826
  373.4800	              838
  373.5000	             2727
  373.5200	             1937
  373.5400	             2755
  373.5600	             2614
  373.5800	             3460
  373.6000	             4830
  373.6200	             3110
  373.6400	             2970
  373.6600	             2559
  373.6800	             2219
  373.7000	             3482
  373.7200	             3612
  373.7400	             2715
  373.7600	              740
  373.7800	              725
  373.8000	             3802
  373.8200	             3218
  373.8400	             2902
  373.8600	             5678
  373.8800	             5999
  373.9000	             3471
  373.9200	             2386
  373.9400	             4228
  373.9600	             3326
  373.9800	             2708
  374.0000	             6324
  374.0200	             3906
  374.0400	              108
  374.0600	             1485
  374.0800	             3893
  374.1000	             2442
  374.1200	             3981
  374.1400	             8336
  374.1600	             5364
  374.1800	             2898
  374.2000	             5954
  374.2200	             5294
  374.2400	             3488
  374.2600	             7134
  374.2800	             4501
  374.3000	              164
  374.3200	             3018
  374.3400	             4663
  374.3600	             4446
  374.3800	             6168
  374.4000	             4939
  374.4200	             2963
  374.4400	             6630
  374.4600	             9381
  374.4800	             7593
  374.5000	             4765
  374.5200	             3930
  374.5400	             2857
  374.5600	             5858
  374.5800	             6673
  374.6000	             3832
  374.6200	             3355
  374.6400	             4334
  374.6600	             7111
  374.6800	             9433
  374.7000	             6155
  374.7200	             5731
  374.7400	             8041
  374.7600	            10484
  374.7800	             6823
  374.8000	             1839
  374.8200	             2724
  374.8400	             8470
  374.8600	             9155
  374.8800	             3998
  374.9000	             2654
  374.9200	             6553
  374.9400	             9947
  374.9600	             8468
  374.9800	             6866
  375.0000	             9850
  375.0200	             9302
  375.0400	             6411
  375.0600	             5995
  375.0800	             6843
  375.1000	             6421
  375.1200	             6606
  375.1400	             6888
  375.1600	             7206
  375.1800	             6058
  375.2000	             8125
  375.2200	            10735
  375.2400	            10813
  375.2600	            10201
  375.2800	             8303
  375.3000	             9959
  375.3200	             8605
  375.3400	            11712
  375.3600	            12153
  375.3800	            11654
  375.4000	            14620
  375.4200	            16814
  375.4400	            23892
  375.4600	            32363
  375.4800	            27360
  375.5000	            24495
  375.5200	            23774
  375.5400	            15024
  375.5600	            11540
  375.5800	             4474
  375.6000	               71
  375.6200	             -227
  375.6400	             -417
  375.6600	             -540
  375.6800	              339
  375.7000	             1952
  375.7200	             2844
  375.7400	             3451
  375.7600	             3122
  375.7800	             1225
  375.8000	             -407
  375.8200	             -626
  375.8400	             -635
  375.8600	             -681
  375.8800	             -785
  375.9000	             -741
  375.9200	              522
  375.9400	             1853
  375.9600	             2510
  375.9800	             3257
  376.0000	             3006
  376.0200	              985
  376.0400	             -554
  376.0600	             -756
  376.0800	             -797
  376.1000	             -840
  376.1200	             -839
  376.1400	             -661
  376.1600	             1400
  376.1800	             2604
  376.2000	             2980
  376.2200	             3929
  376.2400	             3288
  376.2600	              411
  376.2800	             -724
  376.3000	             -806
  376.3200	             -823
  376.3400	             -885
  376.3600	             -703
  376.3800	             1158
  376.4000	             2179
  376.4200	             2693
  376.4400	             3633
  376.4600	             3483
  376.4800	             1808
  376.5000	             -526
  376.5200	             -757
  376.5400	             -488
  376.5600	             -603
  376.5800	             -783
  376.6000	             1314
  376.6200	             2802
  376.6400	             3401
  376.6600	             4216
  376.6800	             4118
  376.7000	             2598
  376.7200	             -345
  376.7400	             -796
  376.7600	             -818
  376.7800	             -822
  376.8000	             -412
  376.8200	             1951
  376.8400	             2622
  376.8600	             3194
  376.8800	             4138
  376.9000	             4056
  376.9200	             1832
  376.9400	             -474
  376.9600	             -782
  376.9800	             -800
  377.0000	             -777
  377.0200	             1312
  377.0400	             2787
  377.0600	             3349
  377.0800	             4343
  377.1000	             4748
  377.1200	             4138
  377.1400	              558
  377.1600	             -766
  377.1800	             -720
  377.2000	             -677
  377.2200	             1504
  377.2400	             2942
  377.2600	             2766
  377.2800	             4150
  377.3000	             4580
  377.3200	             4590
  377.3400	             1195
  377.3600	             -643
  377.3800	             -738
  377.4000	             -652
  377.4200	             2006
  377.4400	             3285
  377.4600	             3002
  377.4800	             4955
  377.5000	             5287
  377.5200	             5211
  377.5400	             1238
  377.5600	             -576
  377.5800	             -683
  377.6000	              549
  377.6200	             3413
  377.6400	             2454
  377.6600	             4250
  377.6800	             5135
  377.7000	             5429
  377.7200	             3984
  377.7400	              117
  377.7600	             -663
  377.7800	              375
  377.8000	             3603
  377.8200	             3221
  377.8400	             3952
  377.8600	             5996
  377.8800	             5795
  377.9000	             5646
  377.9200	             1089
  377.9400	             -483
  377.9600	              912
  377.9800	             4177
  378.0000	             2291
  378.0200	             4214
  378.0400	             5944
  378.0600	             5556
  378.0800	             5951
  378.1000	             1695
  378.1200	             -196
  378.1400	             3440
  378.1600	             4520
  378.1800	             2118
  378.2000	             6208
  378.2200	             6085
  378.2400	             6699
  378.2600	             5592
  378.2800	              283
  378.3000	             2546
  378.3200	             4802
  378.3400	             1408
  378.3600	             5140
  378.3800	             7109
  378.4000	             5237
  378.4200	             6669
  378.4400	             2717
  378.4600	             3515
  378.4800	             5200
  378.5000	             1458
  378.5200	             5660
  378.5400	             7968
  378.5600	             5729
  378.5800	             7461
  378.6000	             4159
  378.6200	             5487
  378.6400	             4254
  378.6600	             1392
  378.6800	             7237
  378.7000	             6926
  378.7200	             5938
  378.7400	             7534
  378.7600	             6899
  378.7800	             5741
  378.8000	              811
  378.8200	             6078
  378.8400	             9170
  378.8600	             5177
  378.8800	             8721
  378.9000	            11193
  378.9200	             5944
  378.9400	              641
  378.9600	             6211
  378.9800	             9376
  379.0000	             4799
  379.0200	             9773
  379.0400	            13127
  379.0600	             5073
  379.0800	              610
  379.1000	             7751
  379.1200	            10224
  379.1400	             5746
  379.1600	            14178
  379.1800	            11029
  379.2000	             1156
  379.2200	             5135
  379.2400	            10237
  379.2600	             7457
  379.2800	            12024
  379.3000	            13816
  379.3200	             3259
  379.3400	             3460
  379.3600	            10420
  379.3800	            11280
  379.4000	            11854
  379.4200	            11079
  379.4400	             5236
  379.4600	             6422
  379.4800	            11893
  379.5000	            12603
  379.5200	             9824
  379.5400	             8290
  379.5600	             7008
  379.5800	            11166
  379.6000	            16275
  379.6200	            10469
  379.6400	             6241
  379.6600	             9097
  379.6800	            13292
  379.7000	            16650
  379.7200	             8751
  379.7400	             5030
  379.7600	            10422
  379.7800	            17717
  379.8000	            13579
  379.8200	             6404
  379.8400	             6868
  379.8600	            16476
  379.8800	            17790
  379.9000	             8303
  379.9200	             7638
  379.9400	            14818
  379.9600	            15765
  379.9800	            10971
  380.0000	            11366
  380.0200	            14716
  380.0400	            12615
  380.0600	            12454
  380.0800	            13869
  380.1000	            14279
  380.1200	            12150
  380.1400	            14971
  380.1600	            14512
  380.1800	            13219
  380.2000	            13882
  380.2200	            13763
  380.2400	            15764
  380.2600	            17448
  380.2800	            18887
  380.3000	            24145
  380.3200	            20211
  380.3400	            23815
  380.3600	            26277
  380.3800	            32936
  380.4000	            42414
  380.4200	            57885
  380.4400	            51662
  380.4600	            42291
  380.4800	            37305
  380.5000	            27389
  380.5200	            18399
  380.5400	             3236
  380.5600	              556
  380.5800	              179
  380.6000	             -139
  380.6200	             -211
  380.6400	             -247
  380.6600	             -362
  380.6800	             -542
  380.7000	             -582
  380.7200	             -550
  380.7400	             -416
  380.7600	             -489
  380.7800	             -588
  380.8000	             -686
  380.8200	             -706
  380.8400	             -696
  380.8600	             -572
  380.8800	             -609
  380.9000	             -770
  380.9200	             -872
  380.9400	             -821
  380.9600	             -719
  380.9800	             -793
  381.0000	             -762
  381.0200	             -755
  381.0400	             -858
  381.0600	             -938
  381.0800	             -853
  381.1000	             -821
  381.1200	             -839
  381.1400	             -858
  381.1600	             -770
  381.1800	             -807
  381.2000	             -804
  381.2200	             -838
  381.2400	             -983
  381.2600	             -970
  381.2800	             -966
  381.3000	             -813
  381.3200	             -736
  381.3400	             -899
  381.3600	             -994
  381.3800	            -1027
  381.4000	             -962
  381.4200	             -937
  381.4400	            -1009
  381.4600	             -866
  381.4800	             -879
  381.5000	             -917
  381.5200	             -999
  381.5400	             -923
  381.5600	             -890
  381.5800	             -916
  381.6000	             -869
  381.6200	             -974
  381.6400	             -912
  381.6600	             -861
  381.6800	            -1004
  381.7000	            -1040
  381.7200	             -991
  381.7400	            -1046
  381.7600	            -1020
  381.7800	            -1016
  381.8000	             -936
  381.8200	             -875
  381.8400	             -908
  381.8600	             -869
  381.8800	             -972
  381.9000	             -859
  381.9200	             -901
  381.9400	            -1004
  381.9600	            -1020
  381.9800	            -1029
  382.0000	            -1043
