  370.0000	             3236
  370.0200	             3968
  370.0400	             2199
  370.0600	             1479
  370.0800	             2688
  370.1000	             3370
  370.1200	             3726
  370.1400	             1868
  370.1600	              399
  370.1800	             1525
  370.2000	             4845
  370.2200	             5080
  370.2400	             2766
  370.2600	             2103
  370.2800	             3153
  370.3000	             4158
  370.3200	             2068
  370.3400	              361
  370.3600	              908
  370.3800	             2925
  370.4000	             4114
  370.4200	             2802
  370.4400	             3724
  370.4600	             5290
  370.4800	             5726
  370.5000	             4696
  370.5200	             3461
  370.5400	             3020
  370.5600	             3051
  370.5800	             2544
  370.6000	             1143
  370.6200	              554
  370.6400	             1373
  370.6600	             1507
  370.6800	             2569
  370.7000	             3777
  370.7200	             4516
  370.7400	             4863
  370.7600	             5512
  370.7800	             6154
  370.8000	             3948
  370.8200	             3911
  370.8400	             4341
  370.8600	             3838
  370.8800	             5858
  370.9000	             5475
  370.9200	             7957
  370.9400	            10373
  370.9600	            14102
  370.9800	            14871
  371.0000	            10789
  371.0200	            10736
  371.0400	             8762
  371.0600	             5294
  371.0800	             5913
  371.1000	             4123
  371.1200	             1647
  371.1400	             1676
  371.1600	             1779
  371.1800	             1567
  371.2000	             1361
  371.2200	             1254
  371.2400	              958
  371.2600	             -212
  371.2800	             -588
  371.3000	             -721
  371.3200	             -709
  371.3400	             -777
  371.3600	             -308
  371.3800	             1084
  371.4000	             1725
  371.4200	             2458
  371.4400	             4195
  371.4600	             3696
  371.4800	             1213
  371.5000	             -118
  371.5200	             -665
  371.5400	             -750
  371.5600	             -824
  371.5800	              127
  371.6000	             1255
  371.6200	             1589
  371.6400	             1540
  371.6600	             2294
  371.6800	             1988
  371.7000	              161
  371.7200	             -433
  371.7400	              145
  371.7600	             1575
  371.7800	             1655
  371.8000	             2563
  371.8200	             2373
  371.8400	             2649
  371.8600	             2961
  371.8800	             2694
  371.9000	             1833
  371.9200	               33
  371.9400	             -613
  371.9600	             -728
  371.9800	             -774
  372.0000	              724
  372.0200	             1786
  372.0400	             1922
  372.0600	             3153
  372.0800	             5197
  372.1000	             4999
  372.1200	             1930
  372.1400	              163
  372.1600	             -693
  372.1800	             -720
  372.2000	              880
  372.2200	             1831
  372.2400	             1972
  372.2600	             2427
  372.2800	             3100
  372.3000	             3117
  372.3200	              661
  372.3400	             -377
  372.3600	             -635
  372.3800	             1193
  372.4000	             4488
  372.4200	             4338
  372.4400	             3470
  372.4600	             3016
  372.4800	             3401
  372.5000	             3175
  372.5200	              580
  372.5400	             -485
  372.5600	             -645
  372.5800	             1083
  372.6000	             2219
  372.6200	             1736
  372.6400	             2565
  372.6600	             3101
  372.6800	             4701
  372.7000	             4894
  372.7200	             2909
  372.7400	             1310
  372.7600	             1528
  372.7800	             2354
  372.8000	             1978
  372.8200	             2278
  372.8400	             2422
  372.8600	             3776
  372.8800	             2768
  372.9000	              213
  372.9200	             -433
  372.9400	             3041
  372.9600	             4367
  372.9800	             2934
  373.0000	             6322
  373.0200	             6925
  373.0400	             7037
  373.0600	             4824
  373.0800	              500
  373.1000	              651
  373.1200	             2513
  373.1400	             1619
  373.1600	             2664
  373.1800	             3981
  373.2000	             3670
  373.2200	             4603
  373.2400	             2007
  373.2600	              445
  373.2800	             4451
  373.3000	             5712
  373.3200	             5072
  373.3400	             6756
  373.3600	             5139
  373.3800	             5192
  373.4000	             4214
  373.4200	             1823
  373.4400	             3506
  373.4600	             2169
  373.4800	             1911
  373.5000	             4824
  373.5200	             3862
  373.5400	             4894
  373.5600	             4802
  373.5800	             5770
  373.6000	             7665
  373.6200	             5387
  373.6400	             4795
  373.6600	             4486
  373.6800	             4016
  373.7000	             5782
  373.7200	             6309
  373.7400	             4738
  373.7600	             1917
  373.7800	             1698
  373.8000	             6367
  373.8200	             5845
  373.8400	             5050
  373.8600	             9047
  373.8800	             9589
  373.9000	             5977
  373.9200	             4237
  373.9400	             6916
  373.9600	             5983
  373.9800	             4594
  374.0000	             9908
  374.0200	             6698
  374.0400	              842
  374.0600	             2904
  374.0800	             6453
  374.1000	             4668
  374.1200	             6896
  374.1400	            12680
  374.1600	             9011
  374.1800	             4749
  374.2000	             9199
  374.2200	             8852
  374.2400	             5939
  374.2600	            11078
  374.2800	             7479
  374.3000	             1023
  374.3200	             5163
  374.3400	             7739
  374.3600	             7223
  374.3800	             9842
  374.4000	             8278
  374.4200	             5297
  374.4400	            10267
  374.4600	            14400
  374.4800	            11823
  374.5000	             8008
  374.5200	             6398
  374.5400	             5109
  374.5600	             9104
  374.5800	            10538
  374.6000	             6718
  374.6200	             5522
  374.6400	             7137
  374.6600	            10931
  374.6800	            14484
  374.7000	             9979
  374.7200	             9054
  374.7400	            12498
  374.7600	            16304
  374.7800	            11087
  374.8000	             3610
  374.8200	             4692
  374.8400	            12967
  374.8600	            14204
  374.8800	             6885
  374.9000	             4707
  374.9200	            10187
  374.9400	            15055
  374.9600	            13494
  374.9800	            10894
  375.0000	            15020
  375.0200	            14692
  375.0400	            10170
  375.0600	             9432
  375.0800	            10593
  375.1000	            10207
  375.1200	            10090
  375.1400	            10962
  375.1600	            11174
  375.1800	             9401
  375.2000	            12415
  375.2200	            16328
  375.2400	            16711
  375.2600	            15735
  375.2800	            13098
  375.3000	            15301
  375.3200	            13723
  375.3400	            17424
  375.3600	            18820
  375.3800	            17465
  375.4000	            21930
  375.4200	            24782
  375.4400	            35009
  375.4600	            46768
  375.4800	            41084
  375.5000	            36147
  375.5200	            35263
  375.5400	            23122
  375.5600	            17176
  375.5800	             7824
  375.6000	              712
  375.6200	              253
  375.6400	              -30
  375.6600	             -194
  375.6800	             1135
  375.7000	             3332
  375.7200	             4752
  375.7400	             5583
  375.7600	             5103
  375.7800	             2469
  375.8000	             -127
  375.8200	             -413
  375.8400	             -421
  375.8600	             -457
  375.8800	             -595
  375.9000	             -526
  375.9200	             1346
  375.9400	             3344
  375.9600	             4261
  375.9800	             5528
  376.0000	             4913
  376.0200	             2206
  376.0400	             -289
  376.0600	             -583
  376.0800	             -602
  376.1000	             -661
  376.1200	             -696
  376.1400	             -442
  376.1600	             2587
  376.1800	             4471
  376.2000	             4816
  376.2200	             6464
  376.2400	             5332
  376.2600	             1249
  376.2800	             -465
  376.3000	             -662
  376.3200	             -659
  376.3400	             -719
  376.3600	             -598
  376.3800	             2227
  376.4000	             3831
  376.4200	             4674
  376.4400	             5920
  376.4600	             5864
  376.4800	             3502
  376.5000	             -183
  376.5200	             -514
  376.5400	             -130
  376.5600	             -263
  376.5800	             -618
  376.6000	             2470
  376.6200	             4843
  376.6400	             5731
  376.6600	             6754
  376.6800	             6667
  376.7000	             4659
  376.7200	              213
  376.7400	             -610
  376.7600	             -643
  376.7800	             -708
  376.8000	             -204
  376.8200	             3452
  376.8400	             4689
  376.8600	             5216
  376.8800	             6942
  376.9000	             6536
  376.9200	             3686
  376.9400	             -195
  376.9600	             -614
  376.9800	             -608
  377.0000	             -581
  377.0200	             2483
  377.0400	             4742
  377.0600	             5691
  377.0800	             7076
  377.1000	             7705
  377.1200	             6915
  377.1400	             1703
  377.1600	             -531
  377.1800	             -600
  377.2000	             -495
  377.2200	             2760
  377.2400	             4969
  377.2600	             4834
  377.2800	             6638
  377.3000	             7419
  377.3200	             7412
  377.3400	             2700
  377.3600	             -283
  377.3800	             -522
  377.4000	             -416
  377.4200	             3461
  377.4400	             5529
  377.4600	             5342
  377.4800	             7963
  377.5000	             8468
  377.5200	             8222
  377.5400	             2794
  377.5600	             -279
  377.5800	             -405
  377.6000	             1185
  377.6200	             5542
  377.6400	             4587
  377.6600	             6788
  377.6800	             8471
  377.7000	             8467
  377.7200	             6983
  377.7400	             1050
  377.7600	             -400
  377.7800	              887
  377.8000	             5854
  377.8200	             5770
  377.8400	             6438
  377.8600	             9661
  377.8800	             9152
  377.9000	             9337
  377.9200	             2782
  377.9400	             -124
  377.9600	             1702
  377.9800	             6599
  378.0000	             4542
  378.0200	             6680
  378.0400	            10016
  378.0600	             9011
  378.0800	             9610
  378.1000	             3808
  378.1200	              346
  378.1400	             5430
  378.1600	             7460
  378.1800	             3842
  378.2000	             9481
  378.2200	            10145
  378.2400	            10299
  378.2600	             9361
  378.2800	             1412
  378.3000	             4228
  378.3200	             8041
  378.3400	             3026
  378.3600	             7885
  378.3800	            11379
  378.4000	             8448
  378.4200	            10555
  378.4400	             5449
  378.4600	             5532
  378.4800	             8346
  378.5000	             3295
  378.5200	             8489
  378.5400	            12657
  378.5600	             9261
  378.5800	            11751
  378.6000	             7450
  378.6200	             8575
  378.6400	             7825
  378.6600	             2617
  378.6800	            10803
  378.7000	            11767
  378.7200	             9233
  378.7400	            11757
  378.7600	            11059
  378.7800	             9426
  378.8000	             2271
  378.8200	             9070
  378.8400	            14127
  378.8600	             8689
  378.8800	            13466
  378.9000	            17688
  378.9200	            10041
  378.9400	             1901
  378.9600	             9305
  378.9800	            14466
  379.0000	             8234
  379.0200	            14743
  379.0400	            20790
  379.0600	             9427
  379.0800	             1508
  379.1000	            11613
  379.1200	            15857
  379.1400	             9128
  379.1600	            20636
  379.1800	            18577
  379.2000	             3043
  379.2200	             7792
  379.2400	            15552
  379.2600	            12519
  379.2800	            17960
  379.3000	            21416
  379.3200	             6298
  379.3400	             5321
  379.3600	            15189
  379.3800	            17447
  379.4000	            17913
  379.4200	            17085
  379.4400	             8778
  379.4600	             9651
  379.4800	            17690
  379.5000	            19564
  379.5200	            15910
  379.5400	            12866
  379.5600	            11255
  379.5800	            16216
  379.6000	            24094
  379.6200	            16924
  379.6400	             9948
  379.6600	            13854
  379.6800	            19731
  379.7000	            25185
  379.7200	            14896
  379.7400	             8311
  379.7600	            15447
  379.7800	            25552
  379.8000	            21381
  379.8200	            10908
  379.8400	            10363
  379.8600	            23619
  379.8800	            26997
  379.9000	            13866
  379.9200	            11919
  379.9400	            22106
  379.9600	            24036
  379.9800	            17477
  380.0000	            17657
  380.0200	            22036
  380.0400	            20207
  380.0600	            18950
  380.0800	            20866
  380.1000	            22021
  380.1200	            18718
  380.1400	            22714
  380.1600	            22254
  380.1800	            20543
  380.2000	            21041
  380.2200	            21186
  380.2400	            23819
  380.2600	            26329
  380.2800	            28012
  380.3000	            35633
  380.3200	            31188
  380.3400	            34765
  380.3600	            40108
  380.3800	            47529
  380.4000	            61592
  380.4200	            83824
  380.4400	            77440
  380.4600	            61343
  380.4800	            56162
  380.5000	            41187
  380.5200	            28702
  380.5400	             6651
  380.5600	             1668
  380.5800	              950
  380.6000	              480
  380.6200	              326
  380.6400	              185
  380.6600	               20
  380.6800	             -187
  380.7000	             -332
  380.7200	             -186
  380.7400	              -85
  380.7600	             -202
  380.7800	             -311
  380.8000	             -469
  380.8200	             -541
  380.8400	             -503
  380.8600	             -312
  380.8800	             -320
  380.9000	             -575
  380.9200	             -776
  380.9400	             -611
  380.9600	             -524
  380.9800	             -558
  381.0000	             -575
  381.0200	             -572
  381.0400	             -691
  381.0600	             -782
  381.0800	             -731
  381.1000	             -732
  381.1200	             -794
  381.1400	             -724
  381.1600	             -613
  381.1800	             -576
  381.2000	             -664
  381.2200	             -728
  381.2400	             -834
  381.2600	             -951
  381.2800	             -902
  381.3000	             -649
  381.3200	             -545
  381.3400	             -771
  381.3600	             -907
  381.3800	             -957
  381.4000	             -913
  381.4200	             -871
  381.4400	             -955
  381.4600	             -828
  381.4800	             -716
  381.5000	             -770
  381.5200	             -920
  381.5400	             -900
  381.5600	             -869
  381.5800	             -768
  381.6000	             -766
  381.6200	             -902
  381.6400	             -805
  381.6600	             -636
  381.6800	             -790
  381.7000	             -977
  381.7200	             -959
  381.7400	             -930
  381.7600	             -976
  381.7800	             -957
  381.8000	             -884
  381.8200	             -797
  381.8400	             -736
  381.8600	             -757
  381.8800	             -870
  381.9000	             -816
  381.9200	             -794
  381.9400	             -975
  381.9600	             -970
  381.9800	             -988
  382.0000	             -980
