  370.0000	             2229
  370.0200	             2965
  370.0400	             3186
  370.0600	              966
  370.0800	             1629
  370.1000	             2799
  370.1200	             2958
  370.1400	             2959
  370.1600	              481
  370.1800	              767
  370.2000	             2497
  370.2200	             4447
  370.2400	             3864
  370.2600	             1848
  370.2800	             2090
  370.3000	             3023
  370.3200	             3514
  370.3400	              769
  370.3600	              469
  370.3800	             1417
  370.4000	             3387
  370.4200	             3276
  370.4400	             2318
  370.4600	             3877
  370.4800	             5166
  370.5000	             4912
  370.5200	             3041
  370.5400	             3297
  370.5600	             2190
  370.5800	             2867
  370.6000	             1676
  370.6200	              703
  370.6400	              856
  370.6600	             1483
  370.6800	             1770
  370.7000	             2708
  370.7200	             3957
  370.7400	             3899
  370.7600	             4295
  370.7800	             5371
  370.8000	             4596
  370.8200	             3063
  370.8400	             3855
  370.8600	             3663
  370.8800	             3944
  370.9000	             5549
  370.9200	             5712
  370.9400	             7997
  370.9600	            10310
  370.9800	            13745
  371.0000	            11784
  371.0200	             9161
  371.0400	             8849
  371.0600	             6299
  371.0800	             4932
  371.1000	             5130
  371.1200	             2319
  371.1400	             1458
  371.1600	             1533
  371.1800	             1623
  371.2000	             1100
  371.2200	             1126
  371.2400	             1033
  371.2600	              112
  371.2800	             -349
  371.3000	             -748
  371.3200	             -717
  371.3400	             -743
  371.3600	             -673
  371.3800	              184
  371.4000	             1375
  371.4200	             1299
  371.4400	             2892
  371.4600	             3353
  371.4800	             2041
  371.5000	              493
  371.5200	             -608
  371.5400	             -670
  371.5600	             -796
  371.5800	             -601
  371.6000	              462
  371.6200	             1410
  371.6400	              932
  371.6600	             1554
  371.6800	             1701
  371.7000	              796
  371.7200	             -200
  371.7400	             -478
  371.7600	              445
  371.7800	             1462
  371.8000	             1518
  371.8200	             2212
  371.8400	             1860
  371.8600	             2228
  371.8800	             2049
  371.9000	             2371
  371.9200	              435
  371.9400	             -334
  371.9600	             -727
  371.9800	             -803
  372.0000	             -419
  372.0200	              955
  372.0400	             1697
  372.0600	             1672
  372.0800	             3415
  372.1000	             4429
  372.1200	             3023
  372.1400	             1131
  372.1600	             -522
  372.1800	             -699
  372.2000	             -247
  372.2200	             1084
  372.2400	             1861
  372.2600	             1537
  372.2800	             2555
  372.3000	             2466
  372.3200	             1853
  372.3400	               84
  372.3600	             -618
  372.3800	             -118
  372.4000	             2236
  372.4200	             4082
  372.4400	             2838
  372.4600	             3064
  372.4800	             2468
  372.5000	             2880
  372.5200	             1632
  372.5400	               65
  372.5600	             -606
  372.5800	             -163
  372.6000	             1403
  372.6200	             2060
  372.6400	             1406
  372.6600	             2944
  372.6800	             2876
  372.7000	             4644
  372.7200	             3104
  372.7400	             1712
  372.7600	             1279
  372.7800	             1448
  372.8000	             2510
  372.8200	             1356
  372.8400	             2339
  372.8600	             2442
  372.8800	             3669
  372.9000	              988
  372.9200	             -242
  372.9400	              534
  372.9600	             2903
  372.9800	             3223
  373.0000	             3128
  373.0200	             6531
  373.0400	             5726
  373.0600	             6069
  373.0800	             1779
  373.1000	              180
  373.1200	             1271
  373.1400	             2459
  373.1600	             1154
  373.1800	             3141
  373.2000	             3560
  373.2200	             3293
  373.2400	             3646
  373.2600	              868
  373.2800	             1863
  373.3000	             5086
  373.3200	             4079
  373.3400	             4988
  373.3600	             6491
  373.3800	             3706
  373.4000	             4867
  373.4200	             2326
  373.4400	             2091
  373.4600	             3681
  373.4800	             1012
  373.5000	             2828
  373.5200	             4740
  373.5400	             3060
  373.5600	             4731
  373.5800	             4198
  373.6000	             5987
  373.6200	             6793
  373.6400	             3617
  373.6600	             4562
  373.6800	             3629
  373.7000	             4024
  373.7200	             5775
  373.7400	             4544
  373.7600	             4454
  373.7800	              681
  373.8000	             3165
  373.8200	             6344
  373.8400	             3460
  373.8600	             5840
  373.8800	             9260
  373.9000	             8074
  373.9200	             3558
  373.9400	             5196
  373.9600	             6792
  373.9800	             3606
  374.0000	             6356
  374.0200	             9565
  374.0400	             3891
  374.0600	             1058
  374.0800	             3863
  374.1000	             6722
  374.1200	             3595
  374.1400	             8201
  374.1600	            12881
  374.1800	             4708
  374.2000	             5938
  374.2200	             9049
  374.2400	             6322
  374.2600	             7661
  374.2800	            10472
  374.3000	             3677
  374.3200	             2221
  374.3400	             6112
  374.3600	             7170
  374.3800	             7639
  374.4000	             8733
  374.4200	             6686
  374.4400	             6368
  374.4600	            10380
  374.4800	            12043
  374.5000	            10674
  374.5200	             5951
  374.5400	             6306
  374.5600	             5485
  374.5800	            10232
  374.6000	             9048
  374.6200	             4408
  374.6400	             6302
  374.6600	             7761
  374.6800	            11855
  374.7000	            12104
  374.7200	             7334
  374.7400	             9511
  374.7600	            13217
  374.7800	            13701
  374.8000	             6712
  374.8200	             3294
  374.8400	             7987
  374.8600	            13291
  374.8800	            10875
  374.9000	             5520
  374.9200	             5540
  374.9400	            12337
  374.9600	            13731
  374.9800	            10562
  375.0000	            11180
  375.0200	            15156
  375.0400	            10471
  375.0600	             9820
  375.0800	             9032
  375.1000	            10943
  375.1200	             8526
  375.1400	            11145
  375.1600	             9266
  375.1800	            10169
  375.2000	            10176
  375.2200	            13684
  375.2400	            14149
  375.2600	            14595
  375.2800	            14306
  375.3000	            12139
  375.3200	            14273
  375.3400	            12776
  375.3600	            17948
  375.3800	            16544
  375.4000	            18104
  375.4200	            21230
  375.4400	            25626
  375.4600	            38559
  375.4800	            44402
  375.5000	            34759
  375.5200	            33834
  375.5400	            29620
  375.5600	            18465
  375.5800	            15872
  375.6000	             3683
  375.6200	             1268
  375.6400	              714
  375.6600	              385
  375.6800	              497
  375.7000	             1912
  375.7200	             4243
  375.7400	             4104
  375.7600	             4546
  375.7800	             4229
  375.8000	              997
  375.8200	             -114
  375.8400	             -320
  375.8600	             -348
  375.8800	             -430
  375.9000	             -447
  375.9200	              -32
  375.9400	             1660
  375.9600	             3768
  375.9800	             4178
  376.0000	             4263
  376.0200	             4009
  376.0400	              688
  376.0600	             -340
  376.0800	             -505
  376.1000	             -678
  376.1200	             -658
  376.1400	             -618
  376.1600	              388
  376.1800	             2908
  376.2000	             3695
  376.2200	             5528
  376.2400	             4788
  376.2600	             3487
  376.2800	              426
  376.3000	             -514
  376.3200	             -630
  376.3400	             -660
  376.3600	             -666
  376.3800	              163
  376.4000	             2350
  376.4200	             4416
  376.4400	             4491
  376.4600	             4710
  376.4800	             5015
  376.5000	             1300
  376.5200	             -338
  376.5400	             -410
  376.5600	             -276
  376.5800	             -524
  376.6000	              180
  376.6200	             2512
  376.6400	             5218
  376.6600	             5050
  376.6800	             5570
  376.7000	             5748
  376.7200	             2029
  376.7400	             -241
  376.7600	             -531
  376.7800	             -642
  376.8000	             -589
  376.8200	             1061
  376.8400	             3860
  376.8600	             4086
  376.8800	             5939
  376.9000	             5067
  376.9200	             6031
  376.9400	             1274
  376.9600	             -269
  376.9800	             -430
  377.0000	             -594
  377.0200	              240
  377.0400	             2542
  377.0600	             5634
  377.0800	             4708
  377.1000	             7172
  377.1200	             6311
  377.1400	             4731
  377.1600	              309
  377.1800	             -384
  377.2000	             -360
  377.2200	              413
  377.2400	             2980
  377.2600	             5867
  377.2800	             4120
  377.3000	             7641
  377.3200	             6134
  377.3400	             6250
  377.3600	              976
  377.3800	             -262
  377.4000	             -391
  377.4200	              684
  377.4400	             4048
  377.4600	             5969
  377.4800	             5230
  377.5000	             8229
  377.5200	             7103
  377.5400	             6713
  377.5600	              978
  377.5800	             -147
  377.6000	               74
  377.6200	             2566
  377.6400	             6701
  377.6600	             3825
  377.6800	             7857
  377.7000	             6869
  377.7200	             8290
  377.7400	             4350
  377.7600	              338
  377.7800	               11
  377.8000	             2503
  377.8200	             6240
  377.8400	             4525
  377.8600	             7170
  377.8800	             9012
  377.9000	             8205
  377.9200	             7289
  377.9400	              885
  377.9600	              388
  377.9800	             3572
  378.0000	             7684
  378.0200	             3839
  378.0400	             8165
  378.0600	             8456
  378.0800	             8321
  378.1000	             8464
  378.1200	             1491
  378.1400	             2085
  378.1600	             5530
  378.1800	             6794
  378.2000	             4752
  378.2200	            10977
  378.2400	             7828
  378.2600	             9628
  378.2800	             5753
  378.3000	             1870
  378.3200	             5571
  378.3400	             8027
  378.3600	             3575
  378.3800	             9022
  378.4000	             9468
  378.4200	             8677
  378.4400	            10746
  378.4600	             3140
  378.4800	             6396
  378.5000	             8547
  378.5200	             3687
  378.5400	             9289
  378.5600	            10278
  378.5800	             8883
  378.6000	            11955
  378.6200	             5713
  378.6400	             9740
  378.6600	             4567
  378.6800	             5233
  378.7000	            13080
  378.7200	             8473
  378.7400	             9200
  378.7600	            13409
  378.7800	             8845
  378.8000	             8459
  378.8200	             3613
  378.8400	             9679
  378.8600	            13398
  378.8800	             9175
  378.9000	            15454
  378.9200	            13803
  378.9400	             7354
  378.9600	             3896
  378.9800	             9797
  379.0000	            14079
  379.0200	             8931
  379.0400	            15946
  379.0600	            19120
  379.0800	             4457
  379.1000	             4954
  379.1200	            12658
  379.1400	            12512
  379.1600	            12334
  379.1800	            22849
  379.2000	            12673
  379.2200	             3935
  379.2400	             9148
  379.2600	            16601
  379.2800	            11875
  379.3000	            18250
  379.3200	            16699
  379.3400	             4736
  379.3600	             8357
  379.3800	            17663
  379.4000	            15220
  379.4200	            18697
  379.4400	            14109
  379.4600	             7607
  379.4800	            11262
  379.5000	            19478
  379.5200	            18592
  379.5400	            13032
  379.5600	            12672
  379.5800	            10961
  379.6000	            20462
  379.6200	            22547
  379.6400	            11562
  379.6600	            12308
  379.6800	            15469
  379.7000	            21023
  379.7200	            23814
  379.7400	             9429
  379.7600	            11452
  379.7800	            17426
  379.8000	            26345
  379.8200	            16743
  379.8400	             8809
  379.8600	            16369
  379.8800	            24924
  379.9000	            21311
  379.9200	            13099
  379.9400	            14532
  379.9600	            24035
  379.9800	            19590
  380.0000	            17431
  380.0200	            16490
  380.0400	            24732
  380.0600	            16669
  380.0800	            20849
  380.1000	            18984
  380.1200	            21209
  380.1400	            19862
  380.1600	            20301
  380.1800	            23474
  380.2000	            17908
  380.2200	            20914
  380.2400	            21887
  380.2600	            22228
  380.2800	            27952
  380.3000	            28755
  380.3200	            34978
  380.3400	            26850
  380.3600	            41757
  380.3800	            33489
  380.4000	            54434
  380.4200	            64352
  380.4400	            83753
  380.4600	            64563
  380.4800	            61451
  380.5000	            51121
  380.5200	            36347
  380.5400	            22349
  380.5600	             5434
  380.5800	             3185
  380.6000	             2226
  380.6200	             1432
  380.6400	             1019
  380.6600	              696
  380.6800	              408
  380.7000	               98
  380.7200	              -27
  380.7400	              -66
  380.7600	              -54
  380.7800	             -178
  380.8000	             -216
  380.8200	             -344
  380.8400	             -339
  380.8600	             -364
  380.8800	             -322
  380.9000	             -454
  380.9200	             -610
  380.9400	             -657
  380.9600	             -598
  380.9800	             -620
  381.0000	             -703
  381.0200	             -713
  381.0400	             -754
  381.0600	             -804
  381.0800	             -851
  381.1000	             -804
  381.1200	             -842
  381.1400	             -806
  381.1600	             -764
  381.1800	             -733
  381.2000	             -803
  381.2200	             -770
  381.2400	             -801
  381.2600	             -951
  381.2800	             -989
  381.3000	             -926
  381.3200	             -874
  381.3400	             -841
  381.3600	             -993
  381.3800	             -985
  381.4000	             -978
  381.4200	            -1013
  381.4400	            -1021
  381.4600	             -985
  381.4800	             -941
  381.5000	             -941
  381.5200	            -1012
  381.5400	             -972
  381.5600	             -979
  381.5800	             -962
  381.6000	             -959
  381.6200	             -897
  381.6400	             -974
  381.6600	             -937
  381.6800	             -957
  381.7000	             -979
  381.7200	            -1041
  381.7400	            -1040
  381.7600	            -1053
  381.7800	            -1052
  381.8000	            -1056
  381.8200	            -1004
  381.8400	             -961
  381.8600	             -939
  381.8800	             -937
  381.9000	             -978
  381.9200	             -997
  381.9400	             -979
  381.9600	            -1057
  381.9800	            -1033
  382.0000	            -1016
