  370.0000	            17344
  370.0200	            18240
  370.0400	            14513
  370.0600	            13965
  370.0800	            23873
  370.1000	            19554
  370.1200	            12750
  370.1400	            18407
  370.1600	            26595
  370.1800	            28340
  370.2000	            22122
  370.2200	            15715
  370.2400	            18609
  370.2600	            17458
  370.2800	            19847
  370.3000	            21536
  370.3200	            20419
  370.3400	            21033
  370.3600	            25296
  370.3800	            17827
  370.4000	            28232
  370.4200	            30112
  370.4400	            21172
  370.4600	            26173
  370.4800	            27280
  370.5000	            14164
  370.5200	            15945
  370.5400	            20475
  370.5600	            17970
  370.5800	            20394
  370.6000	            21335
  370.6200	            30101
  370.6400	            19108
  370.6600	            21935
  370.6800	            28306
  370.7000	            31746
  370.7200	            36546
  370.7400	            33103
  370.7600	            29965
  370.7800	            30696
  370.8000	            33629
  370.8200	            43655
  370.8400	            66532
  370.8600	            60852
  370.8800	            48355
  370.9000	            67195
  370.9200	            59156
  370.9400	            57318
  370.9600	            53741
  370.9800	            42165
  371.0000	            28674
  371.0200	            23804
  371.0400	            15905
  371.0600	            21614
  371.0800	            13899
  371.1000	            10944
  371.1200	            12731
  371.1400	            10809
  371.1600	            10890
  371.1800	             7231
  371.2000	             3099
  371.2200	             3656
  371.2400	             2177
  371.2600	             3857
  371.2800	             5012
  371.3000	             9628
  371.3200	             7658
  371.3400	            13031
  371.3600	            16091
  371.3800	            13838
  371.4000	            13724
  371.4200	             8073
  371.4400	             7811
  371.4600	             6435
  371.4800	             4254
  371.5000	             5442
  371.5200	             7812
  371.5400	            10495
  371.5600	            11508
  371.5800	            10119
  371.6000	            11404
  371.6200	             6027
  371.6400	             8497
  371.6600	             4414
  371.6800	             7008
  371.7000	             9922
  371.7200	            12580
  371.7400	            15213
  371.7600	            17563
  371.7800	            11536
  371.8000	            14430
  371.8200	            12653
  371.8400	             9343
  371.8600	             8301
  371.8800	             4350
  371.9000	             4741
  371.9200	             9127
  371.9400	            10463
  371.9600	            17282
  371.9800	            21266
  372.0000	            20455
  372.0200	            20901
  372.0400	            15650
  372.0600	            12793
  372.0800	            10872
  372.1000	             7144
  372.1200	             9472
  372.1400	            10698
  372.1600	            12391
  372.1800	            15721
  372.2000	            15697
  372.2200	            11013
  372.2400	            12477
  372.2600	            12784
  372.2800	             8383
  372.3000	             8500
  372.3200	            12337
  372.3400	            17333
  372.3600	            22923
  372.3800	            23802
  372.4000	            20114
  372.4200	            17645
  372.4400	            13491
  372.4600	             9917
  372.4800	             9712
  372.5000	            11256
  372.5200	             8691
  372.5400	            11452
  372.5600	            13732
  372.5800	            15543
  372.6000	            14853
  372.6200	            19146
  372.6400	            16957
  372.6600	            21435
  372.6800	            13584
  372.7000	            12706
  372.7200	            11898
  372.7400	            17315
  372.7600	            15322
  372.7800	            20713
  372.8000	            17620
  372.8200	            13601
  372.8400	            12670
  372.8600	            12718
  372.8800	            13321
  372.9000	            16616
  372.9200	            19567
  372.9400	            24962
  372.9600	            24547
  372.9800	            33850
  373.0000	            29258
  373.0200	            21500
  373.0400	            16852
  373.0600	            15585
  373.0800	            21395
  373.1000	            17438
  373.1200	            18843
  373.1400	            17884
  373.1600	            18201
  373.1800	            21449
  373.2000	            15567
  373.2200	            30890
  373.2400	            25629
  373.2600	            34491
  373.2800	            30459
  373.3000	            32676
  373.3200	            29881
  373.3400	            26209
  373.3600	            22072
  373.3800	            17938
  373.4000	            27872
  373.4200	            27222
  373.4400	            19535
  373.4600	            23450
  373.4800	            35635
  373.5000	            35600
  373.5200	            37933
  373.5400	            33485
  373.5600	            41830
  373.5800	            36727
  373.6000	            31147
  373.6200	            31804
  373.6400	            24900
  373.6600	            32643
  373.6800	            31541
  373.7000	            33188
  373.7200	            36021
  373.7400	            35213
  373.7600	            31737
  373.7800	            21965
  373.8000	            41024
  373.8200	            41637
  373.8400	            55983
  373.8600	            46846
  373.8800	            50018
  373.9000	            41669
  373.9200	            43722
  373.9400	            35949
  373.9600	            36755
  373.9800	            27832
  374.0000	            36182
  374.0200	            44005
  374.0400	            44593
  374.0600	            49379
  374.0800	            54573
  374.1000	            54124
  374.1200	            43985
  374.1400	            49552
  374.1600	            37985
  374.1800	            41304
  374.2000	            45454
  374.2200	            44573
  374.2400	            50681
  374.2600	            38409
  374.2800	            35522
  374.3000	            45024
  374.3200	            58588
  374.3400	            49296
  374.3600	            44186
  374.3800	            44798
  374.4000	            67260
  374.4200	            71806
  374.4400	            68706
  374.4600	            67107
  374.4800	            40996
  374.5000	            39136
  374.5200	            39326
  374.5400	            38267
  374.5600	            41197
  374.5800	            68689
  374.6000	            49658
  374.6200	            56784
  374.6400	            68988
  374.6600	            90899
  374.6800	            70498
  374.7000	            68890
  374.7200	            56087
  374.7400	            64286
  374.7600	            67564
  374.7800	            49681
  374.8000	            39063
  374.8200	            59739
  374.8400	            88326
  374.8600	            67506
  374.8800	            65618
  374.9000	            87585
  374.9200	            64971
  374.9400	            56486
  374.9600	            52203
  374.9800	            68353
  375.0000	            61185
  375.0200	            71506
  375.0400	            58848
  375.0600	            83430
  375.0800	            81956
  375.1000	            54003
  375.1200	            64749
  375.1400	            85707
  375.1600	           107342
  375.1800	            94346
  375.2000	            75501
  375.2200	            73766
  375.2400	            84147
  375.2600	            92267
  375.2800	           103415
  375.3000	           130745
  375.3200	           175481
  375.3400	           199615
  375.3600	           156087
  375.3800	           201952
  375.4000	           176446
  375.4200	           188720
  375.4400	           257623
  375.4600	           183998
  375.4800	           124252
  375.5000	           118902
  375.5200	            63694
  375.5400	            37495
  375.5600	            19815
  375.5800	            13652
  375.6000	            14216
  375.6200	            10995
  375.6400	            19105
  375.6600	            21722
  375.6800	            23042
  375.7000	            14252
  375.7200	            16168
  375.7400	             9804
  375.7600	             4517
  375.7800	             2387
  375.8000	             3744
  375.8200	             7864
  375.8400	            12653
  375.8600	            17166
  375.8800	            20144
  375.9000	            24462
  375.9200	            26052
  375.9400	            21894
  375.9600	             9522
  375.9800	             8402
  376.0000	             5229
  376.0200	             3806
  376.0400	             6646
  376.0600	            11123
  376.0800	            16362
  376.1000	            21532
  376.1200	            26452
  376.1400	            29144
  376.1600	            23878
  376.1800	            18951
  376.2000	            16509
  376.2200	            10803
  376.2400	             7660
  376.2600	             7630
  376.2800	             9922
  376.3000	            14799
  376.3200	            19909
  376.3400	            24011
  376.3600	            19868
  376.3800	            31030
  376.4000	            22998
  376.4200	            19581
  376.4400	            11149
  376.4600	             7477
  376.4800	             6997
  376.5000	            12583
  376.5200	            16124
  376.5400	            20873
  376.5600	            27938
  376.5800	            25223
  376.6000	            30925
  376.6200	            27701
  376.6400	            24114
  376.6600	            10220
  376.6800	             9614
  376.7000	             8243
  376.7200	            16563
  376.7400	            21786
  376.7600	            25961
  376.7800	            29117
  376.8000	            29812
  376.8200	            36034
  376.8400	            23378
  376.8600	            21306
  376.8800	            14641
  376.9000	            13869
  376.9200	            18411
  376.9400	            21804
  376.9600	            23346
  376.9800	            34123
  377.0000	            23632
  377.0200	            39177
  377.0400	            39512
  377.0600	            27840
  377.0800	            20761
  377.1000	            18761
  377.1200	            10443
  377.1400	            18509
  377.1600	            28716
  377.1800	            34715
  377.2000	            33142
  377.2200	            35007
  377.2400	            35995
  377.2600	            23865
  377.2800	            25304
  377.3000	            21556
  377.3200	            20947
  377.3400	            26809
  377.3600	            33884
  377.3800	            36892
  377.4000	            32892
  377.4200	            35045
  377.4400	            34829
  377.4600	            40977
  377.4800	            28947
  377.5000	            21347
  377.5200	            27223
  377.5400	            32767
  377.5600	            27957
  377.5800	            34898
  377.6000	            47951
  377.6200	            47762
  377.6400	            54589
  377.6600	            39014
  377.6800	            30476
  377.7000	            24005
  377.7200	            21281
  377.7400	            35541
  377.7600	            46053
  377.7800	            53001
  377.8000	            62274
  377.8200	            47470
  377.8400	            34435
  377.8600	            41337
  377.8800	            32263
  377.9000	            28768
  377.9200	            52084
  377.9400	            42219
  377.9600	            51464
  377.9800	            57530
  378.0000	            58212
  378.0200	            43831
  378.0400	            34098
  378.0600	            37485
  378.0800	            35279
  378.1000	            44906
  378.1200	            38917
  378.1400	            53084
  378.1600	            61987
  378.1800	            38663
  378.2000	            67155
  378.2200	            56097
  378.2400	            59320
  378.2600	            49887
  378.2800	            65155
  378.3000	            59713
  378.3200	            58274
  378.3400	            80360
  378.3600	            73637
  378.3800	            51923
  378.4000	            57405
  378.4200	            48888
  378.4400	            59750
  378.4600	            71945
  378.4800	            76652
  378.5000	            70467
  378.5200	            73888
  378.5400	            58682
  378.5600	            61350
  378.5800	            55731
  378.6000	            66666
  378.6200	            82758
  378.6400	            68138
  378.6600	            78783
  378.6800	            74886
  378.7000	            37284
  378.7200	            57317
  378.7400	            78509
  378.7600	            66894
  378.7800	            89483
  378.8000	            99578
  378.8200	            81508
  378.8400	            71388
  378.8600	            68892
  378.8800	            78664
  378.9000	            75541
  378.9200	            60746
  378.9400	            87613
  378.9600	           108004
  378.9800	            90343
  379.0000	            93899
  379.0200	            77411
  379.0400	            72582
  379.0600	            98965
  379.0800	           101975
  379.1000	           104848
  379.1200	            97714
  379.1400	            94147
  379.1600	           126048
  379.1800	           109723
  379.2000	            87775
  379.2200	           119200
  379.2400	           110300
  379.2600	            98425
  379.2800	           102680
  379.3000	           100443
  379.3200	           109249
  379.3400	           115581
  379.3600	            93705
  379.3800	           101117
  379.4000	           100490
  379.4200	           121337
  379.4400	           132308
  379.4600	           122185
  379.4800	            85738
  379.5000	           142440
  379.5200	           146343
  379.5400	           150940
  379.5600	           145516
  379.5800	           115983
  379.6000	            95315
  379.6200	           140510
  379.6400	           149980
  379.6600	           173092
  379.6800	           151926
  379.7000	           152962
  379.7200	           168254
  379.7400	           145563
  379.7600	           123486
  379.7800	            99696
  379.8000	           148410
  379.8200	           144360
  379.8400	           132382
  379.8600	           182832
  379.8800	           162702
  379.9000	            89768
  379.9200	           122967
  379.9400	           163315
  379.9600	           172047
  379.9800	           123849
  380.0000	           125259
  380.0200	           186329
  380.0400	           208852
  380.0600	           202529
  380.0800	           181696
  380.1000	           186734
  380.1200	           169858
  380.1400	           157261
  380.1600	           196372
  380.1800	           234283
  380.2000	           294875
  380.2200	           294871
  380.2400	           278497
  380.2600	           340711
  380.2800	           400017
  380.3000	           320989
  380.3200	           337280
  380.3400	           562247
  380.3600	           490789
  380.3800	           523811
  380.4000	           395174
  380.4200	           272296
  380.4400	           266872
  380.4600	           215004
  380.4800	           111322
  380.5000	            44215
  380.5200	            21422
  380.5400	             6720
  380.5600	             4711
  380.5800	             3659
  380.6000	             3560
  380.6200	             3434
  380.6400	             2887
  380.6600	             2858
  380.6800	             2448
  380.7000	             2358
  380.7200	             2359
  380.7400	             1400
  380.7600	             1135
  380.7800	             1584
  380.8000	              865
  380.8200	              613
  380.8400	              184
  380.8600	              197
  380.8800	              689
  380.9000	              605
  380.9200	              660
  380.9400	              515
  380.9600	              474
  380.9800	              461
  381.0000	              -42
  381.0200	               95
  381.0400	              335
  381.0600	              906
  381.0800	              906
  381.1000	              787
  381.1200	              801
  381.1400	               49
  381.1600	              546
  381.1800	               12
  381.2000	               64
  381.2200	             -245
  381.2400	               73
  381.2600	             -285
  381.2800	             -226
  381.3000	             -299
  381.3200	             -274
  381.3400	             -320
  381.3600	             -360
  381.3800	             -294
  381.4000	             -247
  381.4200	             -290
  381.4400	             -325
  381.4600	             -155
  381.4800	             -598
  381.5000	             -181
  381.5200	             -181
  381.5400	             -140
  381.5600	             -303
  381.5800	             -479
  381.6000	             -355
  381.6200	             -598
  381.6400	             -479
  381.6600	             -557
  381.6800	             -538
  381.7000	             -453
  381.7200	             -513
  381.7400	               -1
  381.7600	             -266
  381.7800	             -361
  381.8000	             -181
  381.8200	             -416
  381.8400	             -339
  381.8600	             -378
  381.8800	             -625
  381.9000	             -512
  381.9200	             -496
  381.9400	             -450
  381.9600	             -245
  381.9800	             -327
  382.0000	               -8
