  370.0000	             -935
  370.0200	             -930
  370.0400	            -1036
  370.0600	             -993
  370.0800	             -958
  370.1000	             -943
  370.1200	             -881
  370.1400	            -1010
  370.1600	            -1019
  370.1800	            -1028
  370.2000	             -842
  370.2200	             -828
  370.2400	             -967
  370.2600	            -1005
  370.2800	             -927
  370.3000	             -849
  370.3200	            -1014
  370.3400	            -1046
  370.3600	            -1059
  370.3800	             -915
  370.4000	             -825
  370.4200	             -945
  370.4400	             -938
  370.4600	             -812
  370.4800	             -818
  370.5000	             -883
  370.5200	             -916
  370.5400	             -965
  370.5600	             -944
  370.5800	             -970
  370.6000	            -1036
  370.6200	             -987
  370.6400	            -1002
  370.6600	            -1014
  370.6800	             -942
  370.7000	             -878
  370.7200	             -917
  370.7400	             -890
  370.7600	             -839
  370.7800	             -803
  370.8000	             -902
  370.8200	             -861
  370.8400	             -872
  370.8600	             -894
  370.8800	             -770
  370.9000	             -828
  370.9200	             -710
  370.9400	             -704
  370.9600	             -441
  370.9800	             -472
  371.0000	             -648
  371.0200	             -651
  371.0400	             -738
  371.0600	             -871
  371.0800	             -875
  371.1000	             -962
  371.1200	            -1039
  371.1400	             -979
  371.1600	            -1027
  371.1800	            -1007
  371.2000	             -979
  371.2200	             -974
  371.2400	            -1051
  371.2600	            -1064
  371.2800	            -1067
  371.3000	            -1129
  371.3200	            -1108
  371.3400	            -1089
  371.3600	            -1102
  371.3800	             -968
  371.4000	             -953
  371.4200	             -926
  371.4400	             -927
  371.4600	             -919
  371.4800	            -1072
  371.5000	            -1105
  371.5200	            -1137
  371.5400	            -1097
  371.5600	            -1111
  371.5800	            -1036
  371.6000	            -1010
  371.6200	            -1002
  371.6400	             -970
  371.6600	             -941
  371.6800	             -994
  371.7000	            -1090
  371.7200	            -1093
  371.7400	            -1052
  371.7600	            -1002
  371.7800	            -1025
  371.8000	             -939
  371.8200	             -975
  371.8400	             -919
  371.8600	             -962
  371.8800	             -943
  371.9000	            -1025
  371.9200	            -1075
  371.9400	            -1106
  371.9600	            -1115
  371.9800	            -1105
  372.0000	            -1013
  372.0200	             -975
  372.0400	             -970
  372.0600	             -915
  372.0800	             -847
  372.1000	             -903
  372.1200	            -1045
  372.1400	            -1055
  372.1600	            -1092
  372.1800	            -1087
  372.2000	             -983
  372.2200	             -965
  372.2400	             -969
  372.2600	             -948
  372.2800	             -941
  372.3000	             -883
  372.3200	            -1074
  372.3400	            -1086
  372.3600	            -1113
  372.3800	            -1001
  372.4000	             -903
  372.4200	             -901
  372.4400	             -859
  372.4600	             -868
  372.4800	             -900
  372.5000	             -987
  372.5200	            -1077
  372.5400	            -1132
  372.5600	            -1074
  372.5800	             -975
  372.6000	             -943
  372.6200	            -1001
  372.6400	             -919
  372.6600	             -943
  372.6800	             -880
  372.7000	             -949
  372.7200	             -981
  372.7400	            -1043
  372.7600	            -1036
  372.7800	             -956
  372.8000	             -982
  372.8200	             -991
  372.8400	             -951
  372.8600	             -894
  372.8800	            -1013
  372.9000	            -1092
  372.9200	            -1117
  372.9400	             -915
  372.9600	             -894
  372.9800	             -934
  373.0000	             -761
  373.0200	             -787
  373.0400	             -753
  373.0600	             -962
  373.0800	            -1050
  373.1000	            -1010
  373.1200	             -958
  373.1400	            -1025
  373.1600	             -915
  373.1800	             -917
  373.2000	             -899
  373.2200	             -866
  373.2400	            -1047
  373.2600	            -1042
  373.2800	             -858
  373.3000	             -784
  373.3200	             -832
  373.3400	             -757
  373.3600	             -846
  373.3800	             -820
  373.4000	             -952
  373.4200	             -975
  373.4400	             -871
  373.4600	            -1039
  373.4800	             -922
  373.5000	             -829
  373.5200	             -922
  373.5400	             -878
  373.5600	             -876
  373.5800	             -762
  373.6000	             -758
  373.6200	             -919
  373.6400	             -876
  373.6600	             -913
  373.6800	             -862
  373.7000	             -785
  373.7200	             -818
  373.7400	             -876
  373.7600	            -1064
  373.7800	             -960
  373.8000	             -821
  373.8200	             -913
  373.8400	             -790
  373.8600	             -648
  373.8800	             -659
  373.9000	             -871
  373.9200	             -863
  373.9400	             -750
  373.9600	             -859
  373.9800	             -778
  374.0000	             -621
  374.0200	             -894
  374.0400	            -1062
  374.0600	             -900
  374.0800	             -767
  374.1000	             -912
  374.1200	             -712
  374.1400	             -478
  374.1600	             -818
  374.1800	             -851
  374.2000	             -604
  374.2200	             -772
  374.2400	             -818
  374.2600	             -600
  374.2800	             -891
  374.3000	            -1059
  374.3200	             -778
  374.3400	             -697
  374.3600	             -745
  374.3800	             -653
  374.4000	             -790
  374.4200	             -857
  374.4400	             -567
  374.4600	             -383
  374.4800	             -571
  374.5000	             -839
  374.5200	             -765
  374.5400	             -828
  374.5600	             -608
  374.5800	             -769
  374.6000	             -843
  374.6200	             -818
  374.6400	             -738
  374.6600	             -583
  374.6800	             -540
  374.7000	             -702
  374.7200	             -630
  374.7400	             -550
  374.7600	             -399
  374.7800	             -732
  374.8000	             -943
  374.8200	             -757
  374.8400	             -559
  374.8600	             -547
  374.8800	             -834
  374.9000	             -878
  374.9200	             -622
  374.9400	             -394
  374.9600	             -566
  374.9800	             -662
  375.0000	             -392
  375.0200	             -614
  375.0400	             -663
  375.0600	             -716
  375.0800	             -656
  375.1000	             -695
  375.1200	             -698
  375.1400	             -686
  375.1600	             -645
  375.1800	             -663
  375.2000	             -559
  375.2200	             -440
  375.2400	             -343
  375.2600	             -514
  375.2800	             -622
  375.3000	             -474
  375.3200	             -546
  375.3400	             -235
  375.3600	             -325
  375.3800	             -292
  375.4000	             -112
  375.4200	               77
  375.4400	              598
  375.4600	              723
  375.4800	              503
  375.5000	              456
  375.5200	              190
  375.5400	             -299
  375.5600	             -571
  375.5800	             -982
  375.6000	            -1097
  375.6200	            -1092
  375.6400	            -1092
  375.6600	            -1084
  375.6800	             -991
  375.7000	             -851
  375.7200	             -895
  375.7400	             -825
  375.7600	             -820
  375.7800	            -1004
  375.8000	            -1102
  375.8200	            -1089
  375.8400	            -1056
  375.8600	            -1077
  375.8800	            -1099
  375.9000	            -1089
  375.9200	             -935
  375.9400	             -867
  375.9600	             -825
  375.9800	             -748
  376.0000	             -811
  376.0200	            -1049
  376.0400	            -1100
  376.0600	            -1116
  376.0800	            -1117
  376.1000	            -1122
  376.1200	            -1097
  376.1400	            -1037
  376.1600	             -915
  376.1800	             -875
  376.2000	             -870
  376.2200	             -823
  376.2400	             -805
  376.2600	            -1081
  376.2800	            -1085
  376.3000	            -1067
  376.3200	            -1078
  376.3400	            -1112
  376.3600	            -1089
  376.3800	             -863
  376.4000	             -857
  376.4200	             -774
  376.4400	             -812
  376.4600	             -831
  376.4800	            -1011
  376.5000	            -1077
  376.5200	            -1086
  376.5400	            -1072
  376.5600	            -1074
  376.5800	            -1091
  376.6000	             -863
  376.6200	             -761
  376.6400	             -790
  376.6600	             -772
  376.6800	             -772
  376.7000	             -965
  376.7200	            -1086
  376.7400	            -1089
  376.7600	            -1079
  376.7800	            -1093
  376.8000	            -1036
  376.8200	             -825
  376.8400	             -790
  376.8600	             -794
  376.8800	             -771
  376.9000	             -773
  376.9200	             -968
  376.9400	            -1077
  376.9600	            -1129
  376.9800	            -1092
  377.0000	            -1102
  377.0200	             -863
  377.0400	             -831
  377.0600	             -872
  377.0800	             -781
  377.1000	             -736
  377.1200	             -848
  377.1400	            -1067
  377.1600	            -1102
  377.1800	            -1072
  377.2000	            -1061
  377.2200	             -876
  377.2400	             -784
  377.2600	             -859
  377.2800	             -695
  377.3000	             -723
  377.3200	             -763
  377.3400	            -1025
  377.3600	            -1045
  377.3800	            -1045
  377.4000	            -1055
  377.4200	             -831
  377.4400	             -768
  377.4600	             -840
  377.4800	             -684
  377.5000	             -629
  377.5200	             -704
  377.5400	            -1061
  377.5600	            -1113
  377.5800	            -1123
  377.6000	             -949
  377.6200	             -748
  377.6400	             -879
  377.6600	             -700
  377.6800	             -678
  377.7000	             -625
  377.7200	             -821
  377.7400	            -1072
  377.7600	            -1086
  377.7800	             -975
  377.8000	             -683
  377.8200	             -858
  377.8400	             -687
  377.8600	             -648
  377.8800	             -645
  377.9000	             -724
  377.9200	            -1034
  377.9400	            -1086
  377.9600	             -830
  377.9800	             -758
  378.0000	             -907
  378.0200	             -627
  378.0400	             -635
  378.0600	             -616
  378.0800	             -663
  378.1000	            -1023
  378.1200	            -1027
  378.1400	             -705
  378.1600	             -733
  378.1800	             -821
  378.2000	             -559
  378.2200	             -657
  378.2400	             -534
  378.2600	             -779
  378.2800	            -1033
  378.3000	             -755
  378.3200	             -666
  378.3400	             -951
  378.3600	             -648
  378.3800	             -602
  378.4000	             -544
  378.4200	             -613
  378.4400	             -943
  378.4600	             -724
  378.4800	             -702
  378.5000	             -992
  378.5200	             -572
  378.5400	             -512
  378.5600	             -620
  378.5800	             -559
  378.6000	             -823
  378.6200	             -572
  378.6400	             -863
  378.6600	             -844
  378.6800	             -409
  378.7000	             -600
  378.7200	             -515
  378.7400	             -523
  378.7600	             -577
  378.7800	             -778
  378.8000	            -1025
  378.8200	             -583
  378.8400	             -467
  378.8600	             -659
  378.8800	             -400
  378.9000	             -358
  378.9200	             -687
  378.9400	            -1004
  378.9600	             -467
  378.9800	             -339
  379.0000	             -780
  379.0200	             -283
  379.0400	             -178
  379.0600	             -885
  379.0800	             -963
  379.1000	             -417
  379.1200	             -391
  379.1400	             -599
  379.1600	               26
  379.1800	             -468
  379.2000	            -1031
  379.2200	             -579
  379.2400	             -410
  379.2600	             -633
  379.2800	             -119
  379.3000	             -262
  379.3200	             -961
  379.3400	             -666
  379.3600	             -214
  379.3800	             -408
  379.4000	             -283
  379.4200	             -403
  379.4400	             -835
  379.4600	             -570
  379.4800	             -306
  379.5000	             -336
  379.5200	             -454
  379.5400	             -469
  379.5600	             -551
  379.5800	             -109
  379.6000	                0
  379.6200	             -576
  379.6400	             -579
  379.6600	             -343
  379.6800	              -12
  379.7000	              106
  379.7200	             -607
  379.7400	             -627
  379.7600	             -228
  379.7800	              151
  379.8000	             -378
  379.8200	             -605
  379.8400	             -441
  379.8600	               21
  379.8800	              -14
  379.9000	             -537
  379.9200	             -361
  379.9400	                3
  379.9600	             -143
  379.9800	             -358
  380.0000	             -198
  380.0200	              -50
  380.0400	             -315
  380.0600	             -245
  380.0800	             -125
  380.1000	             -234
  380.1200	             -271
  380.1400	             -141
  380.1600	             -130
  380.1800	             -208
  380.2000	             -158
  380.2200	              -79
  380.2400	               96
  380.2600	              108
  380.2800	              230
  380.3000	              443
  380.3200	              313
  380.3400	              548
  380.3600	              547
  380.3800	             1169
  380.4000	             1790
  380.4200	             2331
  380.4400	             1814
  380.4600	             1747
  380.4800	             1078
  380.5000	              599
  380.5200	             -268
  380.5400	            -1001
  380.5600	            -1076
  380.5800	            -1094
  380.6000	            -1085
  380.6200	            -1097
  380.6400	            -1122
  380.6600	            -1097
  380.6800	            -1117
  380.7000	            -1087
  380.7200	            -1105
  380.7400	            -1089
  380.7600	            -1087
  380.7800	            -1053
  380.8000	            -1116
  380.8200	            -1127
  380.8400	            -1110
  380.8600	            -1099
  380.8800	            -1073
  380.9000	            -1116
  380.9200	            -1115
  380.9400	            -1090
  380.9600	            -1072
  380.9800	            -1086
  381.0000	            -1099
  381.0200	            -1115
  381.0400	            -1090
  381.0600	            -1106
  381.0800	            -1116
  381.1000	            -1107
  381.1200	            -1133
  381.1400	            -1127
  381.1600	            -1122
  381.1800	            -1090
  381.2000	            -1097
  381.2200	            -1088
  381.2400	            -1098
  381.2600	            -1091
  381.2800	            -1102
  381.3000	            -1060
  381.3200	            -1130
  381.3400	            -1089
  381.3600	            -1110
  381.3800	            -1113
  381.4000	            -1101
  381.4200	            -1057
  381.4400	            -1131
  381.4600	            -1114
  381.4800	            -1135
  381.5000	            -1097
  381.5200	            -1092
  381.5400	            -1142
  381.5600	            -1088
  381.5800	            -1090
  381.6000	            -1089
  381.6200	            -1119
  381.6400	            -1115
  381.6600	            -1077
  381.6800	            -1086
  381.7000	            -1104
  381.7200	            -1106
  381.7400	            -1067
  381.7600	            -1090
  381.7800	            -1108
  381.8000	            -1104
  381.8200	            -1095
  381.8400	            -1122
  381.8600	            -1093
  381.8800	            -1143
  381.9000	            -1097
  381.9200	            -1115
  381.9400	            -1117
  381.9600	            -1112
  381.9800	            -1089
  382.0000	            -1138
