  600.0000	             -253
  600.2000	             -225
  600.4000	             -308
  600.6000	             -180
  600.8000	             -357
  601.0000	             -237
  601.2000	             -196
  601.4000	             -255
  601.6000	             -291
  601.8000	             -317
  602.0000	             -320
  602.2000	             -239
  602.4000	             -176
  602.6000	             -291
  602.8000	             -106
  603.0000	             -323
  603.2000	              695
  603.4000	             -299
  603.6000	             -217
  603.8000	             -332
  604.0000	             -266
  604.2000	             -124
  604.4000	             -177
  604.6000	             -240
  604.8000	             -312
  605.0000	             -275
  605.2000	             -123
  605.4000	             -316
  605.6000	             -264
  605.8000	             -207
  606.0000	             -311
  606.2000	             -248
  606.4000	             -241
  606.6000	             -252
  606.8000	             -312
  607.0000	             -192
  607.2000	             -245
  607.4000	             -246
  607.6000	             -247
  607.8000	             -312
  608.0000	             -212
  608.2000	             -239
  608.4000	             -337
  608.6000	             -313
  608.8000	             -267
  609.0000	             -163
  609.2000	             -210
  609.4000	             -330
  609.6000	             -272
  609.8000	             -184
  610.0000	             -311
  610.2000	             -237
  610.4000	             -234
  610.6000	             -235
  610.8000	             -260
  611.0000	             -261
  611.2000	             -300
  611.4000	             -224
  611.6000	             -321
  611.8000	             -249
  612.0000	             -244
  612.2000	             -241
  612.4000	             -422
  612.6000	             -296
  612.8000	             -125
  613.0000	             -294
  613.2000	             -292
  613.4000	             -235
  613.6000	             -282
  613.8000	             -296
  614.0000	             -264
  614.2000	             -328
  614.4000	             -297
  614.6000	             -302
  614.8000	             -294
  615.0000	             -266
  615.2000	             -275
  615.4000	             -266
  615.6000	             -403
  615.8000	             -323
  616.0000	             -285
  616.2000	             -242
  616.4000	             -377
  616.6000	             -311
  616.8000	             -278
  617.0000	             -190
  617.2000	             -296
  617.4000	             -297
  617.6000	             -392
  617.8000	             -312
  618.0000	             -323
  618.2000	             -361
  618.4000	             -327
  618.6000	             -290
  618.8000	             -333
  619.0000	             -346
  619.2000	             -230
  619.4000	             -286
  619.6000	             -370
  619.8000	             -306
  620.0000	             -389
  620.2000	             -289
  620.4000	             -310
  620.6000	             -328
  620.8000	             -241
  621.0000	             -203
  621.2000	             -159
  621.4000	             -301
  621.6000	             -111
  621.8000	             -307
  622.0000	             -278
  622.2000	             -290
  622.4000	             -333
  622.6000	             -211
  622.8000	             -330
  623.0000	             -321
  623.2000	             -286
  623.4000	             -255
  623.6000	             -312
  623.8000	             -276
  624.0000	             -215
  624.2000	             -312
  624.4000	             -296
  624.6000	             -296
  624.8000	             -244
  625.0000	             -232
  625.2000	             -296
  625.4000	             -169
  625.6000	             -296
  625.8000	             -341
  626.0000	             -344
  626.2000	             -320
  626.4000	             -276
  626.6000	             -317
  626.8000	             -367
  627.0000	             -337
  627.2000	             -305
  627.4000	             -252
  627.6000	             -126
  627.8000	             -329
  628.0000	             -203
  628.2000	             -279
  628.4000	             -266
  628.6000	             -245
  628.8000	             -297
  629.0000	             -293
  629.2000	             -286
  629.4000	             -283
  629.6000	             -264
  629.8000	             -289
  630.0000	             -296
  630.2000	             -357
  630.4000	             -297
  630.6000	             -334
  630.8000	             -193
  631.0000	             -235
  631.2000	             -323
  631.4000	             -292
  631.6000	             -189
  631.8000	             -336
  632.0000	             -286
  632.2000	             -327
  632.4000	             -315
  632.6000	             -278
  632.8000	             -314
  633.0000	             -252
  633.2000	             -281
  633.4000	             -375
  633.6000	             -288
  633.8000	             -251
  634.0000	             -220
  634.2000	             -313
  634.4000	             -264
  634.6000	             -292
  634.8000	             -280
  635.0000	             -306
  635.2000	             -239
  635.4000	             -195
  635.6000	             -229
  635.8000	             -287
  636.0000	             -374
  636.2000	             -215
  636.4000	             -242
  636.6000	             -245
  636.8000	             -265
  637.0000	             -296
  637.2000	             -133
  637.4000	             -327
  637.6000	             -314
  637.8000	             -352
  638.0000	             -296
  638.2000	             -232
  638.4000	               19
  638.6000	             -264
  638.8000	             -278
  639.0000	             -196
  639.2000	             -170
  639.4000	             -278
  639.6000	             -229
  639.8000	             -248
  640.0000	             -252
  640.2000	             -255
  640.4000	             -380
  640.6000	             -295
  640.8000	             -305
  641.0000	             -242
  641.2000	             -298
  641.4000	             -191
  641.6000	              551
  641.8000	             -299
  642.0000	             -295
  642.2000	             -268
  642.4000	             -193
  642.6000	             -303
  642.8000	             -326
  643.0000	             -322
  643.2000	             -234
  643.4000	             -280
  643.6000	             -313
  643.8000	             -274
  644.0000	             -209
  644.2000	             -181
  644.4000	             -299
  644.6000	             -250
  644.8000	             -269
  645.0000	             -343
  645.2000	             -213
  645.4000	             -417
  645.6000	             -233
  645.8000	             -295
  646.0000	             -216
  646.2000	             -224
  646.4000	             -229
  646.6000	             -166
  646.8000	             -215
  647.0000	             -211
  647.2000	             -247
  647.4000	             -232
  647.6000	             -227
  647.8000	             -242
  648.0000	             -222
  648.2000	             -338
  648.4000	             -318
  648.6000	             -268
  648.8000	             -289
  649.0000	             -295
  649.2000	             -367
  649.4000	             -263
  649.6000	             -278
  649.8000	             -251
  650.0000	             -217
  650.2000	             -279
  650.4000	             -305
  650.6000	             -165
  650.8000	             -244
  651.0000	             -198
  651.2000	             -246
  651.4000	             -242
  651.6000	             -170
  651.8000	             -181
  652.0000	             -206
  652.2000	             -242
  652.4000	             -206
  652.6000	             -208
  652.8000	             -198
  653.0000	             -296
  653.2000	             -259
  653.4000	             -281
  653.6000	             -294
  653.8000	             -254
  654.0000	             -146
  654.2000	             -180
  654.4000	             -269
  654.6000	             -248
  654.8000	             -305
  655.0000	             -242
  655.2000	             -192
  655.4000	             -302
  655.6000	             -247
  655.8000	             -345
  656.0000	             -277
  656.2000	             -229
  656.4000	             -255
  656.6000	             -269
  656.8000	             -261
  657.0000	             -196
  657.2000	             -252
  657.4000	             -267
  657.6000	             -283
  657.8000	             -235
  658.0000	             -285
  658.2000	             -295
  658.4000	             -361
  658.6000	             -333
  658.8000	             -241
  659.0000	             -242
  659.2000	             -290
  659.4000	             -224
  659.6000	             -233
  659.8000	             -269
  660.0000	             -209
  660.2000	             -196
  660.4000	             -190
  660.6000	             -204
  660.8000	             -244
  661.0000	             -403
  661.2000	             -282
  661.4000	             -249
  661.6000	             -300
  661.8000	             -204
  662.0000	             -176
  662.2000	             -292
  662.4000	             -352
  662.6000	             -237
  662.8000	             -321
  663.0000	             -195
  663.2000	             -366
  663.4000	             -372
  663.6000	             -366
  663.8000	             -207
  664.0000	             -342
  664.2000	             -271
  664.4000	             -241
  664.6000	             -327
  664.8000	             -367
  665.0000	             -227
  665.2000	             -262
  665.4000	             -333
  665.6000	             -375
  665.8000	             -222
  666.0000	             -191
  666.2000	             -303
  666.4000	             -252
  666.6000	             -361
  666.8000	             -227
  667.0000	             -362
  667.2000	             -312
  667.4000	             -282
  667.6000	               18
  667.8000	             -218
  668.0000	             -295
  668.2000	             -252
  668.4000	             -231
  668.6000	             -305
  668.8000	             -370
  669.0000	             -323
  669.2000	             -264
  669.4000	             -240
  669.6000	             -288
  669.8000	             -276
  670.0000	             -269
  670.2000	             -298
  670.4000	             -277
  670.6000	             -312
  670.8000	             -300
  671.0000	             -272
  671.2000	             -332
  671.4000	             -187
  671.6000	             -157
  671.8000	             -303
  672.0000	             -297
  672.2000	             -286
  672.4000	             -269
  672.6000	             -314
  672.8000	             -406
  673.0000	             -181
  673.2000	             -337
  673.4000	             -192
  673.6000	             -296
  673.8000	             -186
  674.0000	             -359
  674.2000	             -340
  674.4000	             -256
  674.6000	             -379
  674.8000	             -242
  675.0000	             -207
  675.2000	              332
  675.4000	             -280
  675.6000	             -175
  675.8000	             -187
  676.0000	             -310
  676.2000	             -251
  676.4000	             -230
  676.6000	             -176
  676.8000	             -378
  677.0000	             -361
  677.2000	             -257
  677.4000	             -265
  677.6000	             -306
  677.8000	             -189
  678.0000	             -249
  678.2000	             -219
  678.4000	             -288
  678.6000	             -239
  678.8000	             -214
  679.0000	             -262
  679.2000	             -278
  679.4000	             -306
  679.6000	             -299
  679.8000	             -277
  680.0000	             -221
  680.2000	             -291
  680.4000	             -370
  680.6000	             -264
  680.8000	             -324
  681.0000	             -455
  681.2000	             -289
  681.4000	             -267
  681.6000	             -228
  681.8000	             -229
  682.0000	             -279
  682.2000	             -359
  682.4000	             -157
  682.6000	             -282
  682.8000	             -224
  683.0000	             -312
  683.2000	             -322
  683.4000	             -328
  683.6000	             -286
  683.8000	             -242
  684.0000	             -385
  684.2000	             -254
  684.4000	             -215
  684.6000	             -253
  684.8000	             -305
  685.0000	             -225
  685.2000	             -192
  685.4000	             -310
  685.6000	             -331
  685.8000	             -355
  686.0000	             -256
  686.2000	             -283
  686.4000	             -299
  686.6000	             -157
  686.8000	             -231
  687.0000	             -277
  687.2000	                0
  687.4000	             -258
  687.6000	             -189
  687.8000	             -164
  688.0000	             -199
  688.2000	             -244
  688.4000	             -257
  688.6000	             -197
  688.8000	             -242
  689.0000	             -207
  689.2000	             -185
  689.4000	             -253
  689.6000	             -332
  689.8000	             -221
  690.0000	             -270
  690.2000	             -224
  690.4000	             -291
  690.6000	             -334
  690.8000	             -377
  691.0000	             -253
  691.2000	             -224
  691.4000	             -291
  691.6000	             -315
  691.8000	             -373
  692.0000	             -267
  692.2000	             -354
  692.4000	             -338
  692.6000	             -249
  692.8000	             -350
  693.0000	             -418
  693.2000	             -221
  693.4000	             -339
  693.6000	             -289
  693.8000	              119
  694.0000	             -345
  694.2000	             -332
  694.4000	             -210
  694.6000	             -310
  694.8000	             -319
  695.0000	             -253
  695.2000	             -194
  695.4000	             -357
  695.6000	             -244
  695.8000	             -190
  696.0000	             -124
  696.2000	             -338
  696.4000	             1316
  696.6000	             3311
  696.8000	             -238
  697.0000	             -248
  697.2000	             -229
  697.4000	             -300
  697.6000	             -328
  697.8000	             -315
  698.0000	             -299
  698.2000	             -267
  698.4000	             -345
  698.6000	             -351
  698.8000	             -303
  699.0000	             -379
  699.2000	             -195
  699.4000	             -325
  699.6000	             -245
  699.8000	             -310
  700.0000	             -226
  700.2000	             -295
  700.4000	             -197
  700.6000	             -310
  700.8000	             -217
  701.0000	             -272
  701.2000	             -194
  701.4000	             -263
  701.6000	             -283
  701.8000	             -354
  702.0000	             -316
  702.2000	             -205
  702.4000	             -244
  702.6000	             -288
  702.8000	             -330
  703.0000	              852
  703.2000	             -268
  703.4000	             -255
  703.6000	             -220
  703.8000	             -332
  704.0000	             -224
  704.2000	             -205
  704.4000	             -391
  704.6000	             -277
  704.8000	             -240
  705.0000	             -362
  705.2000	             -312
  705.4000	             -268
  705.6000	             -264
  705.8000	             -296
  706.0000	             -262
  706.2000	             -284
  706.4000	             -281
  706.6000	             6408
  706.8000	              791
  707.0000	             -255
  707.2000	             -302
  707.4000	             -292
  707.6000	             -295
  707.8000	             -296
  708.0000	             -330
  708.2000	             -321
  708.4000	             -214
  708.6000	             -267
  708.8000	             -249
  709.0000	             -428
  709.2000	             -299
  709.4000	             -216
  709.6000	             -290
  709.8000	             -362
  710.0000	             -253
  710.2000	             -272
  710.4000	             -260
  710.6000	             -205
  710.8000	             -247
  711.0000	             -336
  711.2000	             -258
  711.4000	             -438
  711.6000	             -327
  711.8000	             -245
  712.0000	             -307
  712.2000	             -302
  712.4000	             -318
  712.6000	             -197
  712.8000	             -342
  713.0000	             -275
  713.2000	             -230
  713.4000	             -325
  713.6000	             -338
  713.8000	             -180
  714.0000	             -327
  714.2000	             -341
  714.4000	             -216
  714.6000	             1049
  714.8000	             -333
  715.0000	             -275
  715.2000	             -236
  715.4000	             -364
  715.6000	             -291
  715.8000	             -210
  716.0000	             -263
  716.2000	             -213
  716.4000	             -277
  716.6000	             -253
  716.8000	             -271
  717.0000	             -247
  717.2000	             -316
  717.4000	             -288
  717.6000	             -303
  717.8000	             -195
  718.0000	             -335
  718.2000	             -261
  718.4000	             -301
  718.6000	             -253
  718.8000	             -221
  719.0000	             -244
  719.2000	             -222
  719.4000	             -333
  719.6000	             -366
  719.8000	             -278
  720.0000	             -349
  720.2000	             -240
  720.4000	             -318
  720.6000	             -114
  720.8000	             -338
  721.0000	             -220
  721.2000	             -266
  721.4000	             -208
  721.6000	             -239
  721.8000	             -355
  722.0000	             -290
  722.2000	             -273
  722.4000	             -277
  722.6000	             -314
  722.8000	             -299
  723.0000	             -306
  723.2000	             -307
  723.4000	             -333
  723.6000	             -271
  723.8000	             -184
  724.0000	             -255
  724.2000	             -263
  724.4000	             -312
  724.6000	             -340
  724.8000	             -328
  725.0000	             -312
  725.2000	             -313
  725.4000	             -242
  725.6000	             -213
  725.8000	             -295
  726.0000	             -302
  726.2000	             -290
  726.4000	             -198
  726.6000	             -302
  726.8000	             -293
  727.0000	             -205
  727.2000	             2695
  727.4000	             -229
  727.6000	             -312
  727.8000	             -310
  728.0000	             -342
  728.2000	             -222
  728.4000	             -263
  728.6000	             -225
  728.8000	             -350
  729.0000	             -259
  729.2000	             -247
  729.4000	             -209
  729.6000	             -254
  729.8000	             -247
  730.0000	             -218
  730.2000	             -318
  730.4000	             -292
  730.6000	             -224
  730.8000	             -177
  731.0000	             -236
  731.2000	             -116
  731.4000	             -196
  731.6000	             -172
  731.8000	             -323
  732.0000	             -308
  732.2000	             -388
  732.4000	             -173
  732.6000	             -262
  732.8000	             -348
  733.0000	             -323
  733.2000	             -285
  733.4000	             -342
  733.6000	             -286
  733.8000	             -305
  734.0000	             -356
  734.2000	             -234
  734.4000	             -280
  734.6000	             -283
  734.8000	             -213
  735.0000	             -204
  735.2000	             -219
  735.4000	             -155
  735.6000	             -263
  735.8000	             -275
  736.0000	             -266
  736.2000	             -199
  736.4000	             -345
  736.6000	             -305
  736.8000	             -246
  737.0000	             -186
  737.2000	             1187
  737.4000	             -252
  737.6000	             -238
  737.8000	             -315
  738.0000	             -273
  738.2000	             -299
  738.4000	            30907
  738.6000	             -244
  738.8000	             -229
  739.0000	             -312
  739.2000	             -284
  739.4000	             -301
  739.6000	             -190
  739.8000	             -190
  740.0000	             -331
  740.2000	             -314
  740.4000	             -327
  740.6000	             -386
  740.8000	             -243
  741.0000	             -285
  741.2000	             -208
  741.4000	             -193
  741.6000	             -336
  741.8000	             -345
  742.0000	             -291
  742.2000	             -348
  742.4000	             -287
  742.6000	             -168
  742.8000	             -205
  743.0000	             -280
  743.2000	             -345
  743.4000	             -308
  743.6000	             -145
  743.8000	             -279
  744.0000	             -213
  744.2000	             -251
  744.4000	             -207
  744.6000	             -360
  744.8000	             -241
  745.0000	             -356
  745.2000	             -224
  745.4000	             -341
  745.6000	             -207
  745.8000	             -180
  746.0000	             -307
  746.2000	             -210
  746.4000	             -259
  746.6000	             -209
  746.8000	             -201
  747.0000	             -297
  747.2000	             -233
  747.4000	             -274
  747.6000	             -244
  747.8000	             -184
  748.0000	             -191
  748.2000	             -235
  748.4000	             -119
  748.6000	             -248
  748.8000	             -333
  749.0000	             -221
  749.2000	             -390
  749.4000	             -356
  749.6000	             -270
  749.8000	             -139
  750.0000	             -180
  750.2000	             1289
  750.4000	            78712
  750.6000	             -126
  750.8000	             -180
  751.0000	             -162
  751.2000	             -214
  751.4000	            51521
  751.6000	             -190
  751.8000	             -226
  752.0000	             -316
  752.2000	             -268
  752.4000	             -232
  752.6000	             -292
  752.8000	             -295
  753.0000	             -272
  753.2000	             -294
  753.4000	             -341
  753.6000	             -205
  753.8000	             -267
  754.0000	             -259
  754.2000	             -294
  754.4000	             -367
  754.6000	             -293
  754.8000	             -317
  755.0000	             -187
  755.2000	             -196
  755.4000	             -292
  755.6000	             -291
  755.8000	             -200
  756.0000	             -352
  756.2000	             -249
  756.4000	             -338
  756.6000	             -208
  756.8000	             -216
  757.0000	             -227
  757.2000	             -180
  757.4000	             -194
  757.6000	             -223
  757.8000	             -219
  758.0000	             -205
  758.2000	             -213
  758.4000	             -306
  758.6000	             -311
  758.8000	             -297
  759.0000	             -178
  759.2000	             -294
  759.4000	             -366
  759.6000	             -278
  759.8000	             -246
  760.0000	             -409
  760.2000	             -243
  760.4000	             -176
  760.6000	             -126
  760.8000	             -249
  761.0000	             -318
  761.2000	             -205
  761.4000	             -199
  761.6000	             -333
  761.8000	             -194
  762.0000	             -257
  762.2000	             -249
  762.4000	             -336
  762.6000	             -241
  762.8000	             -194
  763.0000	             -260
  763.2000	             -292
  763.4000	            56687
  763.6000	              127
  763.8000	             -225
  764.0000	             -277
  764.2000	             -336
  764.4000	             -266
  764.6000	             -268
  764.8000	             -348
  765.0000	             -295
  765.2000	             -277
  765.4000	             -222
  765.6000	             -243
  765.8000	             -205
  766.0000	             -223
  766.2000	             -249
  766.4000	             -242
  766.6000	             -263
  766.8000	             -307
  767.0000	             -212
  767.2000	             -317
  767.4000	             -298
  767.6000	             -235
  767.8000	             -183
  768.0000	             -312
  768.2000	             -287
  768.4000	             -222
  768.6000	             -206
  768.8000	             -244
  769.0000	             -223
  769.2000	             -282
  769.4000	             -259
  769.6000	             -274
  769.8000	             -304
  770.0000	             -228
  770.2000	             -199
  770.4000	             -202
  770.6000	             -203
  770.8000	             -132
  771.0000	             -224
  771.2000	             -186
  771.4000	             -215
  771.6000	             -390
  771.8000	             -294
  772.0000	             -176
  772.2000	               72
  772.4000	            27669
  772.6000	             -187
  772.8000	             -184
  773.0000	             -242
  773.2000	             -358
  773.4000	             -197
  773.6000	             -202
  773.8000	             -197
  774.0000	             -181
  774.2000	             -264
  774.4000	             -206
  774.6000	             -194
  774.8000	             -331
  775.0000	             -207
  775.2000	             -170
  775.4000	             -245
  775.6000	             -363
  775.8000	             -326
  776.0000	             -295
  776.2000	             -374
  776.4000	             -254
  776.6000	             -344
  776.8000	             -182
  777.0000	             -301
  777.2000	             -214
  777.4000	             -190
  777.6000	             -285
  777.8000	             -291
  778.0000	             -379
  778.2000	             -271
  778.4000	             -211
  778.6000	             -300
  778.8000	             -267
  779.0000	             -260
  779.2000	             -288
  779.4000	             -377
  779.6000	             -266
  779.8000	             -205
  780.0000	             -315
  780.2000	             -252
  780.4000	             -274
  780.6000	             -353
  780.8000	             -325
  781.0000	             -264
  781.2000	             -270
  781.4000	             -303
  781.6000	             -276
  781.8000	             -338
  782.0000	             -215
  782.2000	             -397
  782.4000	             -310
  782.6000	             -252
  782.8000	             -207
  783.0000	             -199
  783.2000	             -348
  783.4000	             -347
  783.6000	             -214
  783.8000	             -243
  784.0000	             -299
  784.2000	             -219
  784.4000	             -232
  784.6000	             -223
  784.8000	             -235
  785.0000	             -345
  785.2000	             -334
  785.4000	             -301
  785.6000	             -187
  785.8000	             -283
  786.0000	             -279
  786.2000	             -244
  786.4000	             -264
  786.6000	             -258
  786.8000	             -243
  787.0000	             -392
  787.2000	             -297
  787.4000	             -344
  787.6000	             -210
  787.8000	             -198
  788.0000	             -344
  788.2000	             -248
  788.4000	             -337
  788.6000	             -238
  788.8000	             -328
  789.0000	             -200
  789.2000	             -318
  789.4000	             -273
  789.6000	             -181
  789.8000	             -278
  790.0000	             -267
  790.2000	             -246
  790.4000	             -198
  790.6000	             -293
  790.8000	             -279
  791.0000	             -209
  791.2000	             -246
  791.4000	             -239
  791.6000	             -242
  791.8000	             -308
  792.0000	             -360
  792.2000	             -267
  792.4000	             -323
  792.6000	             -312
  792.8000	             -377
  793.0000	             -242
  793.2000	             -338
  793.4000	             -322
  793.6000	             -218
  793.8000	             -240
  794.0000	             -369
  794.2000	             -273
  794.4000	             -236
  794.6000	             -216
  794.8000	            25807
  795.0000	             -242
  795.2000	             -281
  795.4000	             -370
  795.6000	             -216
  795.8000	             -199
  796.0000	             -294
  796.2000	             -286
  796.4000	             -214
  796.6000	             -230
  796.8000	             -296
  797.0000	             -254
  797.2000	             -318
  797.4000	             -273
  797.6000	             -367
  797.8000	             -318
  798.0000	             -199
  798.2000	             -242
  798.4000	             -187
  798.6000	             -276
  798.8000	             -382
  799.0000	             -290
  799.2000	             -278
  799.4000	             -239
  799.6000	             -321
  799.8000	             -264
  800.0000	             -270
  800.2000	             -237
  800.4000	             -241
  800.6000	            11083
  800.8000	             -163
  801.0000	             -197
  801.2000	             -232
  801.4000	            22434
  801.6000	             -164
  801.8000	             -333
  802.0000	             -228
  802.2000	             -305
  802.4000	             -228
  802.6000	             -231
  802.8000	             -199
  803.0000	             -296
  803.2000	             -280
  803.4000	             -316
  803.6000	             -323
  803.8000	             -300
  804.0000	             -255
  804.2000	             -213
  804.4000	             -288
  804.6000	             -226
  804.8000	             -213
  805.0000	             -223
