  600.0000	             -209
  600.2000	              -65
  600.4000	             -243
  600.6000	             -285
  600.8000	             -310
  601.0000	             -243
  601.2000	             -183
  601.4000	             -298
  601.6000	             -296
  601.8000	             -215
  602.0000	             -284
  602.2000	             -287
  602.4000	             -241
  602.6000	             -289
  602.8000	             -333
  603.0000	             -249
  603.2000	              840
  603.4000	             -313
  603.6000	             -215
  603.8000	             -264
  604.0000	             -313
  604.2000	              -69
  604.4000	             -306
  604.6000	             -217
  604.8000	             -226
  605.0000	             -265
  605.2000	             -242
  605.4000	             -184
  605.6000	             -241
  605.8000	             -194
  606.0000	             -266
  606.2000	             -319
  606.4000	             -247
  606.6000	             -240
  606.8000	             -233
  607.0000	             -338
  607.2000	             -222
  607.4000	             -296
  607.6000	             -213
  607.8000	             -189
  608.0000	             -210
  608.2000	             -243
  608.4000	             -313
  608.6000	             -259
  608.8000	             -267
  609.0000	             -272
  609.2000	             -273
  609.4000	             -201
  609.6000	             -271
  609.8000	             -113
  610.0000	             -194
  610.2000	             -224
  610.4000	             -170
  610.6000	             -213
  610.8000	             -217
  611.0000	             -356
  611.2000	             -302
  611.4000	             -192
  611.6000	             -245
  611.8000	             -308
  612.0000	             -307
  612.2000	             -206
  612.4000	             -175
  612.6000	             -214
  612.8000	             -288
  613.0000	             -336
  613.2000	             -246
  613.4000	             -227
  613.6000	             -295
  613.8000	             -269
  614.0000	             -288
  614.2000	             -269
  614.4000	             -265
  614.6000	             -223
  614.8000	             -269
  615.0000	             -292
  615.2000	             -232
  615.4000	             -316
  615.6000	             -237
  615.8000	             -284
  616.0000	             -228
  616.2000	             -265
  616.4000	             -242
  616.6000	             -289
  616.8000	             -240
  617.0000	             -148
  617.2000	             -164
  617.4000	             -279
  617.6000	             -292
  617.8000	             -348
  618.0000	             -286
  618.2000	             -365
  618.4000	             -299
  618.6000	             -218
  618.8000	             -296
  619.0000	             -364
  619.2000	             -151
  619.4000	             -191
  619.6000	             -384
  619.8000	             -352
  620.0000	             -262
  620.2000	             -333
  620.4000	             -316
  620.6000	             -311
  620.8000	             -279
  621.0000	             -265
  621.2000	             -154
  621.4000	             -316
  621.6000	             -175
  621.8000	             -221
  622.0000	             -348
  622.2000	             -307
  622.4000	             -198
  622.6000	             -286
  622.8000	             -259
  623.0000	             -241
  623.2000	             -213
  623.4000	             -244
  623.6000	             -310
  623.8000	             -357
  624.0000	             -285
  624.2000	             -233
  624.4000	             -294
  624.6000	             -203
  624.8000	             -281
  625.0000	             -193
  625.2000	             -324
  625.4000	             -237
  625.6000	             -295
  625.8000	             -296
  626.0000	             -235
  626.2000	             -264
  626.4000	             -299
  626.6000	             -186
  626.8000	             -234
  627.0000	             -358
  627.2000	             -325
  627.4000	             -302
  627.6000	             -179
  627.8000	             -313
  628.0000	             -205
  628.2000	             -300
  628.4000	             -214
  628.6000	             -390
  628.8000	             -239
  629.0000	             -214
  629.2000	             -315
  629.4000	             -293
  629.6000	             -237
  629.8000	             -263
  630.0000	             -211
  630.2000	             -334
  630.4000	             -258
  630.6000	             -269
  630.8000	             -160
  631.0000	             -278
  631.2000	             -360
  631.4000	             -343
  631.6000	             -232
  631.8000	             -262
  632.0000	             -345
  632.2000	             -255
  632.4000	             -305
  632.6000	             -263
  632.8000	             -345
  633.0000	             -297
  633.2000	             -215
  633.4000	             -298
  633.6000	             -267
  633.8000	             -264
  634.0000	             -233
  634.2000	             -246
  634.4000	             -218
  634.6000	             -240
  634.8000	             -209
  635.0000	             -232
  635.2000	             -281
  635.4000	             -246
  635.6000	             -278
  635.8000	             -215
  636.0000	             -214
  636.2000	             -305
  636.4000	             -254
  636.6000	             -318
  636.8000	             -239
  637.0000	             -342
  637.2000	             -299
  637.4000	             -164
  637.6000	             -247
  637.8000	             -196
  638.0000	             -189
  638.2000	             -277
  638.4000	              -13
  638.6000	             -296
  638.8000	             -217
  639.0000	             -242
  639.2000	             -224
  639.4000	             -190
  639.6000	             -320
  639.8000	             -239
  640.0000	             -213
  640.2000	             -252
  640.4000	             -273
  640.6000	             -306
  640.8000	             -241
  641.0000	             -333
  641.2000	             -231
  641.4000	             -194
  641.6000	              680
  641.8000	             -256
  642.0000	             -265
  642.2000	             -199
  642.4000	             -299
  642.6000	             -145
  642.8000	             -235
  643.0000	             -260
  643.2000	             -159
  643.4000	             -192
  643.6000	             -162
  643.8000	             -296
  644.0000	             -150
  644.2000	             -253
  644.4000	             -253
  644.6000	             -352
  644.8000	             -227
  645.0000	             -259
  645.2000	             -249
  645.4000	             -180
  645.6000	             -217
  645.8000	             -286
  646.0000	             -317
  646.2000	             -317
  646.4000	             -190
  646.6000	             -199
  646.8000	             -291
  647.0000	             -345
  647.2000	             -317
  647.4000	             -304
  647.6000	             -279
  647.8000	             -266
  648.0000	             -193
  648.2000	             -265
  648.4000	             -389
  648.6000	             -328
  648.8000	             -339
  649.0000	             -225
  649.2000	             -349
  649.4000	             -234
  649.6000	             -263
  649.8000	             -257
  650.0000	             -204
  650.2000	             -243
  650.4000	             -204
  650.6000	             -237
  650.8000	             -227
  651.0000	             -201
  651.2000	             -255
  651.4000	             -242
  651.6000	             -233
  651.8000	             -187
  652.0000	             -235
  652.2000	             -300
  652.4000	             -296
  652.6000	             -254
  652.8000	             -244
  653.0000	             -196
  653.2000	             -253
  653.4000	             -192
  653.6000	             -214
  653.8000	             -194
  654.0000	             -294
  654.2000	             -137
  654.4000	             -210
  654.6000	             -296
  654.8000	             -273
  655.0000	             -210
  655.2000	             -334
  655.4000	             -211
  655.6000	             -323
  655.8000	             -208
  656.0000	             -218
  656.2000	             -278
  656.4000	             -210
  656.6000	             -233
  656.8000	             -265
  657.0000	             -328
  657.2000	             -235
  657.4000	             -264
  657.6000	             -317
  657.8000	             -230
  658.0000	             -305
  658.2000	             -246
  658.4000	             -323
  658.6000	             -314
  658.8000	             -239
  659.0000	             -285
  659.2000	             -211
  659.4000	             -214
  659.6000	             -286
  659.8000	             -237
  660.0000	             -227
  660.2000	             -244
  660.4000	             -140
  660.6000	             -192
  660.8000	             -241
  661.0000	             -304
  661.2000	             -207
  661.4000	             -228
  661.6000	             -238
  661.8000	             -184
  662.0000	             -186
  662.2000	             -235
  662.4000	             -249
  662.6000	             -229
  662.8000	             -205
  663.0000	             -307
  663.2000	             -317
  663.4000	             -245
  663.6000	             -274
  663.8000	             -243
  664.0000	             -233
  664.2000	             -224
  664.4000	             -268
  664.6000	             -245
  664.8000	             -260
  665.0000	             -219
  665.2000	             -261
  665.4000	             -213
  665.6000	             -232
  665.8000	             -153
  666.0000	             -211
  666.2000	             -280
  666.4000	             -144
  666.6000	             -292
  666.8000	             -204
  667.0000	             -197
  667.2000	             -236
  667.4000	             -212
  667.6000	              -54
  667.8000	             -208
  668.0000	             -189
  668.2000	             -296
  668.4000	             -180
  668.6000	             -176
  668.8000	              -89
  669.0000	             -306
  669.2000	             -267
  669.4000	             -225
  669.6000	             -280
  669.8000	             -200
  670.0000	             -261
  670.2000	             -214
  670.4000	             -266
  670.6000	             -258
  670.8000	             -235
  671.0000	             -328
  671.2000	             -244
  671.4000	             -236
  671.6000	             -337
  671.8000	             -215
  672.0000	             -195
  672.2000	             -327
  672.4000	             -191
  672.6000	             -241
  672.8000	             -307
  673.0000	             -239
  673.2000	             -272
  673.4000	             -235
  673.6000	             -258
  673.8000	             -299
  674.0000	             -192
  674.2000	             -203
  674.4000	             -187
  674.6000	             -188
  674.8000	             -246
  675.0000	             -233
  675.2000	              314
  675.4000	             -165
  675.6000	             -149
  675.8000	             -169
  676.0000	             -303
  676.2000	             -319
  676.4000	             -354
  676.6000	             -215
  676.8000	             -241
  677.0000	             -265
  677.2000	             -235
  677.4000	             -231
  677.6000	             -241
  677.8000	             -188
  678.0000	             -317
  678.2000	             -293
  678.4000	             -276
  678.6000	             -313
  678.8000	             -161
  679.0000	             -242
  679.2000	             -297
  679.4000	             -240
  679.6000	             -262
  679.8000	             -267
  680.0000	             -333
  680.2000	             -262
  680.4000	             -252
  680.6000	             -240
  680.8000	             -361
  681.0000	             -256
  681.2000	             -262
  681.4000	             -175
  681.6000	             -288
  681.8000	             -181
  682.0000	             -278
  682.2000	             -257
  682.4000	             -207
  682.6000	             -193
  682.8000	             -288
  683.0000	             -272
  683.2000	             -156
  683.4000	             -310
  683.6000	             -165
  683.8000	             -338
  684.0000	             -232
  684.2000	             -246
  684.4000	             -245
  684.6000	             -267
  684.8000	             -255
  685.0000	             -293
  685.2000	             -204
  685.4000	             -253
  685.6000	             -190
  685.8000	             -244
  686.0000	             -172
  686.2000	             -385
  686.4000	             -204
  686.6000	             -189
  686.8000	             -350
  687.0000	             -180
  687.2000	               79
  687.4000	             -190
  687.6000	             -352
  687.8000	             -328
  688.0000	             -306
  688.2000	             -296
  688.4000	             -213
  688.6000	             -205
  688.8000	             -194
  689.0000	             -267
  689.2000	             -176
  689.4000	             -253
  689.6000	             -295
  689.8000	             -296
  690.0000	             -214
  690.2000	             -299
  690.4000	             -330
  690.6000	             -233
  690.8000	             -333
  691.0000	             -295
  691.2000	             -216
  691.4000	             -302
  691.6000	             -303
  691.8000	             -296
  692.0000	             -177
  692.2000	             -248
  692.4000	             -211
  692.6000	             -237
  692.8000	             -263
  693.0000	             -282
  693.2000	             -239
  693.4000	             -236
  693.6000	             -202
  693.8000	              -27
  694.0000	             -296
  694.2000	             -378
  694.4000	             -310
  694.6000	             -267
  694.8000	             -291
  695.0000	             -286
  695.2000	             -288
  695.4000	             -226
  695.6000	             -314
  695.8000	             -173
  696.0000	             -175
  696.2000	             -207
  696.4000	             1447
  696.6000	             3525
  696.8000	             -148
  697.0000	             -288
  697.2000	             -282
  697.4000	             -267
  697.6000	             -175
  697.8000	             -169
  698.0000	             -338
  698.2000	             -205
  698.4000	             -285
  698.6000	             -230
  698.8000	             -358
  699.0000	             -221
  699.2000	             -193
  699.4000	             -295
  699.6000	             -332
  699.8000	             -131
  700.0000	             -224
  700.2000	             -242
  700.4000	             -296
  700.6000	             -295
  700.8000	             -339
  701.0000	             -290
  701.2000	             -185
  701.4000	             -232
  701.6000	             -297
  701.8000	             -269
  702.0000	             -285
  702.2000	             -293
  702.4000	             -323
  702.6000	             -181
  702.8000	             -185
  703.0000	              758
  703.2000	             -244
  703.4000	             -306
  703.6000	             -195
  703.8000	             -295
  704.0000	             -336
  704.2000	             -276
  704.4000	             -211
  704.6000	             -210
  704.8000	             -173
  705.0000	             -197
  705.2000	             -286
  705.4000	             -288
  705.6000	             -267
  705.8000	             -294
  706.0000	             -294
  706.2000	             -201
  706.4000	             -217
  706.6000	             6099
  706.8000	              728
  707.0000	             -351
  707.2000	             -194
  707.4000	             -224
  707.6000	             -338
  707.8000	             -340
  708.0000	             -262
  708.2000	             -214
  708.4000	             -189
  708.6000	             -314
  708.8000	             -284
  709.0000	             -288
  709.2000	             -211
  709.4000	             -290
  709.6000	             -375
  709.8000	             -257
  710.0000	             -250
  710.2000	             -236
  710.4000	             -239
  710.6000	             -168
  710.8000	             -323
  711.0000	             -219
  711.2000	             -296
  711.4000	             -203
  711.6000	             -245
  711.8000	             -197
  712.0000	             -254
  712.2000	             -243
  712.4000	             -291
  712.6000	             -211
  712.8000	             -279
  713.0000	             -248
  713.2000	             -299
  713.4000	             -241
  713.6000	             -244
  713.8000	             -232
  714.0000	             -229
  714.2000	             -235
  714.4000	             -337
  714.6000	             1044
  714.8000	             -310
  715.0000	             -289
  715.2000	             -293
  715.4000	             -214
  715.6000	             -244
  715.8000	             -204
  716.0000	             -339
  716.2000	             -207
  716.4000	             -170
  716.6000	             -242
  716.8000	             -252
  717.0000	             -302
  717.2000	             -296
  717.4000	             -194
  717.6000	             -315
  717.8000	             -203
  718.0000	             -292
  718.2000	             -307
  718.4000	             -259
  718.6000	             -185
  718.8000	             -296
  719.0000	             -224
  719.2000	             -227
  719.4000	             -231
  719.6000	             -357
  719.8000	             -277
  720.0000	             -287
  720.2000	             -210
  720.4000	             -137
  720.6000	                0
  720.8000	             -198
  721.0000	             -273
  721.2000	             -278
  721.4000	             -258
  721.6000	             -254
  721.8000	             -214
  722.0000	             -349
  722.2000	             -255
  722.4000	             -315
  722.6000	             -181
  722.8000	             -199
  723.0000	             -345
  723.2000	             -259
  723.4000	             -233
  723.6000	             -224
  723.8000	             -242
  724.0000	             -337
  724.2000	             -290
  724.4000	             -221
  724.6000	             -299
  724.8000	             -166
  725.0000	             -325
  725.2000	             -254
  725.4000	             -128
  725.6000	             -247
  725.8000	             -209
  726.0000	             -315
  726.2000	             -224
  726.4000	             -191
  726.6000	             -194
  726.8000	             -187
  727.0000	             -227
  727.2000	             2569
  727.4000	             -228
  727.6000	             -209
  727.8000	             -242
  728.0000	             -307
  728.2000	             -257
  728.4000	             -253
  728.6000	             -216
  728.8000	             -357
  729.0000	             -205
  729.2000	             -342
  729.4000	             -341
  729.6000	             -225
  729.8000	             -290
  730.0000	             -306
  730.2000	             -215
  730.4000	             -285
  730.6000	             -215
  730.8000	             -307
  731.0000	             -206
  731.2000	              -60
  731.4000	             -208
  731.6000	              -41
  731.8000	             -223
  732.0000	             -280
  732.2000	             -241
  732.4000	             -261
  732.6000	             -350
  732.8000	             -274
  733.0000	             -315
  733.2000	             -303
  733.4000	             -325
  733.6000	             -297
  733.8000	             -239
  734.0000	             -299
  734.2000	             -292
  734.4000	             -239
  734.6000	             -304
  734.8000	             -228
  735.0000	             -148
  735.2000	             -147
  735.4000	             -194
  735.6000	             -174
  735.8000	             -245
  736.0000	             -267
  736.2000	             -253
  736.4000	             -333
  736.6000	             -171
  736.8000	             -333
  737.0000	             -180
  737.2000	             1213
  737.4000	             -168
  737.6000	             -289
  737.8000	             -249
  738.0000	             -239
  738.2000	             -174
  738.4000	            30518
  738.6000	             -173
  738.8000	             -244
  739.0000	             -294
  739.2000	             -292
  739.4000	             -249
  739.6000	             -211
  739.8000	             -223
  740.0000	             -258
  740.2000	             -205
  740.4000	             -392
  740.6000	             -241
  740.8000	             -153
  741.0000	             -149
  741.2000	             -162
  741.4000	             -183
  741.6000	             -343
  741.8000	             -249
  742.0000	             -269
  742.2000	             -232
  742.4000	             -373
  742.6000	             -358
  742.8000	             -281
  743.0000	             -308
  743.2000	             -334
  743.4000	             -279
  743.6000	             -168
  743.8000	             -284
  744.0000	             -198
  744.2000	             -224
  744.4000	             -299
  744.6000	             -292
  744.8000	             -288
  745.0000	             -254
  745.2000	             -172
  745.4000	             -208
  745.6000	             -175
  745.8000	             -228
  746.0000	             -272
  746.2000	             -214
  746.4000	             -356
  746.6000	             -126
  746.8000	             -219
  747.0000	             -237
  747.2000	             -220
  747.4000	             -241
  747.6000	             -186
  747.8000	             -246
  748.0000	             -208
  748.2000	             -189
  748.4000	             -150
  748.6000	             -194
  748.8000	             -229
  749.0000	             -192
  749.2000	             -228
  749.4000	             -200
  749.6000	             -248
  749.8000	             -196
  750.0000	               -7
  750.2000	             1038
  750.4000	            79934
  750.6000	             -114
  750.8000	             -181
  751.0000	             -125
  751.2000	             -201
  751.4000	            51135
  751.6000	             -131
  751.8000	             -208
  752.0000	             -230
  752.2000	             -211
  752.4000	             -147
  752.6000	             -201
  752.8000	             -228
  753.0000	             -190
  753.2000	             -279
  753.4000	             -223
  753.6000	             -184
  753.8000	             -199
  754.0000	             -295
  754.2000	             -252
  754.4000	             -267
  754.6000	             -219
  754.8000	             -296
  755.0000	             -304
  755.2000	             -230
  755.4000	             -286
  755.6000	             -244
  755.8000	             -238
  756.0000	             -184
  756.2000	             -239
  756.4000	             -352
  756.6000	             -223
  756.8000	             -189
  757.0000	             -342
  757.2000	             -290
  757.4000	             -302
  757.6000	             -214
  757.8000	             -198
  758.0000	             -243
  758.2000	             -244
  758.4000	             -204
  758.6000	             -215
  758.8000	             -242
  759.0000	             -219
  759.2000	             -158
  759.4000	             -237
  759.6000	             -160
  759.8000	             -239
  760.0000	             -168
  760.2000	             -242
  760.4000	             -241
  760.6000	             -186
  760.8000	             -206
  761.0000	             -190
  761.2000	             -238
  761.4000	             -296
  761.6000	             -235
  761.8000	             -187
  762.0000	             -230
  762.2000	             -170
  762.4000	             -238
  762.6000	             -173
  762.8000	             -220
  763.0000	             -278
  763.2000	             -176
  763.4000	            53133
  763.6000	              108
  763.8000	             -172
  764.0000	             -199
  764.2000	             -194
  764.4000	             -248
  764.6000	             -235
  764.8000	             -192
  765.0000	             -219
  765.2000	             -215
  765.4000	             -306
  765.6000	             -284
  765.8000	             -317
  766.0000	             -210
  766.2000	             -255
  766.4000	             -227
  766.6000	             -164
  766.8000	             -241
  767.0000	             -168
  767.2000	             -301
  767.4000	             -237
  767.6000	             -286
  767.8000	             -296
  768.0000	             -336
  768.2000	             -139
  768.4000	             -190
  768.6000	             -179
  768.8000	             -235
  769.0000	             -220
  769.2000	             -202
  769.4000	             -179
  769.6000	             -229
  769.8000	             -285
  770.0000	              -98
  770.2000	             -203
  770.4000	             -233
  770.6000	             -290
  770.8000	             -243
  771.0000	             -257
  771.2000	             -188
  771.4000	             -249
  771.6000	             -275
  771.8000	             -180
  772.0000	             -181
  772.2000	               94
  772.4000	            28208
  772.6000	             -198
  772.8000	             -245
  773.0000	              -33
  773.2000	             -194
  773.4000	             -201
  773.6000	             -223
  773.8000	             -282
  774.0000	             -315
  774.2000	             -271
  774.4000	             -190
  774.6000	             -302
  774.8000	             -272
  775.0000	             -233
  775.2000	             -175
  775.4000	             -235
  775.6000	             -255
  775.8000	             -317
  776.0000	             -227
  776.2000	             -225
  776.4000	             -236
  776.6000	             -219
  776.8000	             -230
  777.0000	             -261
  777.2000	             -187
  777.4000	             -183
  777.6000	             -249
  777.8000	             -333
  778.0000	             -231
  778.2000	             -347
  778.4000	             -348
  778.6000	             -233
  778.8000	             -236
  779.0000	             -156
  779.2000	             -218
  779.4000	             -328
  779.6000	             -209
  779.8000	             -236
  780.0000	             -198
  780.2000	             -307
  780.4000	             -242
  780.6000	             -235
  780.8000	             -254
  781.0000	             -309
  781.2000	             -196
  781.4000	             -177
  781.6000	             -312
  781.8000	             -214
  782.0000	             -247
  782.2000	             -254
  782.4000	             -257
  782.6000	             -181
  782.8000	             -275
  783.0000	             -369
  783.2000	             -245
  783.4000	             -313
  783.6000	             -297
  783.8000	             -218
  784.0000	             -225
  784.2000	             -208
  784.4000	             -276
  784.6000	             -287
  784.8000	             -273
  785.0000	             -239
  785.2000	             -348
  785.4000	             -254
  785.6000	             -244
  785.8000	             -307
  786.0000	             -267
  786.2000	             -246
  786.4000	             -245
  786.6000	             -166
  786.8000	             -293
  787.0000	             -334
  787.2000	             -192
  787.4000	             -197
  787.6000	             -232
  787.8000	             -334
  788.0000	             -257
  788.2000	             -298
  788.4000	             -244
  788.6000	             -231
  788.8000	             -294
  789.0000	             -188
  789.2000	             -263
  789.4000	             -213
  789.6000	             -306
  789.8000	             -310
  790.0000	             -253
  790.2000	             -303
  790.4000	             -199
  790.6000	             -291
  790.8000	             -277
  791.0000	             -148
  791.2000	             -294
  791.4000	             -197
  791.6000	             -229
  791.8000	             -327
  792.0000	             -190
  792.2000	             -182
  792.4000	             -235
  792.6000	             -366
  792.8000	             -238
  793.0000	             -299
  793.2000	             -317
  793.4000	             -214
  793.6000	             -287
  793.8000	             -215
  794.0000	             -207
  794.2000	             -199
  794.4000	             -404
  794.6000	             -224
  794.8000	            26331
  795.0000	             -120
  795.2000	             -296
  795.4000	             -299
  795.6000	             -255
  795.8000	             -255
  796.0000	             -235
  796.2000	             -260
  796.4000	             -282
  796.6000	             -296
  796.8000	             -199
  797.0000	             -285
  797.2000	             -182
  797.4000	             -171
  797.6000	             -236
  797.8000	             -285
  798.0000	             -235
  798.2000	             -268
  798.4000	             -209
  798.6000	             -282
  798.8000	             -200
  799.0000	             -215
  799.2000	             -192
  799.4000	             -287
  799.6000	             -216
  799.8000	             -200
  800.0000	             -277
  800.2000	             -274
  800.4000	             -174
  800.6000	            10767
  800.8000	             -229
  801.0000	             -251
  801.2000	             -320
  801.4000	            22008
  801.6000	             -159
  801.8000	             -230
  802.0000	             -223
  802.2000	             -284
  802.4000	             -300
  802.6000	             -289
  802.8000	             -246
  803.0000	             -256
  803.2000	             -259
  803.4000	             -290
  803.6000	             -221
  803.8000	             -310
  804.0000	             -320
  804.2000	             -239
  804.4000	             -334
  804.6000	             -341
  804.8000	             -301
  805.0000	             -269
