  600.0000	             -578
  600.2000	             -591
  600.4000	             -581
  600.6000	             -602
  600.8000	             -636
  601.0000	             -626
  601.2000	             -623
  601.4000	             -636
  601.6000	             -630
  601.8000	             -632
  602.0000	             -646
  602.2000	             -630
  602.4000	             -623
  602.6000	             -623
  602.8000	             -627
  603.0000	             -620
  603.2000	             -543
  603.4000	             -623
  603.6000	             -627
  603.8000	             -626
  604.0000	             -640
  604.2000	             -591
  604.4000	             -626
  604.6000	             -631
  604.8000	             -620
  605.0000	             -592
  605.2000	             -578
  605.4000	             -625
  605.6000	             -633
  605.8000	             -597
  606.0000	             -607
  606.2000	             -591
  606.4000	             -598
  606.6000	             -645
  606.8000	             -607
  607.0000	             -601
  607.2000	             -597
  607.4000	             -631
  607.6000	             -623
  607.8000	             -623
  608.0000	             -625
  608.2000	             -615
  608.4000	             -596
  608.6000	             -623
  608.8000	             -637
  609.0000	             -605
  609.2000	             -630
  609.4000	             -638
  609.6000	             -607
  609.8000	             -600
  610.0000	             -556
  610.2000	             -607
  610.4000	             -597
  610.6000	             -597
  610.8000	             -588
  611.0000	             -633
  611.2000	             -642
  611.4000	             -621
  611.6000	             -598
  611.8000	             -611
  612.0000	             -620
  612.2000	             -633
  612.4000	             -588
  612.6000	             -614
  612.8000	             -610
  613.0000	             -632
  613.2000	             -626
  613.4000	             -631
  613.6000	             -612
  613.8000	             -601
  614.0000	             -572
  614.2000	             -633
  614.4000	             -625
  614.6000	             -643
  614.8000	             -597
  615.0000	             -593
  615.2000	             -598
  615.4000	             -588
  615.6000	             -609
  615.8000	             -589
  616.0000	             -618
  616.2000	             -613
  616.4000	             -626
  616.6000	             -609
  616.8000	             -597
  617.0000	             -591
  617.2000	             -586
  617.4000	             -625
  617.6000	             -565
  617.8000	             -605
  618.0000	             -594
  618.2000	             -626
  618.4000	             -625
  618.6000	             -588
  618.8000	             -627
  619.0000	             -620
  619.2000	             -578
  619.4000	             -597
  619.6000	             -591
  619.8000	             -610
  620.0000	             -620
  620.2000	             -594
  620.4000	             -610
  620.6000	             -588
  620.8000	             -636
  621.0000	             -661
  621.2000	             -630
  621.4000	             -621
  621.6000	             -614
  621.8000	             -635
  622.0000	             -627
  622.2000	             -597
  622.4000	             -633
  622.6000	             -623
  622.8000	             -591
  623.0000	             -588
  623.2000	             -649
  623.4000	             -613
  623.6000	             -621
  623.8000	             -588
  624.0000	             -636
  624.2000	             -604
  624.4000	             -605
  624.6000	             -610
  624.8000	             -576
  625.0000	             -588
  625.2000	             -605
  625.4000	             -625
  625.6000	             -603
  625.8000	             -621
  626.0000	             -591
  626.2000	             -602
  626.4000	             -609
  626.6000	             -565
  626.8000	             -632
  627.0000	             -630
  627.2000	             -628
  627.4000	             -599
  627.6000	             -605
  627.8000	             -649
  628.0000	             -597
  628.2000	             -599
  628.4000	             -638
  628.6000	             -627
  628.8000	             -585
  629.0000	             -632
  629.2000	             -640
  629.4000	             -601
  629.6000	             -573
  629.8000	             -575
  630.0000	             -601
  630.2000	             -630
  630.4000	             -607
  630.6000	             -638
  630.8000	             -645
  631.0000	             -597
  631.2000	             -587
  631.4000	             -597
  631.6000	             -625
  631.8000	             -623
  632.0000	             -628
  632.2000	             -620
  632.4000	             -597
  632.6000	             -597
  632.8000	             -608
  633.0000	             -633
  633.2000	             -643
  633.4000	             -608
  633.6000	             -625
  633.8000	             -632
  634.0000	             -612
  634.2000	             -625
  634.4000	             -617
  634.6000	             -598
  634.8000	             -587
  635.0000	             -623
  635.2000	             -638
  635.4000	             -604
  635.6000	             -618
  635.8000	             -607
  636.0000	             -578
  636.2000	             -613
  636.4000	             -585
  636.6000	             -620
  636.8000	             -632
  637.0000	             -620
  637.2000	             -601
  637.4000	             -620
  637.6000	             -568
  637.8000	             -628
  638.0000	             -645
  638.2000	             -579
  638.4000	             -630
  638.6000	             -620
  638.8000	             -623
  639.0000	             -611
  639.2000	             -620
  639.4000	             -544
  639.6000	             -599
  639.8000	             -626
  640.0000	             -609
  640.2000	             -626
  640.4000	             -597
  640.6000	             -620
  640.8000	             -637
  641.0000	             -628
  641.2000	             -632
  641.4000	             -598
  641.6000	             -566
  641.8000	             -622
  642.0000	             -602
  642.2000	             -625
  642.4000	             -590
  642.6000	             -597
  642.8000	             -621
  643.0000	             -625
  643.2000	             -589
  643.4000	             -623
  643.6000	             -626
  643.8000	             -621
  644.0000	             -624
  644.2000	             -623
  644.4000	             -616
  644.6000	             -620
  644.8000	             -607
  645.0000	             -578
  645.2000	             -591
  645.4000	             -637
  645.6000	             -619
  645.8000	             -566
  646.0000	             -621
  646.2000	             -578
  646.4000	             -591
  646.6000	             -578
  646.8000	             -570
  647.0000	             -642
  647.2000	             -626
  647.4000	             -646
  647.6000	             -629
  647.8000	             -579
  648.0000	             -597
  648.2000	             -599
  648.4000	             -621
  648.6000	             -570
  648.8000	             -614
  649.0000	             -627
  649.2000	             -596
  649.4000	             -625
  649.6000	             -607
  649.8000	             -597
  650.0000	             -621
  650.2000	             -625
  650.4000	             -597
  650.6000	             -618
  650.8000	             -608
  651.0000	             -559
  651.2000	             -621
  651.4000	             -575
  651.6000	             -559
  651.8000	             -578
  652.0000	             -625
  652.2000	             -596
  652.4000	             -607
  652.6000	             -627
  652.8000	             -563
  653.0000	             -626
  653.2000	             -608
  653.4000	             -573
  653.6000	             -588
  653.8000	             -607
  654.0000	             -578
  654.2000	             -579
  654.4000	             -600
  654.6000	             -608
  654.8000	             -626
  655.0000	             -591
  655.2000	             -626
  655.4000	             -620
  655.6000	             -630
  655.8000	             -623
  656.0000	             -629
  656.2000	             -597
  656.4000	             -626
  656.6000	             -628
  656.8000	             -623
  657.0000	             -625
  657.2000	             -593
  657.4000	             -616
  657.6000	             -620
  657.8000	             -578
  658.0000	             -621
  658.2000	             -626
  658.4000	             -574
  658.6000	             -623
  658.8000	             -554
  659.0000	             -574
  659.2000	             -577
  659.4000	             -600
  659.6000	             -621
  659.8000	             -578
  660.0000	             -602
  660.2000	             -621
  660.4000	             -584
  660.6000	             -627
  660.8000	             -570
  661.0000	             -622
  661.2000	             -566
  661.4000	             -584
  661.6000	             -580
  661.8000	             -607
  662.0000	             -574
  662.2000	             -592
  662.4000	             -621
  662.6000	             -631
  662.8000	             -590
  663.0000	             -597
  663.2000	             -608
  663.4000	             -630
  663.6000	             -565
  663.8000	             -588
  664.0000	             -620
  664.2000	             -561
  664.4000	             -624
  664.6000	             -584
  664.8000	             -603
  665.0000	             -630
  665.2000	             -578
  665.4000	             -579
  665.6000	             -577
  665.8000	             -628
  666.0000	             -585
  666.2000	             -583
  666.4000	             -626
  666.6000	             -608
  666.8000	             -630
  667.0000	             -611
  667.2000	             -578
  667.4000	             -573
  667.6000	             -588
  667.8000	             -618
  668.0000	             -608
  668.2000	             -578
  668.4000	             -579
  668.6000	             -602
  668.8000	             -579
  669.0000	             -601
  669.2000	             -563
  669.4000	             -573
  669.6000	             -630
  669.8000	             -579
  670.0000	             -578
  670.2000	             -609
  670.4000	             -596
  670.6000	             -625
  670.8000	             -597
  671.0000	             -623
  671.2000	             -620
  671.4000	             -627
  671.6000	             -581
  671.8000	             -636
  672.0000	             -621
  672.2000	             -620
  672.4000	             -589
  672.6000	             -570
  672.8000	             -636
  673.0000	             -553
  673.2000	             -626
  673.4000	             -621
  673.6000	             -636
  673.8000	             -633
  674.0000	             -621
  674.2000	             -580
  674.4000	             -633
  674.6000	             -626
  674.8000	             -623
  675.0000	             -591
  675.2000	             -576
  675.4000	             -627
  675.6000	             -584
  675.8000	             -621
  676.0000	             -625
  676.2000	             -578
  676.4000	             -643
  676.6000	             -610
  676.8000	             -609
  677.0000	             -621
  677.2000	             -597
  677.4000	             -613
  677.6000	             -607
  677.8000	             -626
  678.0000	             -599
  678.2000	             -621
  678.4000	             -589
  678.6000	             -619
  678.8000	             -582
  679.0000	             -571
  679.2000	             -603
  679.4000	             -630
  679.6000	             -588
  679.8000	             -623
  680.0000	             -634
  680.2000	             -605
  680.4000	             -626
  680.6000	             -589
  680.8000	             -579
  681.0000	             -638
  681.2000	             -585
  681.4000	             -646
  681.6000	             -643
  681.8000	             -627
  682.0000	             -630
  682.2000	             -632
  682.4000	             -626
  682.6000	             -605
  682.8000	             -627
  683.0000	             -623
  683.2000	             -597
  683.4000	             -626
  683.6000	             -608
  683.8000	             -593
  684.0000	             -597
  684.2000	             -621
  684.4000	             -626
  684.6000	             -605
  684.8000	             -630
  685.0000	             -618
  685.2000	             -561
  685.4000	             -597
  685.6000	             -589
  685.8000	             -648
  686.0000	             -633
  686.2000	             -597
  686.4000	             -636
  686.6000	             -626
  686.8000	             -597
  687.0000	             -597
  687.2000	             -630
  687.4000	             -578
  687.6000	             -632
  687.8000	             -593
  688.0000	             -596
  688.2000	             -620
  688.4000	             -603
  688.6000	             -631
  688.8000	             -637
  689.0000	             -589
  689.2000	             -592
  689.4000	             -630
  689.6000	             -650
  689.8000	             -615
  690.0000	             -636
  690.2000	             -621
  690.4000	             -599
  690.6000	             -631
  690.8000	             -626
  691.0000	             -607
  691.2000	             -643
  691.4000	             -604
  691.6000	             -581
  691.8000	             -625
  692.0000	             -627
  692.2000	             -620
  692.4000	             -634
  692.6000	             -636
  692.8000	             -597
  693.0000	             -588
  693.2000	             -588
  693.4000	             -597
  693.6000	             -623
  693.8000	             -578
  694.0000	             -626
  694.2000	             -611
  694.4000	             -630
  694.6000	             -614
  694.8000	             -636
  695.0000	             -636
  695.2000	             -634
  695.4000	             -619
  695.6000	             -636
  695.8000	             -602
  696.0000	             -584
  696.2000	             -623
  696.4000	             -437
  696.6000	             -263
  696.8000	             -591
  697.0000	             -576
  697.2000	             -622
  697.4000	             -656
  697.6000	             -626
  697.8000	             -628
  698.0000	             -620
  698.2000	             -625
  698.4000	             -598
  698.6000	             -643
  698.8000	             -627
  699.0000	             -611
  699.2000	             -626
  699.4000	             -582
  699.6000	             -652
  699.8000	             -640
  700.0000	             -648
  700.2000	             -650
  700.4000	             -616
  700.6000	             -633
  700.8000	             -632
  701.0000	             -626
  701.2000	             -630
  701.4000	             -622
  701.6000	             -629
  701.8000	             -579
  702.0000	             -646
  702.2000	             -642
  702.4000	             -635
  702.6000	             -589
  702.8000	             -648
  703.0000	             -604
  703.2000	             -592
  703.4000	             -614
  703.6000	             -647
  703.8000	             -612
  704.0000	             -649
  704.2000	             -646
  704.4000	             -631
  704.6000	             -627
  704.8000	             -579
  705.0000	             -601
  705.2000	             -626
  705.4000	             -637
  705.6000	             -637
  705.8000	             -597
  706.0000	             -584
  706.2000	             -626
  706.4000	             -656
  706.6000	             -198
  706.8000	             -594
  707.0000	             -614
  707.2000	             -589
  707.4000	             -604
  707.6000	             -579
  707.8000	             -636
  708.0000	             -635
  708.2000	             -646
  708.4000	             -597
  708.6000	             -583
  708.8000	             -626
  709.0000	             -596
  709.2000	             -603
  709.4000	             -559
  709.6000	             -561
  709.8000	             -579
  710.0000	             -651
  710.2000	             -580
  710.4000	             -627
  710.6000	             -644
  710.8000	             -642
  711.0000	             -585
  711.2000	             -633
  711.4000	             -642
  711.6000	             -622
  711.8000	             -603
  712.0000	             -640
  712.2000	             -593
  712.4000	             -632
  712.6000	             -568
  712.8000	             -639
  713.0000	             -637
  713.2000	             -589
  713.4000	             -643
  713.6000	             -608
  713.8000	             -611
  714.0000	             -585
  714.2000	             -653
  714.4000	             -603
  714.6000	             -491
  714.8000	             -642
  715.0000	             -643
  715.2000	             -636
  715.4000	             -578
  715.6000	             -620
  715.8000	             -580
  716.0000	             -627
  716.2000	             -637
  716.4000	             -608
  716.6000	             -614
  716.8000	             -608
  717.0000	             -632
  717.2000	             -632
  717.4000	             -657
  717.6000	             -604
  717.8000	             -656
  718.0000	             -624
  718.2000	             -579
  718.4000	             -626
  718.6000	             -656
  718.8000	             -614
  719.0000	             -638
  719.2000	             -645
  719.4000	             -651
  719.6000	             -635
  719.8000	             -579
  720.0000	             -658
  720.2000	             -616
  720.4000	             -588
  720.6000	             -642
  720.8000	             -632
  721.0000	             -646
  721.2000	             -657
  721.4000	             -651
  721.6000	             -626
  721.8000	             -626
  722.0000	             -657
  722.2000	             -657
  722.4000	             -636
  722.6000	             -628
  722.8000	             -613
  723.0000	             -636
  723.2000	             -600
  723.4000	             -635
  723.6000	             -639
  723.8000	             -603
  724.0000	             -593
  724.2000	             -607
  724.4000	             -628
  724.6000	             -636
  724.8000	             -625
  725.0000	             -646
  725.2000	             -622
  725.4000	             -612
  725.6000	             -638
  725.8000	             -579
  726.0000	             -639
  726.2000	             -651
  726.4000	             -656
  726.6000	             -645
  726.8000	             -597
  727.0000	             -626
  727.2000	             -395
  727.4000	             -593
  727.6000	             -620
  727.8000	             -635
  728.0000	             -631
  728.2000	             -644
  728.4000	             -588
  728.6000	             -590
  728.8000	             -612
  729.0000	             -589
  729.2000	             -612
  729.4000	             -644
  729.6000	             -626
  729.8000	             -567
  730.0000	             -620
  730.2000	             -637
  730.4000	             -586
  730.6000	             -648
  730.8000	             -626
  731.0000	             -646
  731.2000	             -604
  731.4000	             -620
  731.6000	             -635
  731.8000	             -631
  732.0000	             -651
  732.2000	             -637
  732.4000	             -627
  732.6000	             -638
  732.8000	             -630
  733.0000	             -599
  733.2000	             -637
  733.4000	             -603
  733.6000	             -630
  733.8000	             -601
  734.0000	             -643
  734.2000	             -583
  734.4000	             -621
  734.6000	             -626
  734.8000	             -585
  735.0000	             -597
  735.2000	             -588
  735.4000	             -623
  735.6000	             -623
  735.8000	             -630
  736.0000	             -626
  736.2000	             -623
  736.4000	             -630
  736.6000	             -631
  736.8000	             -579
  737.0000	             -626
  737.2000	             -602
  737.4000	             -588
  737.6000	             -635
  737.8000	             -638
  738.0000	             -638
  738.2000	             -626
  738.4000	              702
  738.6000	             -630
  738.8000	             -636
  739.0000	             -619
  739.2000	             -604
  739.4000	             -635
  739.6000	             -602
  739.8000	             -593
  740.0000	             -622
  740.2000	             -604
  740.4000	             -632
  740.6000	             -626
  740.8000	             -579
  741.0000	             -626
  741.2000	             -648
  741.4000	             -636
  741.6000	             -604
  741.8000	             -579
  742.0000	             -631
  742.2000	             -648
  742.4000	             -579
  742.6000	             -603
  742.8000	             -626
  743.0000	             -608
  743.2000	             -657
  743.4000	             -601
  743.6000	             -604
  743.8000	             -638
  744.0000	             -599
  744.2000	             -632
  744.4000	             -620
  744.6000	             -621
  744.8000	             -623
  745.0000	             -578
  745.2000	             -620
  745.4000	             -627
  745.6000	             -601
  745.8000	             -625
  746.0000	             -591
  746.2000	             -588
  746.4000	             -623
  746.6000	             -591
  746.8000	             -619
  747.0000	             -591
  747.2000	             -625
  747.4000	             -626
  747.6000	             -601
  747.8000	             -597
  748.0000	             -599
  748.2000	             -585
  748.4000	             -631
  748.6000	             -623
  748.8000	             -623
  749.0000	             -621
  749.2000	             -632
  749.4000	             -603
  749.6000	             -601
  749.8000	             -614
  750.0000	             -561
  750.2000	             -514
  750.4000	             3375
  750.6000	             -579
  750.8000	             -571
  751.0000	             -614
  751.2000	             -596
  751.4000	             1552
  751.6000	             -608
  751.8000	             -597
  752.0000	             -626
  752.2000	             -636
  752.4000	             -610
  752.6000	             -588
  752.8000	             -578
  753.0000	             -597
  753.2000	             -599
  753.4000	             -602
  753.6000	             -626
  753.8000	             -631
  754.0000	             -636
  754.2000	             -626
  754.4000	             -607
  754.6000	             -632
  754.8000	             -622
  755.0000	             -627
  755.2000	             -648
  755.4000	             -626
  755.6000	             -589
  755.8000	             -633
  756.0000	             -630
  756.2000	             -638
  756.4000	             -625
  756.6000	             -639
  756.8000	             -626
  757.0000	             -609
  757.2000	             -588
  757.4000	             -623
  757.6000	             -623
  757.8000	             -591
  758.0000	             -597
  758.2000	             -622
  758.4000	             -572
  758.6000	             -643
  758.8000	             -569
  759.0000	             -636
  759.2000	             -624
  759.4000	             -600
  759.6000	             -615
  759.8000	             -630
  760.0000	             -613
  760.2000	             -594
  760.4000	             -633
  760.6000	             -585
  760.8000	             -579
  761.0000	             -638
  761.2000	             -622
  761.4000	             -603
  761.6000	             -636
  761.8000	             -597
  762.0000	             -609
  762.2000	             -637
  762.4000	             -561
  762.6000	             -578
  762.8000	             -631
  763.0000	             -620
  763.2000	             -630
  763.4000	             1471
  763.6000	             -600
  763.8000	             -621
  764.0000	             -598
  764.2000	             -608
  764.4000	             -652
  764.6000	             -632
  764.8000	             -636
  765.0000	             -579
  765.2000	             -632
  765.4000	             -597
  765.6000	             -632
  765.8000	             -635
  766.0000	             -625
  766.2000	             -635
  766.4000	             -559
  766.6000	             -632
  766.8000	             -630
  767.0000	             -635
  767.2000	             -598
  767.4000	             -617
  767.6000	             -642
  767.8000	             -630
  768.0000	             -626
  768.2000	             -623
  768.4000	             -626
  768.6000	             -591
  768.8000	             -625
  769.0000	             -620
  769.2000	             -623
  769.4000	             -625
  769.6000	             -621
  769.8000	             -592
  770.0000	             -612
  770.2000	             -566
  770.4000	             -614
  770.6000	             -618
  770.8000	             -615
  771.0000	             -579
  771.2000	             -620
  771.4000	             -597
  771.6000	             -652
  771.8000	             -626
  772.0000	             -623
  772.2000	             -600
  772.4000	              801
  772.6000	             -626
  772.8000	             -578
  773.0000	             -578
  773.2000	             -622
  773.4000	             -585
  773.6000	             -591
  773.8000	             -602
  774.0000	             -630
  774.2000	             -587
  774.4000	             -588
  774.6000	             -620
  774.8000	             -609
  775.0000	             -626
  775.2000	             -607
  775.4000	             -596
  775.6000	             -590
  775.8000	             -641
  776.0000	             -619
  776.2000	             -623
  776.4000	             -626
  776.6000	             -588
  776.8000	             -633
  777.0000	             -626
  777.2000	             -601
  777.4000	             -631
  777.6000	             -639
  777.8000	             -620
  778.0000	             -639
  778.2000	             -566
  778.4000	             -599
  778.6000	             -589
  778.8000	             -615
  779.0000	             -646
  779.2000	             -608
  779.4000	             -625
  779.6000	             -626
  779.8000	             -632
  780.0000	             -596
  780.2000	             -582
  780.4000	             -591
  780.6000	             -630
  780.8000	             -642
  781.0000	             -630
  781.2000	             -631
  781.4000	             -634
  781.6000	             -601
  781.8000	             -636
  782.0000	             -632
  782.2000	             -631
  782.4000	             -614
  782.6000	             -561
  782.8000	             -630
  783.0000	             -637
  783.2000	             -610
  783.4000	             -626
  783.6000	             -636
  783.8000	             -639
  784.0000	             -608
  784.2000	             -639
  784.4000	             -649
  784.6000	             -635
  784.8000	             -639
  785.0000	             -614
  785.2000	             -559
  785.4000	             -648
  785.6000	             -613
  785.8000	             -646
  786.0000	             -635
  786.2000	             -626
  786.4000	             -626
  786.6000	             -635
  786.8000	             -607
  787.0000	             -626
  787.2000	             -608
  787.4000	             -614
  787.6000	             -627
  787.8000	             -593
  788.0000	             -556
  788.2000	             -611
  788.4000	             -599
  788.6000	             -561
  788.8000	             -643
  789.0000	             -631
  789.2000	             -635
  789.4000	             -660
  789.6000	             -626
  789.8000	             -613
  790.0000	             -603
  790.2000	             -604
  790.4000	             -626
  790.6000	             -634
  790.8000	             -642
  791.0000	             -604
  791.2000	             -588
  791.4000	             -589
  791.6000	             -575
  791.8000	             -630
  792.0000	             -579
  792.2000	             -589
  792.4000	             -608
  792.6000	             -608
  792.8000	             -605
  793.0000	             -630
  793.2000	             -626
  793.4000	             -660
  793.6000	             -612
  793.8000	             -561
  794.0000	             -594
  794.2000	             -625
  794.4000	             -657
  794.6000	             -561
  794.8000	              355
  795.0000	             -638
  795.2000	             -604
  795.4000	             -605
  795.6000	             -588
  795.8000	             -625
  796.0000	             -620
  796.2000	             -579
  796.4000	             -584
  796.6000	             -579
  796.8000	             -579
  797.0000	             -635
  797.2000	             -628
  797.4000	             -589
  797.6000	             -617
  797.8000	             -609
  798.0000	             -593
  798.2000	             -608
  798.4000	             -617
  798.6000	             -649
  798.8000	             -640
  799.0000	             -651
  799.2000	             -657
  799.4000	             -578
  799.6000	             -626
  799.8000	             -626
  800.0000	             -588
  800.2000	             -631
  800.4000	             -632
  800.6000	             -124
  800.8000	             -597
  801.0000	             -625
  801.2000	             -609
  801.4000	              133
  801.6000	             -639
  801.8000	             -623
  802.0000	             -595
  802.2000	             -630
  802.4000	             -626
  802.6000	             -651
  802.8000	             -579
  803.0000	             -616
  803.2000	             -635
  803.4000	             -615
  803.6000	             -617
  803.8000	             -570
  804.0000	             -579
  804.2000	             -579
  804.4000	             -632
  804.6000	             -614
  804.8000	             -605
  805.0000	             -656
