  600.0000	             -567
  600.2000	             -556
  600.4000	             -558
  600.6000	             -574
  600.8000	             -562
  601.0000	             -574
  601.2000	             -555
  601.4000	             -544
  601.6000	             -574
  601.8000	             -565
  602.0000	             -563
  602.2000	             -570
  602.4000	             -569
  602.6000	             -568
  602.8000	             -548
  603.0000	             -573
  603.2000	             -540
  603.4000	             -581
  603.6000	             -576
  603.8000	             -569
  604.0000	             -510
  604.2000	             -564
  604.4000	             -561
  604.6000	             -538
  604.8000	             -519
  605.0000	             -574
  605.2000	             -562
  605.4000	             -550
  605.6000	             -599
  605.8000	             -570
  606.0000	             -552
  606.2000	             -563
  606.4000	             -559
  606.6000	             -574
  606.8000	             -572
  607.0000	             -548
  607.2000	             -576
  607.4000	             -523
  607.6000	             -572
  607.8000	             -570
  608.0000	             -592
  608.2000	             -570
  608.4000	             -571
  608.6000	             -575
  608.8000	             -577
  609.0000	             -542
  609.2000	             -539
  609.4000	             -571
  609.6000	             -556
  609.8000	             -568
  610.0000	             -556
  610.2000	             -559
  610.4000	             -580
  610.6000	             -559
  610.8000	             -570
  611.0000	             -577
  611.2000	             -574
  611.4000	             -562
  611.6000	             -578
  611.8000	             -574
  612.0000	             -524
  612.2000	             -581
  612.4000	             -544
  612.6000	             -552
  612.8000	             -584
  613.0000	             -548
  613.2000	             -577
  613.4000	             -562
  613.6000	             -577
  613.8000	             -566
  614.0000	             -586
  614.2000	             -571
  614.4000	             -572
  614.6000	             -571
  614.8000	             -548
  615.0000	             -557
  615.2000	             -574
  615.4000	             -570
  615.6000	             -545
  615.8000	             -561
  616.0000	             -563
  616.2000	             -547
  616.4000	             -573
  616.6000	             -561
  616.8000	             -572
  617.0000	             -548
  617.2000	             -545
  617.4000	             -552
  617.6000	             -569
  617.8000	             -524
  618.0000	             -571
  618.2000	             -557
  618.4000	             -581
  618.6000	             -561
  618.8000	             -573
  619.0000	             -576
  619.2000	             -573
  619.4000	             -541
  619.6000	             -574
  619.8000	             -571
  620.0000	             -556
  620.2000	             -573
  620.4000	             -587
  620.6000	             -577
  620.8000	             -575
  621.0000	             -584
  621.2000	             -599
  621.4000	             -567
  621.6000	             -560
  621.8000	             -564
  622.0000	             -575
  622.2000	             -553
  622.4000	             -581
  622.6000	             -586
  622.8000	             -563
  623.0000	             -558
  623.2000	             -559
  623.4000	             -577
  623.6000	             -588
  623.8000	             -568
  624.0000	             -564
  624.2000	             -562
  624.4000	             -576
  624.6000	             -571
  624.8000	             -570
  625.0000	             -586
  625.2000	             -574
  625.4000	             -576
  625.6000	             -585
  625.8000	             -560
  626.0000	             -550
  626.2000	             -517
  626.4000	             -576
  626.6000	             -581
  626.8000	             -529
  627.0000	             -581
  627.2000	             -561
  627.4000	             -560
  627.6000	             -575
  627.8000	             -561
  628.0000	             -530
  628.2000	             -572
  628.4000	             -556
  628.6000	             -534
  628.8000	             -556
  629.0000	             -570
  629.2000	             -603
  629.4000	             -570
  629.6000	             -575
  629.8000	             -569
  630.0000	             -574
  630.2000	             -579
  630.4000	             -564
  630.6000	             -580
  630.8000	             -539
  631.0000	             -547
  631.2000	             -572
  631.4000	             -593
  631.6000	             -574
  631.8000	             -504
  632.0000	             -589
  632.2000	             -542
  632.4000	             -588
  632.6000	             -584
  632.8000	             -504
  633.0000	             -579
  633.2000	             -584
  633.4000	             -572
  633.6000	             -560
  633.8000	             -581
  634.0000	             -562
  634.2000	             -552
  634.4000	             -564
  634.6000	             -559
  634.8000	             -574
  635.0000	             -504
  635.2000	             -573
  635.4000	             -584
  635.6000	             -558
  635.8000	             -556
  636.0000	             -562
  636.2000	             -574
  636.4000	             -556
  636.6000	             -524
  636.8000	             -558
  637.0000	             -563
  637.2000	             -574
  637.4000	             -566
  637.6000	             -569
  637.8000	             -550
  638.0000	             -563
  638.2000	             -501
  638.4000	             -517
  638.6000	             -570
  638.8000	             -573
  639.0000	             -579
  639.2000	             -574
  639.4000	             -572
  639.6000	             -566
  639.8000	             -569
  640.0000	             -519
  640.2000	             -576
  640.4000	             -574
  640.6000	             -561
  640.8000	             -566
  641.0000	             -571
  641.2000	             -574
  641.4000	             -572
  641.6000	             -561
  641.8000	             -548
  642.0000	             -577
  642.2000	             -574
  642.4000	             -568
  642.6000	             -557
  642.8000	             -542
  643.0000	             -561
  643.2000	             -574
  643.4000	             -580
  643.6000	             -523
  643.8000	             -559
  644.0000	             -561
  644.2000	             -536
  644.4000	             -578
  644.6000	             -556
  644.8000	             -561
  645.0000	             -569
  645.2000	             -575
  645.4000	             -548
  645.6000	             -554
  645.8000	             -567
  646.0000	             -556
  646.2000	             -565
  646.4000	             -581
  646.6000	             -515
  646.8000	             -551
  647.0000	             -587
  647.2000	             -575
  647.4000	             -560
  647.6000	             -574
  647.8000	             -584
  648.0000	             -547
  648.2000	             -548
  648.4000	             -556
  648.6000	             -548
  648.8000	             -574
  649.0000	             -577
  649.2000	             -566
  649.4000	             -570
  649.6000	             -560
  649.8000	             -490
  650.0000	             -554
  650.2000	             -565
  650.4000	             -558
  650.6000	             -574
  650.8000	             -500
  651.0000	             -556
  651.2000	             -539
  651.4000	             -566
  651.6000	             -547
  651.8000	             -572
  652.0000	             -572
  652.2000	             -548
  652.4000	             -555
  652.6000	             -542
  652.8000	             -538
  653.0000	             -574
  653.2000	             -536
  653.4000	             -525
  653.6000	             -565
  653.8000	             -539
  654.0000	             -494
  654.2000	             -489
  654.4000	             -525
  654.6000	             -562
  654.8000	             -577
  655.0000	             -574
  655.2000	             -564
  655.4000	             -576
  655.6000	             -575
  655.8000	             -561
  656.0000	             -544
  656.2000	             -567
  656.4000	             -539
  656.6000	             -556
  656.8000	             -564
  657.0000	             -578
  657.2000	             -530
  657.4000	             -559
  657.6000	             -557
  657.8000	             -545
  658.0000	             -592
  658.2000	             -572
  658.4000	             -531
  658.6000	             -546
  658.8000	             -531
  659.0000	             -568
  659.2000	             -512
  659.4000	             -520
  659.6000	             -525
  659.8000	             -546
  660.0000	             -547
  660.2000	             -551
  660.4000	             -519
  660.6000	             -550
  660.8000	             -570
  661.0000	             -534
  661.2000	             -552
  661.4000	             -542
  661.6000	             -556
  661.8000	             -580
  662.0000	             -547
  662.2000	             -497
  662.4000	             -551
  662.6000	             -572
  662.8000	             -512
  663.0000	             -579
  663.2000	             -567
  663.4000	             -577
  663.6000	             -577
  663.8000	             -509
  664.0000	             -566
  664.2000	             -523
  664.4000	             -586
  664.6000	             -578
  664.8000	             -539
  665.0000	             -589
  665.2000	             -542
  665.4000	             -539
  665.6000	             -575
  665.8000	             -564
  666.0000	             -561
  666.2000	             -579
  666.4000	             -572
  666.6000	             -551
  666.8000	             -556
  667.0000	             -538
  667.2000	             -527
  667.4000	             -555
  667.6000	             -529
  667.8000	             -556
  668.0000	             -540
  668.2000	             -521
  668.4000	             -546
  668.6000	             -586
  668.8000	             -536
  669.0000	             -574
  669.2000	             -570
  669.4000	             -552
  669.6000	             -586
  669.8000	             -568
  670.0000	             -550
  670.2000	             -558
  670.4000	             -536
  670.6000	             -548
  670.8000	             -548
  671.0000	             -589
  671.2000	             -543
  671.4000	             -561
  671.6000	             -571
  671.8000	             -588
  672.0000	             -582
  672.2000	             -574
  672.4000	             -559
  672.6000	             -572
  672.8000	             -578
  673.0000	             -575
  673.2000	             -596
  673.4000	             -524
  673.6000	             -577
  673.8000	             -572
  674.0000	             -549
  674.2000	             -562
  674.4000	             -569
  674.6000	             -560
  674.8000	             -504
  675.0000	             -517
  675.2000	             -525
  675.4000	             -559
  675.6000	             -573
  675.8000	             -574
  676.0000	             -574
  676.2000	             -556
  676.4000	             -571
  676.6000	             -548
  676.8000	             -575
  677.0000	             -580
  677.2000	             -538
  677.4000	             -580
  677.6000	             -583
  677.8000	             -535
  678.0000	             -580
  678.2000	             -561
  678.4000	             -570
  678.6000	             -547
  678.8000	             -567
  679.0000	             -524
  679.2000	             -528
  679.4000	             -570
  679.6000	             -548
  679.8000	             -589
  680.0000	             -557
  680.2000	             -588
  680.4000	             -576
  680.6000	             -559
  680.8000	             -581
  681.0000	             -559
  681.2000	             -545
  681.4000	             -536
  681.6000	             -574
  681.8000	             -587
  682.0000	             -598
  682.2000	             -589
  682.4000	             -580
  682.6000	             -583
  682.8000	             -575
  683.0000	             -572
  683.2000	             -586
  683.4000	             -560
  683.6000	             -582
  683.8000	             -588
  684.0000	             -559
  684.2000	             -517
  684.4000	             -571
  684.6000	             -525
  684.8000	             -571
  685.0000	             -574
  685.2000	             -561
  685.4000	             -571
  685.6000	             -584
  685.8000	             -560
  686.0000	             -574
  686.2000	             -576
  686.4000	             -559
  686.6000	             -584
  686.8000	             -571
  687.0000	             -570
  687.2000	             -588
  687.4000	             -580
  687.6000	             -584
  687.8000	             -572
  688.0000	             -577
  688.2000	             -545
  688.4000	             -603
  688.6000	             -573
  688.8000	             -603
  689.0000	             -568
  689.2000	             -530
  689.4000	             -571
  689.6000	             -568
  689.8000	             -575
  690.0000	             -558
  690.2000	             -588
  690.4000	             -584
  690.6000	             -519
  690.8000	             -577
  691.0000	             -577
  691.2000	             -585
  691.4000	             -564
  691.6000	             -571
  691.8000	             -574
  692.0000	             -594
  692.2000	             -588
  692.4000	             -573
  692.6000	             -596
  692.8000	             -589
  693.0000	             -576
  693.2000	             -582
  693.4000	             -561
  693.6000	             -574
  693.8000	             -559
  694.0000	             -504
  694.2000	             -581
  694.4000	             -572
  694.6000	             -577
  694.8000	             -584
  695.0000	             -576
  695.2000	             -591
  695.4000	             -596
  695.6000	             -596
  695.8000	             -571
  696.0000	             -586
  696.2000	             -567
  696.4000	             -503
  696.6000	             -389
  696.8000	             -573
  697.0000	             -561
  697.2000	             -574
  697.4000	             -586
  697.6000	             -578
  697.8000	             -574
  698.0000	             -576
  698.2000	             -583
  698.4000	             -573
  698.6000	             -561
  698.8000	             -612
  699.0000	             -584
  699.2000	             -580
  699.4000	             -581
  699.6000	             -513
  699.8000	             -582
  700.0000	             -574
  700.2000	             -579
  700.4000	             -561
  700.6000	             -588
  700.8000	             -590
  701.0000	             -570
  701.2000	             -559
  701.4000	             -581
  701.6000	             -575
  701.8000	             -584
  702.0000	             -552
  702.2000	             -596
  702.4000	             -573
  702.6000	             -575
  702.8000	             -596
  703.0000	             -551
  703.2000	             -573
  703.4000	             -576
  703.6000	             -580
  703.8000	             -524
  704.0000	             -573
  704.2000	             -573
  704.4000	             -588
  704.6000	             -559
  704.8000	             -595
  705.0000	             -567
  705.2000	             -556
  705.4000	             -583
  705.6000	             -524
  705.8000	             -579
  706.0000	             -584
  706.2000	             -584
  706.4000	             -590
  706.6000	             -350
  706.8000	             -552
  707.0000	             -576
  707.2000	             -584
  707.4000	             -584
  707.6000	             -588
  707.8000	             -597
  708.0000	             -582
  708.2000	             -558
  708.4000	             -579
  708.6000	             -573
  708.8000	             -574
  709.0000	             -574
  709.2000	             -577
  709.4000	             -575
  709.6000	             -582
  709.8000	             -575
  710.0000	             -576
  710.2000	             -588
  710.4000	             -559
  710.6000	             -583
  710.8000	             -579
  711.0000	             -589
  711.2000	             -524
  711.4000	             -564
  711.6000	             -561
  711.8000	             -582
  712.0000	             -581
  712.2000	             -566
  712.4000	             -578
  712.6000	             -571
  712.8000	             -526
  713.0000	             -587
  713.2000	             -589
  713.4000	             -577
  713.6000	             -579
  713.8000	             -584
  714.0000	             -596
  714.2000	             -562
  714.4000	             -574
  714.6000	             -482
  714.8000	             -529
  715.0000	             -542
  715.2000	             -585
  715.4000	             -580
  715.6000	             -590
  715.8000	             -589
  716.0000	             -523
  716.2000	             -557
  716.4000	             -580
  716.6000	             -558
  716.8000	             -538
  717.0000	             -561
  717.2000	             -579
  717.4000	             -578
  717.6000	             -571
  717.8000	             -572
  718.0000	             -570
  718.2000	             -584
  718.4000	             -595
  718.6000	             -592
  718.8000	             -559
  719.0000	             -557
  719.2000	             -566
  719.4000	             -581
  719.6000	             -572
  719.8000	             -544
  720.0000	             -576
  720.2000	             -574
  720.4000	             -574
  720.6000	             -589
  720.8000	             -539
  721.0000	             -559
  721.2000	             -530
  721.4000	             -581
  721.6000	             -504
  721.8000	             -582
  722.0000	             -571
  722.2000	             -571
  722.4000	             -576
  722.6000	             -574
  722.8000	             -539
  723.0000	             -552
  723.2000	             -525
  723.4000	             -561
  723.6000	             -541
  723.8000	             -553
  724.0000	             -559
  724.2000	             -573
  724.4000	             -586
  724.6000	             -564
  724.8000	             -570
  725.0000	             -559
  725.2000	             -577
  725.4000	             -545
  725.6000	             -559
  725.8000	             -561
  726.0000	             -542
  726.2000	             -579
  726.4000	             -568
  726.6000	             -588
  726.8000	             -583
  727.0000	             -523
  727.2000	             -450
  727.4000	             -580
  727.6000	             -586
  727.8000	             -559
  728.0000	             -557
  728.2000	             -571
  728.4000	             -595
  728.6000	             -561
  728.8000	             -569
  729.0000	             -569
  729.2000	             -561
  729.4000	             -559
  729.6000	             -571
  729.8000	             -578
  730.0000	             -577
  730.2000	             -568
  730.4000	             -572
  730.6000	             -557
  730.8000	             -523
  731.0000	             -557
  731.2000	             -580
  731.4000	             -577
  731.6000	             -559
  731.8000	             -590
  732.0000	             -548
  732.2000	             -581
  732.4000	             -566
  732.6000	             -572
  732.8000	             -559
  733.0000	             -516
  733.2000	             -556
  733.4000	             -569
  733.6000	             -573
  733.8000	             -570
  734.0000	             -558
  734.2000	             -579
  734.4000	             -541
  734.6000	             -575
  734.8000	             -539
  735.0000	             -570
  735.2000	             -553
  735.4000	             -539
  735.6000	             -574
  735.8000	             -517
  736.0000	             -580
  736.2000	             -571
  736.4000	             -556
  736.6000	             -561
  736.8000	             -575
  737.0000	             -576
  737.2000	             -522
  737.4000	             -573
  737.6000	             -575
  737.8000	             -569
  738.0000	             -588
  738.2000	             -545
  738.4000	              320
  738.6000	             -575
  738.8000	             -600
  739.0000	             -578
  739.2000	             -574
  739.4000	             -585
  739.6000	             -574
  739.8000	             -566
  740.0000	             -576
  740.2000	             -559
  740.4000	             -567
  740.6000	             -577
  740.8000	             -582
  741.0000	             -573
  741.2000	             -574
  741.4000	             -564
  741.6000	             -575
  741.8000	             -592
  742.0000	             -579
  742.2000	             -494
  742.4000	             -578
  742.6000	             -559
  742.8000	             -583
  743.0000	             -560
  743.2000	             -562
  743.4000	             -586
  743.6000	             -575
  743.8000	             -571
  744.0000	             -569
  744.2000	             -572
  744.4000	             -588
  744.6000	             -592
  744.8000	             -552
  745.0000	             -580
  745.2000	             -561
  745.4000	             -542
  745.6000	             -566
  745.8000	             -561
  746.0000	             -547
  746.2000	             -569
  746.4000	             -575
  746.6000	             -525
  746.8000	             -561
  747.0000	             -561
  747.2000	             -586
  747.4000	             -561
  747.6000	             -572
  747.8000	             -539
  748.0000	             -574
  748.2000	             -542
  748.4000	             -557
  748.6000	             -574
  748.8000	             -573
  749.0000	             -550
  749.2000	             -548
  749.4000	             -539
  749.6000	             -504
  749.8000	             -547
  750.0000	             -551
  750.2000	             -496
  750.4000	             2249
  750.6000	             -556
  750.8000	             -566
  751.0000	             -566
  751.2000	             -558
  751.4000	              803
  751.6000	             -560
  751.8000	             -574
  752.0000	             -547
  752.2000	             -581
  752.4000	             -571
  752.6000	             -539
  752.8000	             -576
  753.0000	             -575
  753.2000	             -561
  753.4000	             -590
  753.6000	             -569
  753.8000	             -545
  754.0000	             -558
  754.2000	             -559
  754.4000	             -577
  754.6000	             -561
  754.8000	             -571
  755.0000	             -574
  755.2000	             -574
  755.4000	             -577
  755.6000	             -572
  755.8000	             -575
  756.0000	             -581
  756.2000	             -570
  756.4000	             -564
  756.6000	             -582
  756.8000	             -575
  757.0000	             -564
  757.2000	             -556
  757.4000	             -574
  757.6000	             -551
  757.8000	             -574
  758.0000	             -556
  758.2000	             -578
  758.4000	             -568
  758.6000	             -552
  758.8000	             -580
  759.0000	             -581
  759.2000	             -589
  759.4000	             -548
  759.6000	             -557
  759.8000	             -574
  760.0000	             -512
  760.2000	             -552
  760.4000	             -567
  760.6000	             -559
  760.8000	             -572
  761.0000	             -568
  761.2000	             -583
  761.4000	             -567
  761.6000	             -586
  761.8000	             -586
  762.0000	             -560
  762.2000	             -524
  762.4000	             -570
  762.6000	             -560
  762.8000	             -574
  763.0000	             -524
  763.2000	             -569
  763.4000	              434
  763.6000	             -561
  763.8000	             -571
  764.0000	             -579
  764.2000	             -565
  764.4000	             -590
  764.6000	             -581
  764.8000	             -592
  765.0000	             -588
  765.2000	             -588
  765.4000	             -525
  765.6000	             -584
  765.8000	             -607
  766.0000	             -592
  766.2000	             -581
  766.4000	             -577
  766.6000	             -585
  766.8000	             -568
  767.0000	             -570
  767.2000	             -561
  767.4000	             -579
  767.6000	             -559
  767.8000	             -573
  768.0000	             -559
  768.2000	             -568
  768.4000	             -607
  768.6000	             -565
  768.8000	             -559
  769.0000	             -560
  769.2000	             -581
  769.4000	             -574
  769.6000	             -546
  769.8000	             -558
  770.0000	             -574
  770.2000	             -542
  770.4000	             -580
  770.6000	             -556
  770.8000	             -562
  771.0000	             -553
  771.2000	             -550
  771.4000	             -524
  771.6000	             -587
  771.8000	             -565
  772.0000	             -574
  772.2000	             -548
  772.4000	              411
  772.6000	             -547
  772.8000	             -551
  773.0000	             -513
  773.2000	             -573
  773.4000	             -530
  773.6000	             -586
  773.8000	             -558
  774.0000	             -603
  774.2000	             -580
  774.4000	             -545
  774.6000	             -553
  774.8000	             -568
  775.0000	             -561
  775.2000	             -521
  775.4000	             -577
  775.6000	             -562
  775.8000	             -585
  776.0000	             -581
  776.2000	             -561
  776.4000	             -572
  776.6000	             -572
  776.8000	             -575
  777.0000	             -559
  777.2000	             -561
  777.4000	             -558
  777.6000	             -561
  777.8000	             -590
  778.0000	             -586
  778.2000	             -590
  778.4000	             -588
  778.6000	             -586
  778.8000	             -577
  779.0000	             -571
  779.2000	             -576
  779.4000	             -541
  779.6000	             -588
  779.8000	             -594
  780.0000	             -594
  780.2000	             -603
  780.4000	             -592
  780.6000	             -570
  780.8000	             -592
  781.0000	             -573
  781.2000	             -573
  781.4000	             -584
  781.6000	             -579
  781.8000	             -544
  782.0000	             -553
  782.2000	             -591
  782.4000	             -572
  782.6000	             -580
  782.8000	             -577
  783.0000	             -578
  783.2000	             -590
  783.4000	             -588
  783.6000	             -571
  783.8000	             -583
  784.0000	             -572
  784.2000	             -595
  784.4000	             -577
  784.6000	             -573
  784.8000	             -588
  785.0000	             -576
  785.2000	             -602
  785.4000	             -570
  785.6000	             -585
  785.8000	             -584
  786.0000	             -561
  786.2000	             -585
  786.4000	             -533
  786.6000	             -570
  786.8000	             -582
  787.0000	             -579
  787.2000	             -595
  787.4000	             -583
  787.6000	             -577
  787.8000	             -586
  788.0000	             -528
  788.2000	             -589
  788.4000	             -583
  788.6000	             -576
  788.8000	             -584
  789.0000	             -582
  789.2000	             -576
  789.4000	             -582
  789.6000	             -557
  789.8000	             -577
  790.0000	             -552
  790.2000	             -584
  790.4000	             -588
  790.6000	             -579
  790.8000	             -604
  791.0000	             -598
  791.2000	             -584
  791.4000	             -541
  791.6000	             -571
  791.8000	             -586
  792.0000	             -573
  792.2000	             -587
  792.4000	             -579
  792.6000	             -573
  792.8000	             -602
  793.0000	             -595
  793.2000	             -564
  793.4000	             -550
  793.6000	             -584
  793.8000	             -575
  794.0000	             -581
  794.2000	             -576
  794.4000	             -571
  794.6000	             -586
  794.8000	               84
  795.0000	             -586
  795.2000	             -568
  795.4000	             -595
  795.6000	             -571
  795.8000	             -578
  796.0000	             -575
  796.2000	             -588
  796.4000	             -576
  796.6000	             -592
  796.8000	             -583
  797.0000	             -577
  797.2000	             -598
  797.4000	             -582
  797.6000	             -541
  797.8000	             -590
  798.0000	             -555
  798.2000	             -582
  798.4000	             -579
  798.6000	             -577
  798.8000	             -585
  799.0000	             -588
  799.2000	             -562
  799.4000	             -592
  799.6000	             -568
  799.8000	             -583
  800.0000	             -582
  800.2000	             -591
  800.4000	             -577
  800.6000	             -293
  800.8000	             -585
  801.0000	             -544
  801.2000	             -579
  801.4000	             -192
  801.6000	             -576
  801.8000	             -562
  802.0000	             -582
  802.2000	             -577
  802.4000	             -585
  802.6000	             -590
  802.8000	             -578
  803.0000	             -584
  803.2000	             -570
  803.4000	             -582
  803.6000	             -558
  803.8000	             -562
  804.0000	             -585
  804.2000	             -556
  804.4000	             -589
  804.6000	             -590
  804.8000	             -595
  805.0000	             -596
