  600.0000	             -569
  600.2000	             -586
  600.4000	             -574
  600.6000	             -588
  600.8000	             -564
  601.0000	             -569
  601.2000	             -575
  601.4000	             -567
  601.6000	             -591
  601.8000	             -561
  602.0000	             -583
  602.2000	             -548
  602.4000	             -577
  602.6000	             -580
  602.8000	             -596
  603.0000	             -575
  603.2000	             -526
  603.4000	             -575
  603.6000	             -586
  603.8000	             -494
  604.0000	             -574
  604.2000	             -574
  604.4000	             -566
  604.6000	             -559
  604.8000	             -570
  605.0000	             -577
  605.2000	             -577
  605.4000	             -571
  605.6000	             -572
  605.8000	             -520
  606.0000	             -558
  606.2000	             -555
  606.4000	             -564
  606.6000	             -572
  606.8000	             -567
  607.0000	             -580
  607.2000	             -595
  607.4000	             -586
  607.6000	             -571
  607.8000	             -571
  608.0000	             -573
  608.2000	             -589
  608.4000	             -559
  608.6000	             -577
  608.8000	             -559
  609.0000	             -587
  609.2000	             -571
  609.4000	             -573
  609.6000	             -596
  609.8000	             -571
  610.0000	             -579
  610.2000	             -576
  610.4000	             -596
  610.6000	             -544
  610.8000	             -571
  611.0000	             -582
  611.2000	             -574
  611.4000	             -573
  611.6000	             -578
  611.8000	             -567
  612.0000	             -568
  612.2000	             -560
  612.4000	             -581
  612.6000	             -541
  612.8000	             -589
  613.0000	             -575
  613.2000	             -582
  613.4000	             -598
  613.6000	             -576
  613.8000	             -578
  614.0000	             -576
  614.2000	             -571
  614.4000	             -588
  614.6000	             -568
  614.8000	             -582
  615.0000	             -598
  615.2000	             -572
  615.4000	             -577
  615.6000	             -588
  615.8000	             -584
  616.0000	             -562
  616.2000	             -588
  616.4000	             -588
  616.6000	             -586
  616.8000	             -572
  617.0000	             -571
  617.2000	             -570
  617.4000	             -520
  617.6000	             -586
  617.8000	             -567
  618.0000	             -571
  618.2000	             -590
  618.4000	             -561
  618.6000	             -571
  618.8000	             -580
  619.0000	             -598
  619.2000	             -558
  619.4000	             -572
  619.6000	             -588
  619.8000	             -581
  620.0000	             -583
  620.2000	             -573
  620.4000	             -571
  620.6000	             -577
  620.8000	             -589
  621.0000	             -588
  621.2000	             -581
  621.4000	             -576
  621.6000	             -590
  621.8000	             -582
  622.0000	             -548
  622.2000	             -573
  622.4000	             -537
  622.6000	             -581
  622.8000	             -585
  623.0000	             -577
  623.2000	             -560
  623.4000	             -596
  623.6000	             -542
  623.8000	             -581
  624.0000	             -573
  624.2000	             -570
  624.4000	             -577
  624.6000	             -571
  624.8000	             -588
  625.0000	             -571
  625.2000	             -556
  625.4000	             -571
  625.6000	             -595
  625.8000	             -568
  626.0000	             -577
  626.2000	             -591
  626.4000	             -576
  626.6000	             -581
  626.8000	             -592
  627.0000	             -564
  627.2000	             -566
  627.4000	             -553
  627.6000	             -571
  627.8000	             -570
  628.0000	             -565
  628.2000	             -583
  628.4000	             -583
  628.6000	             -579
  628.8000	             -592
  629.0000	             -573
  629.2000	             -566
  629.4000	             -591
  629.6000	             -570
  629.8000	             -568
  630.0000	             -561
  630.2000	             -571
  630.4000	             -573
  630.6000	             -603
  630.8000	             -577
  631.0000	             -580
  631.2000	             -588
  631.4000	             -524
  631.6000	             -586
  631.8000	             -585
  632.0000	             -583
  632.2000	             -542
  632.4000	             -562
  632.6000	             -595
  632.8000	             -573
  633.0000	             -571
  633.2000	             -581
  633.4000	             -577
  633.6000	             -588
  633.8000	             -558
  634.0000	             -575
  634.2000	             -583
  634.4000	             -589
  634.6000	             -593
  634.8000	             -549
  635.0000	             -591
  635.2000	             -593
  635.4000	             -588
  635.6000	             -559
  635.8000	             -581
  636.0000	             -573
  636.2000	             -586
  636.4000	             -568
  636.6000	             -563
  636.8000	             -524
  637.0000	             -570
  637.2000	             -577
  637.4000	             -575
  637.6000	             -564
  637.8000	             -560
  638.0000	             -548
  638.2000	             -575
  638.4000	             -566
  638.6000	             -568
  638.8000	             -561
  639.0000	             -557
  639.2000	             -576
  639.4000	             -568
  639.6000	             -573
  639.8000	             -594
  640.0000	             -570
  640.2000	             -564
  640.4000	             -538
  640.6000	             -584
  640.8000	             -572
  641.0000	             -596
  641.2000	             -568
  641.4000	             -566
  641.6000	             -573
  641.8000	             -579
  642.0000	             -524
  642.2000	             -578
  642.4000	             -561
  642.6000	             -567
  642.8000	             -581
  643.0000	             -559
  643.2000	             -574
  643.4000	             -558
  643.6000	             -566
  643.8000	             -574
  644.0000	             -564
  644.2000	             -574
  644.4000	             -583
  644.6000	             -570
  644.8000	             -539
  645.0000	             -556
  645.2000	             -577
  645.4000	             -583
  645.6000	             -550
  645.8000	             -572
  646.0000	             -588
  646.2000	             -579
  646.4000	             -566
  646.6000	             -563
  646.8000	             -492
  647.0000	             -573
  647.2000	             -586
  647.4000	             -590
  647.6000	             -581
  647.8000	             -570
  648.0000	             -559
  648.2000	             -571
  648.4000	             -589
  648.6000	             -580
  648.8000	             -571
  649.0000	             -523
  649.2000	             -593
  649.4000	             -504
  649.6000	             -548
  649.8000	             -571
  650.0000	             -556
  650.2000	             -548
  650.4000	             -573
  650.6000	             -562
  650.8000	             -539
  651.0000	             -547
  651.2000	             -570
  651.4000	             -553
  651.6000	             -515
  651.8000	             -555
  652.0000	             -571
  652.2000	             -550
  652.4000	             -517
  652.6000	             -572
  652.8000	             -548
  653.0000	             -574
  653.2000	             -551
  653.4000	             -543
  653.6000	             -570
  653.8000	             -574
  654.0000	             -539
  654.2000	             -564
  654.4000	             -520
  654.6000	             -564
  654.8000	             -574
  655.0000	             -581
  655.2000	             -557
  655.4000	             -585
  655.6000	             -571
  655.8000	             -559
  656.0000	             -551
  656.2000	             -574
  656.4000	             -571
  656.6000	             -571
  656.8000	             -576
  657.0000	             -576
  657.2000	             -570
  657.4000	             -570
  657.6000	             -557
  657.8000	             -565
  658.0000	             -570
  658.2000	             -586
  658.4000	             -559
  658.6000	             -570
  658.8000	             -543
  659.0000	             -553
  659.2000	             -546
  659.4000	             -527
  659.6000	             -570
  659.8000	             -566
  660.0000	             -555
  660.2000	             -513
  660.4000	             -573
  660.6000	             -566
  660.8000	             -554
  661.0000	             -546
  661.2000	             -510
  661.4000	             -558
  661.6000	             -542
  661.8000	             -575
  662.0000	             -562
  662.2000	             -525
  662.4000	             -581
  662.6000	             -584
  662.8000	             -589
  663.0000	             -580
  663.2000	             -545
  663.4000	             -565
  663.6000	             -570
  663.8000	             -573
  664.0000	             -571
  664.2000	             -570
  664.4000	             -557
  664.6000	             -565
  664.8000	             -571
  665.0000	             -583
  665.2000	             -598
  665.4000	             -572
  665.6000	             -558
  665.8000	             -578
  666.0000	             -556
  666.2000	             -542
  666.4000	             -570
  666.6000	             -550
  666.8000	             -567
  667.0000	             -552
  667.2000	             -541
  667.4000	             -546
  667.6000	             -526
  667.8000	             -542
  668.0000	             -570
  668.2000	             -570
  668.4000	             -570
  668.6000	             -566
  668.8000	             -570
  669.0000	             -556
  669.2000	             -563
  669.4000	             -553
  669.6000	             -593
  669.8000	             -582
  670.0000	             -570
  670.2000	             -553
  670.4000	             -477
  670.6000	             -586
  670.8000	             -580
  671.0000	             -567
  671.2000	             -557
  671.4000	             -574
  671.6000	             -578
  671.8000	             -581
  672.0000	             -542
  672.2000	             -571
  672.4000	             -582
  672.6000	             -553
  672.8000	             -579
  673.0000	             -580
  673.2000	             -573
  673.4000	             -569
  673.6000	             -591
  673.8000	             -590
  674.0000	             -576
  674.2000	             -524
  674.4000	             -574
  674.6000	             -548
  674.8000	             -538
  675.0000	             -580
  675.2000	             -554
  675.4000	             -541
  675.6000	             -570
  675.8000	             -574
  676.0000	             -548
  676.2000	             -558
  676.4000	             -579
  676.6000	             -567
  676.8000	             -559
  677.0000	             -564
  677.2000	             -568
  677.4000	             -574
  677.6000	             -556
  677.8000	             -542
  678.0000	             -561
  678.2000	             -584
  678.4000	             -573
  678.6000	             -562
  678.8000	             -531
  679.0000	             -590
  679.2000	             -586
  679.4000	             -577
  679.6000	             -585
  679.8000	             -573
  680.0000	             -561
  680.2000	             -576
  680.4000	             -570
  680.6000	             -571
  680.8000	             -577
  681.0000	             -584
  681.2000	             -573
  681.4000	             -578
  681.6000	             -586
  681.8000	             -579
  682.0000	             -578
  682.2000	             -602
  682.4000	             -582
  682.6000	             -585
  682.8000	             -581
  683.0000	             -523
  683.2000	             -582
  683.4000	             -589
  683.6000	             -574
  683.8000	             -547
  684.0000	             -571
  684.2000	             -571
  684.4000	             -524
  684.6000	             -579
  684.8000	             -576
  685.0000	             -538
  685.2000	             -591
  685.4000	             -602
  685.6000	             -571
  685.8000	             -567
  686.0000	             -577
  686.2000	             -572
  686.4000	             -574
  686.6000	             -576
  686.8000	             -573
  687.0000	             -571
  687.2000	             -571
  687.4000	             -563
  687.6000	             -580
  687.8000	             -582
  688.0000	             -590
  688.2000	             -576
  688.4000	             -586
  688.6000	             -588
  688.8000	             -573
  689.0000	             -573
  689.2000	             -573
  689.4000	             -579
  689.6000	             -590
  689.8000	             -572
  690.0000	             -572
  690.2000	             -596
  690.4000	             -573
  690.6000	             -573
  690.8000	             -545
  691.0000	             -598
  691.2000	             -577
  691.4000	             -582
  691.6000	             -585
  691.8000	             -584
  692.0000	             -592
  692.2000	             -590
  692.4000	             -577
  692.6000	             -580
  692.8000	             -553
  693.0000	             -572
  693.2000	             -598
  693.4000	             -589
  693.6000	             -532
  693.8000	             -591
  694.0000	             -582
  694.2000	             -579
  694.4000	             -557
  694.6000	             -576
  694.8000	             -588
  695.0000	             -571
  695.2000	             -580
  695.4000	             -595
  695.6000	             -571
  695.8000	             -577
  696.0000	             -544
  696.2000	             -592
  696.4000	             -432
  696.6000	             -360
  696.8000	             -573
  697.0000	             -591
  697.2000	             -582
  697.4000	             -592
  697.6000	             -584
  697.8000	             -577
  698.0000	             -562
  698.2000	             -577
  698.4000	             -573
  698.6000	             -595
  698.8000	             -559
  699.0000	             -580
  699.2000	             -586
  699.4000	             -562
  699.6000	             -572
  699.8000	             -574
  700.0000	             -596
  700.2000	             -583
  700.4000	             -582
  700.6000	             -571
  700.8000	             -595
  701.0000	             -531
  701.2000	             -544
  701.4000	             -573
  701.6000	             -595
  701.8000	             -578
  702.0000	             -550
  702.2000	             -562
  702.4000	             -571
  702.6000	             -580
  702.8000	             -529
  703.0000	             -568
  703.2000	             -553
  703.4000	             -558
  703.6000	             -584
  703.8000	             -559
  704.0000	             -580
  704.2000	             -573
  704.4000	             -594
  704.6000	             -570
  704.8000	             -579
  705.0000	             -553
  705.2000	             -571
  705.4000	             -584
  705.6000	             -581
  705.8000	             -590
  706.0000	             -517
  706.2000	             -559
  706.4000	             -612
  706.6000	             -345
  706.8000	             -476
  707.0000	             -573
  707.2000	             -584
  707.4000	             -585
  707.6000	             -577
  707.8000	             -590
  708.0000	             -596
  708.2000	             -598
  708.4000	             -566
  708.6000	             -564
  708.8000	             -571
  709.0000	             -573
  709.2000	             -594
  709.4000	             -576
  709.6000	             -591
  709.8000	             -595
  710.0000	             -534
  710.2000	             -582
  710.4000	             -591
  710.6000	             -557
  710.8000	             -602
  711.0000	             -582
  711.2000	             -577
  711.4000	             -571
  711.6000	             -567
  711.8000	             -542
  712.0000	             -567
  712.2000	             -566
  712.4000	             -577
  712.6000	             -595
  712.8000	             -588
  713.0000	             -596
  713.2000	             -576
  713.4000	             -582
  713.6000	             -559
  713.8000	             -531
  714.0000	             -593
  714.2000	             -588
  714.4000	             -562
  714.6000	             -540
  714.8000	             -564
  715.0000	             -577
  715.2000	             -603
  715.4000	             -583
  715.6000	             -576
  715.8000	             -510
  716.0000	             -582
  716.2000	             -588
  716.4000	             -584
  716.6000	             -588
  716.8000	             -577
  717.0000	             -576
  717.2000	             -598
  717.4000	             -571
  717.6000	             -579
  717.8000	             -573
  718.0000	             -577
  718.2000	             -582
  718.4000	             -567
  718.6000	             -582
  718.8000	             -576
  719.0000	             -583
  719.2000	             -540
  719.4000	             -577
  719.6000	             -596
  719.8000	             -599
  720.0000	             -577
  720.2000	             -583
  720.4000	             -582
  720.6000	             -564
  720.8000	             -566
  721.0000	             -589
  721.2000	             -573
  721.4000	             -590
  721.6000	             -581
  721.8000	             -582
  722.0000	             -592
  722.2000	             -559
  722.4000	             -583
  722.6000	             -573
  722.8000	             -580
  723.0000	             -576
  723.2000	             -574
  723.4000	             -561
  723.6000	             -569
  723.8000	             -559
  724.0000	             -579
  724.2000	             -590
  724.4000	             -590
  724.6000	             -574
  724.8000	             -558
  725.0000	             -572
  725.2000	             -559
  725.4000	             -588
  725.6000	             -582
  725.8000	             -557
  726.0000	             -577
  726.2000	             -576
  726.4000	             -571
  726.6000	             -537
  726.8000	             -577
  727.0000	             -566
  727.2000	             -421
  727.4000	             -586
  727.6000	             -602
  727.8000	             -571
  728.0000	             -577
  728.2000	             -573
  728.4000	             -589
  728.6000	             -580
  728.8000	             -526
  729.0000	             -559
  729.2000	             -579
  729.4000	             -588
  729.6000	             -588
  729.8000	             -575
  730.0000	             -538
  730.2000	             -584
  730.4000	             -547
  730.6000	             -567
  730.8000	             -584
  731.0000	             -595
  731.2000	             -571
  731.4000	             -586
  731.6000	             -589
  731.8000	             -595
  732.0000	             -567
  732.2000	             -589
  732.4000	             -574
  732.6000	             -579
  732.8000	             -586
  733.0000	             -571
  733.2000	             -589
  733.4000	             -598
  733.6000	             -556
  733.8000	             -559
  734.0000	             -556
  734.2000	             -571
  734.4000	             -577
  734.6000	             -578
  734.8000	             -570
  735.0000	             -556
  735.2000	             -536
  735.4000	             -567
  735.6000	             -570
  735.8000	             -579
  736.0000	             -587
  736.2000	             -573
  736.4000	             -574
  736.6000	             -577
  736.8000	             -585
  737.0000	             -517
  737.2000	             -559
  737.4000	             -561
  737.6000	             -577
  737.8000	             -574
  738.0000	             -572
  738.2000	             -559
  738.4000	              310
  738.6000	             -564
  738.8000	             -589
  739.0000	             -576
  739.2000	             -586
  739.4000	             -576
  739.6000	             -576
  739.8000	             -573
  740.0000	             -586
  740.2000	             -581
  740.4000	             -578
  740.6000	             -586
  740.8000	             -565
  741.0000	             -579
  741.2000	             -573
  741.4000	             -590
  741.6000	             -579
  741.8000	             -583
  742.0000	             -576
  742.2000	             -568
  742.4000	             -510
  742.6000	             -559
  742.8000	             -577
  743.0000	             -588
  743.2000	             -589
  743.4000	             -568
  743.6000	             -574
  743.8000	             -582
  744.0000	             -584
  744.2000	             -573
  744.4000	             -571
  744.6000	             -586
  744.8000	             -574
  745.0000	             -576
  745.2000	             -541
  745.4000	             -571
  745.6000	             -571
  745.8000	             -557
  746.0000	             -543
  746.2000	             -574
  746.4000	             -552
  746.6000	             -552
  746.8000	             -573
  747.0000	             -595
  747.2000	             -576
  747.4000	             -569
  747.6000	             -539
  747.8000	             -517
  748.0000	             -559
  748.2000	             -575
  748.4000	             -578
  748.6000	             -561
  748.8000	             -574
  749.0000	             -550
  749.2000	             -603
  749.4000	             -586
  749.6000	             -567
  749.8000	             -547
  750.0000	             -552
  750.2000	             -476
  750.4000	             2262
  750.6000	             -552
  750.8000	             -565
  751.0000	             -558
  751.2000	             -574
  751.4000	              781
  751.6000	             -539
  751.8000	             -580
  752.0000	             -576
  752.2000	             -592
  752.4000	             -564
  752.6000	             -588
  752.8000	             -588
  753.0000	             -571
  753.2000	             -573
  753.4000	             -573
  753.6000	             -594
  753.8000	             -579
  754.0000	             -558
  754.2000	             -592
  754.4000	             -598
  754.6000	             -595
  754.8000	             -592
  755.0000	             -588
  755.2000	             -541
  755.4000	             -573
  755.6000	             -578
  755.8000	             -585
  756.0000	             -581
  756.2000	             -573
  756.4000	             -524
  756.6000	             -583
  756.8000	             -577
  757.0000	             -572
  757.2000	             -573
  757.4000	             -595
  757.6000	             -524
  757.8000	             -580
  758.0000	             -539
  758.2000	             -573
  758.4000	             -524
  758.6000	             -560
  758.8000	             -574
  759.0000	             -571
  759.2000	             -570
  759.4000	             -581
  759.6000	             -563
  759.8000	             -561
  760.0000	             -599
  760.2000	             -580
  760.4000	             -556
  760.6000	             -571
  760.8000	             -565
  761.0000	             -588
  761.2000	             -527
  761.4000	             -577
  761.6000	             -568
  761.8000	             -523
  762.0000	             -596
  762.2000	             -574
  762.4000	             -566
  762.6000	             -539
  762.8000	             -574
  763.0000	             -560
  763.2000	             -577
  763.4000	              486
  763.6000	             -566
  763.8000	             -586
  764.0000	             -568
  764.2000	             -573
  764.4000	             -582
  764.6000	             -590
  764.8000	             -588
  765.0000	             -526
  765.2000	             -571
  765.4000	             -593
  765.6000	             -587
  765.8000	             -573
  766.0000	             -576
  766.2000	             -586
  766.4000	             -584
  766.6000	             -526
  766.8000	             -571
  767.0000	             -576
  767.2000	             -575
  767.4000	             -557
  767.6000	             -590
  767.8000	             -577
  768.0000	             -561
  768.2000	             -573
  768.4000	             -588
  768.6000	             -573
  768.8000	             -591
  769.0000	             -585
  769.2000	             -567
  769.4000	             -545
  769.6000	             -522
  769.8000	             -580
  770.0000	             -569
  770.2000	             -546
  770.4000	             -562
  770.6000	             -553
  770.8000	             -572
  771.0000	             -564
  771.2000	             -540
  771.4000	             -574
  771.6000	             -576
  771.8000	             -556
  772.0000	             -580
  772.2000	             -571
  772.4000	              420
  772.6000	             -570
  772.8000	             -566
  773.0000	             -521
  773.2000	             -566
  773.4000	             -560
  773.6000	             -570
  773.8000	             -556
  774.0000	             -566
  774.2000	             -581
  774.4000	             -556
  774.6000	             -570
  774.8000	             -565
  775.0000	             -553
  775.2000	             -564
  775.4000	             -545
  775.6000	             -588
  775.8000	             -583
  776.0000	             -566
  776.2000	             -577
  776.4000	             -579
  776.6000	             -590
  776.8000	             -579
  777.0000	             -571
  777.2000	             -560
  777.4000	             -575
  777.6000	             -576
  777.8000	             -589
  778.0000	             -584
  778.2000	             -577
  778.4000	             -554
  778.6000	             -549
  778.8000	             -573
  779.0000	             -582
  779.2000	             -574
  779.4000	             -590
  779.6000	             -588
  779.8000	             -582
  780.0000	             -579
  780.2000	             -583
  780.4000	             -579
  780.6000	             -560
  780.8000	             -581
  781.0000	             -585
  781.2000	             -586
  781.4000	             -573
  781.6000	             -571
  781.8000	             -591
  782.0000	             -595
  782.2000	             -577
  782.4000	             -575
  782.6000	             -573
  782.8000	             -591
  783.0000	             -573
  783.2000	             -571
  783.4000	             -571
  783.6000	             -584
  783.8000	             -590
  784.0000	             -584
  784.2000	             -607
  784.4000	             -588
  784.6000	             -576
  784.8000	             -588
  785.0000	             -571
  785.2000	             -576
  785.4000	             -577
  785.6000	             -571
  785.8000	             -579
  786.0000	             -579
  786.2000	             -592
  786.4000	             -551
  786.6000	             -571
  786.8000	             -586
  787.0000	             -579
  787.2000	             -577
  787.4000	             -585
  787.6000	             -583
  787.8000	             -571
  788.0000	             -596
  788.2000	             -589
  788.4000	             -576
  788.6000	             -551
  788.8000	             -565
  789.0000	             -582
  789.2000	             -584
  789.4000	             -576
  789.6000	             -524
  789.8000	             -579
  790.0000	             -588
  790.2000	             -583
  790.4000	             -589
  790.6000	             -581
  790.8000	             -590
  791.0000	             -584
  791.2000	             -577
  791.4000	             -588
  791.6000	             -575
  791.8000	             -591
  792.0000	             -598
  792.2000	             -579
  792.4000	             -577
  792.6000	             -591
  792.8000	             -570
  793.0000	             -540
  793.2000	             -579
  793.4000	             -588
  793.6000	             -604
  793.8000	             -586
  794.0000	             -583
  794.2000	             -572
  794.4000	             -588
  794.6000	             -603
  794.8000	              143
  795.0000	             -598
  795.2000	             -582
  795.4000	             -575
  795.6000	             -589
  795.8000	             -579
  796.0000	             -594
  796.2000	             -579
  796.4000	             -602
  796.6000	             -577
  796.8000	             -602
  797.0000	             -590
  797.2000	             -553
  797.4000	             -549
  797.6000	             -590
  797.8000	             -573
  798.0000	             -579
  798.2000	             -602
  798.4000	             -585
  798.6000	             -577
  798.8000	             -572
  799.0000	             -589
  799.2000	             -575
  799.4000	             -600
  799.6000	             -581
  799.8000	             -587
  800.0000	             -584
  800.2000	             -570
  800.4000	             -576
  800.6000	             -299
  800.8000	             -572
  801.0000	             -589
  801.2000	             -589
  801.4000	             -184
  801.6000	             -576
  801.8000	             -602
  802.0000	             -588
  802.2000	             -577
  802.4000	             -583
  802.6000	             -533
  802.8000	             -574
  803.0000	             -580
  803.2000	             -607
  803.4000	             -586
  803.6000	             -600
  803.8000	             -588
  804.0000	             -594
  804.2000	             -590
  804.4000	             -564
  804.6000	             -548
  804.8000	             -589
  805.0000	             -590
