  600.0000	             -629
  600.2000	             -657
  600.4000	             -630
  600.6000	             -636
  600.8000	             -658
  601.0000	             -651
  601.2000	             -637
  601.4000	             -601
  601.6000	             -575
  601.8000	             -639
  602.0000	             -651
  602.2000	             -626
  602.4000	             -652
  602.6000	             -655
  602.8000	             -568
  603.0000	             -609
  603.2000	             -636
  603.4000	             -600
  603.6000	             -635
  603.8000	             -608
  604.0000	             -578
  604.2000	             -667
  604.4000	             -646
  604.6000	             -635
  604.8000	             -634
  605.0000	             -651
  605.2000	             -638
  605.4000	             -638
  605.6000	             -637
  605.8000	             -626
  606.0000	             -609
  606.2000	             -626
  606.4000	             -588
  606.6000	             -626
  606.8000	             -597
  607.0000	             -651
  607.2000	             -630
  607.4000	             -647
  607.6000	             -562
  607.8000	             -652
  608.0000	             -633
  608.2000	             -625
  608.4000	             -633
  608.6000	             -651
  608.8000	             -585
  609.0000	             -658
  609.2000	             -645
  609.4000	             -635
  609.6000	             -608
  609.8000	             -651
  610.0000	             -626
  610.2000	             -627
  610.4000	             -613
  610.6000	             -626
  610.8000	             -630
  611.0000	             -631
  611.2000	             -652
  611.4000	             -646
  611.6000	             -626
  611.8000	             -590
  612.0000	             -649
  612.2000	             -649
  612.4000	             -594
  612.6000	             -613
  612.8000	             -621
  613.0000	             -571
  613.2000	             -622
  613.4000	             -627
  613.6000	             -635
  613.8000	             -633
  614.0000	             -604
  614.2000	             -626
  614.4000	             -627
  614.6000	             -620
  614.8000	             -629
  615.0000	             -639
  615.2000	             -637
  615.4000	             -625
  615.6000	             -638
  615.8000	             -643
  616.0000	             -635
  616.2000	             -631
  616.4000	             -617
  616.6000	             -635
  616.8000	             -656
  617.0000	             -597
  617.2000	             -605
  617.4000	             -626
  617.6000	             -643
  617.8000	             -656
  618.0000	             -647
  618.2000	             -642
  618.4000	             -639
  618.6000	             -631
  618.8000	             -626
  619.0000	             -612
  619.2000	             -652
  619.4000	             -642
  619.6000	             -586
  619.8000	             -585
  620.0000	             -649
  620.2000	             -609
  620.4000	             -634
  620.6000	             -643
  620.8000	             -626
  621.0000	             -635
  621.2000	             -630
  621.4000	             -627
  621.6000	             -645
  621.8000	             -626
  622.0000	             -614
  622.2000	             -573
  622.4000	             -635
  622.6000	             -585
  622.8000	             -612
  623.0000	             -633
  623.2000	             -626
  623.4000	             -626
  623.6000	             -591
  623.8000	             -626
  624.0000	             -622
  624.2000	             -612
  624.4000	             -644
  624.6000	             -611
  624.8000	             -642
  625.0000	             -601
  625.2000	             -597
  625.4000	             -645
  625.6000	             -635
  625.8000	             -623
  626.0000	             -578
  626.2000	             -634
  626.4000	             -626
  626.6000	             -626
  626.8000	             -603
  627.0000	             -599
  627.2000	             -605
  627.4000	             -651
  627.6000	             -626
  627.8000	             -631
  628.0000	             -648
  628.2000	             -609
  628.4000	             -626
  628.6000	             -563
  628.8000	             -644
  629.0000	             -624
  629.2000	             -644
  629.4000	             -597
  629.6000	             -609
  629.8000	             -627
  630.0000	             -636
  630.2000	             -625
  630.4000	             -621
  630.6000	             -640
  630.8000	             -631
  631.0000	             -644
  631.2000	             -608
  631.4000	             -639
  631.6000	             -626
  631.8000	             -605
  632.0000	             -597
  632.2000	             -651
  632.4000	             -613
  632.6000	             -641
  632.8000	             -578
  633.0000	             -630
  633.2000	             -604
  633.4000	             -610
  633.6000	             -636
  633.8000	             -603
  634.0000	             -638
  634.2000	             -594
  634.4000	             -578
  634.6000	             -626
  634.8000	             -596
  635.0000	             -632
  635.2000	             -626
  635.4000	             -633
  635.6000	             -651
  635.8000	             -628
  636.0000	             -603
  636.2000	             -624
  636.4000	             -630
  636.6000	             -584
  636.8000	             -565
  637.0000	             -623
  637.2000	             -594
  637.4000	             -629
  637.6000	             -603
  637.8000	             -632
  638.0000	             -624
  638.2000	             -608
  638.4000	             -603
  638.6000	             -624
  638.8000	             -599
  639.0000	             -626
  639.2000	             -632
  639.4000	             -597
  639.6000	             -631
  639.8000	             -587
  640.0000	             -631
  640.2000	             -616
  640.4000	             -627
  640.6000	             -587
  640.8000	             -601
  641.0000	             -605
  641.2000	             -633
  641.4000	             -639
  641.6000	             -626
  641.8000	             -578
  642.0000	             -586
  642.2000	             -630
  642.4000	             -570
  642.6000	             -608
  642.8000	             -616
  643.0000	             -620
  643.2000	             -571
  643.4000	             -615
  643.6000	             -599
  643.8000	             -580
  644.0000	             -597
  644.2000	             -608
  644.4000	             -639
  644.6000	             -608
  644.8000	             -617
  645.0000	             -622
  645.2000	             -624
  645.4000	             -570
  645.6000	             -621
  645.8000	             -627
  646.0000	             -627
  646.2000	             -643
  646.4000	             -628
  646.6000	             -648
  646.8000	             -631
  647.0000	             -656
  647.2000	             -658
  647.4000	             -623
  647.6000	             -611
  647.8000	             -633
  648.0000	             -631
  648.2000	             -626
  648.4000	             -625
  648.6000	             -639
  648.8000	             -638
  649.0000	             -562
  649.2000	             -641
  649.4000	             -616
  649.6000	             -609
  649.8000	             -636
  650.0000	             -626
  650.2000	             -603
  650.4000	             -597
  650.6000	             -632
  650.8000	             -630
  651.0000	             -621
  651.2000	             -626
  651.4000	             -609
  651.6000	             -617
  651.8000	             -632
  652.0000	             -623
  652.2000	             -626
  652.4000	             -580
  652.6000	             -549
  652.8000	             -597
  653.0000	             -591
  653.2000	             -597
  653.4000	             -611
  653.6000	             -618
  653.8000	             -597
  654.0000	             -643
  654.2000	             -630
  654.4000	             -559
  654.6000	             -644
  654.8000	             -636
  655.0000	             -627
  655.2000	             -609
  655.4000	             -649
  655.6000	             -644
  655.8000	             -597
  656.0000	             -629
  656.2000	             -623
  656.4000	             -591
  656.6000	             -615
  656.8000	             -601
  657.0000	             -635
  657.2000	             -626
  657.4000	             -616
  657.6000	             -630
  657.8000	             -626
  658.0000	             -631
  658.2000	             -628
  658.4000	             -625
  658.6000	             -614
  658.8000	             -612
  659.0000	             -578
  659.2000	             -627
  659.4000	             -621
  659.6000	             -589
  659.8000	             -579
  660.0000	             -608
  660.2000	             -615
  660.4000	             -631
  660.6000	             -578
  660.8000	             -575
  661.0000	             -626
  661.2000	             -563
  661.4000	             -617
  661.6000	             -639
  661.8000	             -614
  662.0000	             -579
  662.2000	             -560
  662.4000	             -630
  662.6000	             -630
  662.8000	             -599
  663.0000	             -624
  663.2000	             -597
  663.4000	             -626
  663.6000	             -579
  663.8000	             -609
  664.0000	             -607
  664.2000	             -632
  664.4000	             -620
  664.6000	             -622
  664.8000	             -589
  665.0000	             -614
  665.2000	             -579
  665.4000	             -582
  665.6000	             -608
  665.8000	             -606
  666.0000	             -614
  666.2000	             -597
  666.4000	             -578
  666.6000	             -614
  666.8000	             -571
  667.0000	             -602
  667.2000	             -608
  667.4000	             -574
  667.6000	             -578
  667.8000	             -609
  668.0000	             -609
  668.2000	             -591
  668.4000	             -585
  668.6000	             -630
  668.8000	             -574
  669.0000	             -621
  669.2000	             -643
  669.4000	             -563
  669.6000	             -639
  669.8000	             -626
  670.0000	             -621
  670.2000	             -578
  670.4000	             -601
  670.6000	             -625
  670.8000	             -591
  671.0000	             -649
  671.2000	             -593
  671.4000	             -635
  671.6000	             -584
  671.8000	             -605
  672.0000	             -620
  672.2000	             -626
  672.4000	             -613
  672.6000	             -594
  672.8000	             -562
  673.0000	             -608
  673.2000	             -648
  673.4000	             -620
  673.6000	             -576
  673.8000	             -615
  674.0000	             -638
  674.2000	             -613
  674.4000	             -629
  674.6000	             -629
  674.8000	             -629
  675.0000	             -624
  675.2000	             -624
  675.4000	             -620
  675.6000	             -647
  675.8000	             -613
  676.0000	             -623
  676.2000	             -627
  676.4000	             -645
  676.6000	             -597
  676.8000	             -630
  677.0000	             -627
  677.2000	             -597
  677.4000	             -653
  677.6000	             -578
  677.8000	             -585
  678.0000	             -616
  678.2000	             -635
  678.4000	             -635
  678.6000	             -636
  678.8000	             -626
  679.0000	             -630
  679.2000	             -638
  679.4000	             -599
  679.6000	             -638
  679.8000	             -626
  680.0000	             -625
  680.2000	             -636
  680.4000	             -651
  680.6000	             -652
  680.8000	             -634
  681.0000	             -624
  681.2000	             -603
  681.4000	             -612
  681.6000	             -578
  681.8000	             -638
  682.0000	             -635
  682.2000	             -639
  682.4000	             -585
  682.6000	             -593
  682.8000	             -586
  683.0000	             -638
  683.2000	             -637
  683.4000	             -596
  683.6000	             -643
  683.8000	             -609
  684.0000	             -616
  684.2000	             -591
  684.4000	             -651
  684.6000	             -581
  684.8000	             -619
  685.0000	             -615
  685.2000	             -636
  685.4000	             -603
  685.6000	             -635
  685.8000	             -606
  686.0000	             -660
  686.2000	             -648
  686.4000	             -626
  686.6000	             -603
  686.8000	             -632
  687.0000	             -571
  687.2000	             -597
  687.4000	             -615
  687.6000	             -608
  687.8000	             -603
  688.0000	             -634
  688.2000	             -660
  688.4000	             -635
  688.6000	             -643
  688.8000	             -636
  689.0000	             -638
  689.2000	             -611
  689.4000	             -623
  689.6000	             -633
  689.8000	             -639
  690.0000	             -639
  690.2000	             -633
  690.4000	             -637
  690.6000	             -614
  690.8000	             -611
  691.0000	             -635
  691.2000	             -670
  691.4000	             -639
  691.6000	             -636
  691.8000	             -610
  692.0000	             -621
  692.2000	             -639
  692.4000	             -624
  692.6000	             -603
  692.8000	             -610
  693.0000	             -635
  693.2000	             -635
  693.4000	             -636
  693.6000	             -649
  693.8000	             -633
  694.0000	             -639
  694.2000	             -622
  694.4000	             -607
  694.6000	             -636
  694.8000	             -643
  695.0000	             -624
  695.2000	             -657
  695.4000	             -604
  695.6000	             -633
  695.8000	             -603
  696.0000	             -635
  696.2000	             -639
  696.4000	             -656
  696.6000	             -345
  696.8000	             -647
  697.0000	             -637
  697.2000	             -638
  697.4000	             -625
  697.6000	             -626
  697.8000	             -624
  698.0000	             -562
  698.2000	             -636
  698.4000	             -611
  698.6000	             -597
  698.8000	             -638
  699.0000	             -626
  699.2000	             -643
  699.4000	             -609
  699.6000	             -635
  699.8000	             -611
  700.0000	             -645
  700.2000	             -613
  700.4000	             -631
  700.6000	             -627
  700.8000	             -639
  701.0000	             -626
  701.2000	             -626
  701.4000	             -633
  701.6000	             -628
  701.8000	             -648
  702.0000	             -633
  702.2000	             -619
  702.4000	             -651
  702.6000	             -648
  702.8000	             -615
  703.0000	             -603
  703.2000	             -568
  703.4000	             -643
  703.6000	             -579
  703.8000	             -634
  704.0000	             -636
  704.2000	             -610
  704.4000	             -648
  704.6000	             -559
  704.8000	             -613
  705.0000	             -637
  705.2000	             -636
  705.4000	             -648
  705.6000	             -633
  705.8000	             -615
  706.0000	             -634
  706.2000	             -601
  706.4000	             -581
  706.6000	             -609
  706.8000	             -580
  707.0000	             -610
  707.2000	             -639
  707.4000	             -627
  707.6000	             -648
  707.8000	             -633
  708.0000	             -638
  708.2000	             -635
  708.4000	             -652
  708.6000	             -656
  708.8000	             -632
  709.0000	             -635
  709.2000	             -643
  709.4000	             -614
  709.6000	             -651
  709.8000	             -613
  710.0000	             -627
  710.2000	             -647
  710.4000	             -580
  710.6000	             -633
  710.8000	             -608
  711.0000	             -625
  711.2000	             -609
  711.4000	             -626
  711.6000	             -626
  711.8000	             -582
  712.0000	             -647
  712.2000	             -625
  712.4000	             -580
  712.6000	             -629
  712.8000	             -608
  713.0000	             -589
  713.2000	             -635
  713.4000	             -642
  713.6000	             -637
  713.8000	             -627
  714.0000	             -652
  714.2000	             -638
  714.4000	             -621
  714.6000	             -597
  714.8000	             -581
  715.0000	             -660
  715.2000	             -652
  715.4000	             -629
  715.6000	             -600
  715.8000	             -620
  716.0000	             -661
  716.2000	             -637
  716.4000	             -643
  716.6000	             -639
  716.8000	             -649
  717.0000	             -642
  717.2000	             -624
  717.4000	             -631
  717.6000	             -633
  717.8000	             -629
  718.0000	             -614
  718.2000	             -647
  718.4000	             -608
  718.6000	             -650
  718.8000	             -633
  719.0000	             -632
  719.2000	             -629
  719.4000	             -637
  719.6000	             -643
  719.8000	             -647
  720.0000	             -591
  720.2000	             -626
  720.4000	             -606
  720.6000	             -645
  720.8000	             -617
  721.0000	             -637
  721.2000	             -649
  721.4000	             -621
  721.6000	             -605
  721.8000	             -647
  722.0000	             -658
  722.2000	             -629
  722.4000	             -613
  722.6000	             -649
  722.8000	             -615
  723.0000	             -646
  723.2000	             -658
  723.4000	             -626
  723.6000	             -606
  723.8000	             -642
  724.0000	             -652
  724.2000	             -598
  724.4000	             -653
  724.6000	             -598
  724.8000	             -626
  725.0000	             -651
  725.2000	             -674
  725.4000	             -658
  725.6000	             -607
  725.8000	             -631
  726.0000	             -639
  726.2000	             -655
  726.4000	             -638
  726.6000	             -606
  726.8000	             -614
  727.0000	             -655
  727.2000	             -626
  727.4000	             -639
  727.6000	             -658
  727.8000	             -588
  728.0000	             -638
  728.2000	             -655
  728.4000	             -649
  728.6000	             -613
  728.8000	             -652
  729.0000	             -636
  729.2000	             -633
  729.4000	             -606
  729.6000	             -660
  729.8000	             -629
  730.0000	             -671
  730.2000	             -639
  730.4000	             -658
  730.6000	             -638
  730.8000	             -639
  731.0000	             -645
  731.2000	             -606
  731.4000	             -656
  731.6000	             -665
  731.8000	             -621
  732.0000	             -649
  732.2000	             -658
  732.4000	             -626
  732.6000	             -633
  732.8000	             -604
  733.0000	             -628
  733.2000	             -636
  733.4000	             -649
  733.6000	             -581
  733.8000	             -617
  734.0000	             -645
  734.2000	             -662
  734.4000	             -660
  734.6000	             -652
  734.8000	             -605
  735.0000	             -627
  735.2000	             -576
  735.4000	             -655
  735.6000	             -638
  735.8000	             -655
  736.0000	             -621
  736.2000	             -662
  736.4000	             -581
  736.6000	             -599
  736.8000	             -626
  737.0000	             -638
  737.2000	             -609
  737.4000	             -655
  737.6000	             -628
  737.8000	             -622
  738.0000	             -655
  738.2000	             -648
  738.4000	             -193
  738.6000	             -651
  738.8000	             -656
  739.0000	             -615
  739.2000	             -612
  739.4000	             -641
  739.6000	             -642
  739.8000	             -660
  740.0000	             -658
  740.2000	             -638
  740.4000	             -645
  740.6000	             -661
  740.8000	             -638
  741.0000	             -635
  741.2000	             -612
  741.4000	             -649
  741.6000	             -638
  741.8000	             -637
  742.0000	             -627
  742.2000	             -599
  742.4000	             -646
  742.6000	             -605
  742.8000	             -661
  743.0000	             -636
  743.2000	             -646
  743.4000	             -656
  743.6000	             -633
  743.8000	             -663
  744.0000	             -661
  744.2000	             -580
  744.4000	             -636
  744.6000	             -635
  744.8000	             -655
  745.0000	             -658
  745.2000	             -612
  745.4000	             -647
  745.6000	             -597
  745.8000	             -645
  746.0000	             -627
  746.2000	             -606
  746.4000	             -598
  746.6000	             -633
  746.8000	             -638
  747.0000	             -673
  747.2000	             -633
  747.4000	             -613
  747.6000	             -642
  747.8000	             -633
  748.0000	             -624
  748.2000	             -638
  748.4000	             -651
  748.6000	             -614
  748.8000	             -580
  749.0000	             -641
  749.2000	             -627
  749.4000	             -615
  749.6000	             -637
  749.8000	             -585
  750.0000	             -635
  750.2000	             -620
  750.4000	             1737
  750.6000	             -638
  750.8000	             -649
  751.0000	             -639
  751.2000	             -645
  751.4000	             -183
  751.6000	             -653
  751.8000	             -633
  752.0000	             -637
  752.2000	             -622
  752.4000	             -646
  752.6000	             -665
  752.8000	             -638
  753.0000	             -590
  753.2000	             -638
  753.4000	             -646
  753.6000	             -654
  753.8000	             -662
  754.0000	             -627
  754.2000	             -648
  754.4000	             -644
  754.6000	             -654
  754.8000	             -581
  755.0000	             -649
  755.2000	             -622
  755.4000	             -649
  755.6000	             -655
  755.8000	             -671
  756.0000	             -662
  756.2000	             -649
  756.4000	             -674
  756.6000	             -637
  756.8000	             -662
  757.0000	             -606
  757.2000	             -655
  757.4000	             -654
  757.6000	             -652
  757.8000	             -624
  758.0000	             -617
  758.2000	             -653
  758.4000	             -627
  758.6000	             -579
  758.8000	             -662
  759.0000	             -628
  759.2000	             -620
  759.4000	             -642
  759.6000	             -597
  759.8000	             -633
  760.0000	             -667
  760.2000	             -598
  760.4000	             -626
  760.6000	             -637
  760.8000	             -605
  761.0000	             -599
  761.2000	             -605
  761.4000	             -636
  761.6000	             -665
  761.8000	             -624
  762.0000	             -629
  762.2000	             -658
  762.4000	             -624
  762.6000	             -580
  762.8000	             -633
  763.0000	             -670
  763.2000	             -626
  763.4000	             -407
  763.6000	             -603
  763.8000	             -658
  764.0000	             -635
  764.2000	             -629
  764.4000	             -635
  764.6000	             -615
  764.8000	             -641
  765.0000	             -658
  765.2000	             -681
  765.4000	             -670
  765.6000	             -669
  765.8000	             -663
  766.0000	             -668
  766.2000	             -663
  766.4000	             -629
  766.6000	             -669
  766.8000	             -626
  767.0000	             -646
  767.2000	             -663
  767.4000	             -635
  767.6000	             -668
  767.8000	             -634
  768.0000	             -649
  768.2000	             -626
  768.4000	             -670
  768.6000	             -598
  768.8000	             -599
  769.0000	             -658
  769.2000	             -615
  769.4000	             -633
  769.6000	             -633
  769.8000	             -630
  770.0000	             -657
  770.2000	             -599
  770.4000	             -658
  770.6000	             -665
  770.8000	             -657
  771.0000	             -619
  771.2000	             -606
  771.4000	             -609
  771.6000	             -632
  771.8000	             -609
  772.0000	             -632
  772.2000	             -628
  772.4000	                0
  772.6000	             -670
  772.8000	             -644
  773.0000	             -644
  773.2000	             -632
  773.4000	             -676
  773.6000	             -670
  773.8000	             -639
  774.0000	             -669
  774.2000	             -624
  774.4000	             -626
  774.6000	             -632
  774.8000	             -663
  775.0000	             -660
  775.2000	             -628
  775.4000	             -649
  775.6000	             -627
  775.8000	             -684
  776.0000	             -686
  776.2000	             -633
  776.4000	             -630
  776.6000	             -635
  776.8000	             -681
  777.0000	             -676
  777.2000	             -660
  777.4000	             -680
  777.6000	             -624
  777.8000	             -623
  778.0000	             -632
  778.2000	             -628
  778.4000	             -628
  778.6000	             -626
  778.8000	             -620
  779.0000	             -663
  779.2000	             -664
  779.4000	             -653
  779.6000	             -676
  779.8000	             -679
  780.0000	             -631
  780.2000	             -635
  780.4000	             -685
  780.6000	             -670
  780.8000	             -649
  781.0000	             -663
  781.2000	             -633
  781.4000	             -666
  781.6000	             -663
  781.8000	             -618
  782.0000	             -656
  782.2000	             -663
  782.4000	             -670
  782.6000	             -635
  782.8000	             -626
  783.0000	             -690
  783.2000	             -676
  783.4000	             -686
  783.6000	             -660
  783.8000	             -681
  784.0000	             -664
  784.2000	             -672
  784.4000	             -647
  784.6000	             -653
  784.8000	             -655
  785.0000	             -676
  785.2000	             -635
  785.4000	             -676
  785.6000	             -631
  785.8000	             -633
  786.0000	             -624
  786.2000	             -620
  786.4000	             -635
  786.6000	             -669
  786.8000	             -651
  787.0000	             -661
  787.2000	             -658
  787.4000	             -620
  787.6000	             -632
  787.8000	             -635
  788.0000	             -654
  788.2000	             -691
  788.4000	             -647
  788.6000	             -698
  788.8000	             -669
  789.0000	             -624
  789.2000	             -664
  789.4000	             -670
  789.6000	             -670
  789.8000	             -662
  790.0000	             -631
  790.2000	             -626
  790.4000	             -620
  790.6000	             -620
  790.8000	             -632
  791.0000	             -627
  791.2000	             -670
  791.4000	             -627
  791.6000	             -693
  791.8000	             -631
  792.0000	             -635
  792.2000	             -663
  792.4000	             -635
  792.6000	             -660
  792.8000	             -666
  793.0000	             -620
  793.2000	             -628
  793.4000	             -673
  793.6000	             -620
  793.8000	             -636
  794.0000	             -634
  794.2000	             -671
  794.4000	             -647
  794.6000	             -665
  794.8000	             -301
  795.0000	             -644
  795.2000	             -662
  795.4000	             -663
  795.6000	             -660
  795.8000	             -669
  796.0000	             -662
  796.2000	             -660
  796.4000	             -666
  796.6000	             -640
  796.8000	             -630
  797.0000	             -649
  797.2000	             -648
  797.4000	             -624
  797.6000	             -631
  797.8000	             -647
  798.0000	             -635
  798.2000	             -663
  798.4000	             -632
  798.6000	             -675
  798.8000	             -641
  799.0000	             -672
  799.2000	             -663
  799.4000	             -660
  799.6000	             -629
  799.8000	             -662
  800.0000	             -658
  800.2000	             -676
  800.4000	             -647
  800.6000	             -413
  800.8000	             -686
  801.0000	             -664
  801.2000	             -626
  801.4000	             -555
  801.6000	             -646
  801.8000	             -660
  802.0000	             -635
  802.2000	             -676
  802.4000	             -625
  802.6000	             -623
  802.8000	             -641
  803.0000	             -660
  803.2000	             -662
  803.4000	             -685
  803.6000	             -626
  803.8000	             -632
  804.0000	             -685
  804.2000	             -639
  804.4000	             -685
  804.6000	             -660
  804.8000	             -666
  805.0000	             -664
