  600.0000	             -674
  600.2000	             -690
  600.4000	             -683
  600.6000	             -676
  600.8000	             -693
  601.0000	             -701
  601.2000	             -677
  601.4000	             -709
  601.6000	             -700
  601.8000	             -657
  602.0000	             -675
  602.2000	             -688
  602.4000	             -651
  602.6000	             -694
  602.8000	             -684
  603.0000	             -667
  603.2000	             -675
  603.4000	             -707
  603.6000	             -668
  603.8000	             -670
  604.0000	             -697
  604.2000	             -668
  604.4000	             -676
  604.6000	             -690
  604.8000	             -712
  605.0000	             -645
  605.2000	             -684
  605.4000	             -646
  605.6000	             -651
  605.8000	             -668
  606.0000	             -658
  606.2000	             -649
  606.4000	             -693
  606.6000	             -691
  606.8000	             -661
  607.0000	             -649
  607.2000	             -686
  607.4000	             -710
  607.6000	             -680
  607.8000	             -696
  608.0000	             -651
  608.2000	             -703
  608.4000	             -701
  608.6000	             -658
  608.8000	             -692
  609.0000	             -694
  609.2000	             -667
  609.4000	             -679
  609.6000	             -647
  609.8000	             -700
  610.0000	             -687
  610.2000	             -694
  610.4000	             -686
  610.6000	             -700
  610.8000	             -657
  611.0000	             -663
  611.2000	             -688
  611.4000	             -675
  611.6000	             -721
  611.8000	             -689
  612.0000	             -687
  612.2000	             -655
  612.4000	             -693
  612.6000	             -640
  612.8000	             -690
  613.0000	             -647
  613.2000	             -676
  613.4000	             -666
  613.6000	             -692
  613.8000	             -670
  614.0000	             -694
  614.2000	             -667
  614.4000	             -647
  614.6000	             -700
  614.8000	             -665
  615.0000	             -696
  615.2000	             -692
  615.4000	             -651
  615.6000	             -689
  615.8000	             -694
  616.0000	             -650
  616.2000	             -690
  616.4000	             -696
  616.6000	             -661
  616.8000	             -667
  617.0000	             -655
  617.2000	             -649
  617.4000	             -684
  617.6000	             -692
  617.8000	             -689
  618.0000	             -693
  618.2000	             -683
  618.4000	             -689
  618.6000	             -657
  618.8000	             -667
  619.0000	             -664
  619.2000	             -692
  619.4000	             -651
  619.6000	             -670
  619.8000	             -659
  620.0000	             -664
  620.2000	             -651
  620.4000	             -696
  620.6000	             -675
  620.8000	             -700
  621.0000	             -694
  621.2000	             -689
  621.4000	             -656
  621.6000	             -647
  621.8000	             -675
  622.0000	             -694
  622.2000	             -674
  622.4000	             -664
  622.6000	             -709
  622.8000	             -696
  623.0000	             -705
  623.2000	             -651
  623.4000	             -651
  623.6000	             -691
  623.8000	             -694
  624.0000	             -647
  624.2000	             -651
  624.4000	             -697
  624.6000	             -682
  624.8000	             -659
  625.0000	             -675
  625.2000	             -628
  625.4000	             -661
  625.6000	             -692
  625.8000	             -687
  626.0000	             -651
  626.2000	             -657
  626.4000	             -660
  626.6000	             -655
  626.8000	             -713
  627.0000	             -674
  627.2000	             -663
  627.4000	             -700
  627.6000	             -661
  627.8000	             -665
  628.0000	             -651
  628.2000	             -651
  628.4000	             -694
  628.6000	             -697
  628.8000	             -667
  629.0000	             -694
  629.2000	             -676
  629.4000	             -694
  629.6000	             -675
  629.8000	             -675
  630.0000	             -692
  630.2000	             -651
  630.4000	             -680
  630.6000	             -641
  630.8000	             -644
  631.0000	             -664
  631.2000	             -675
  631.4000	             -675
  631.6000	             -655
  631.8000	             -696
  632.0000	             -676
  632.2000	             -670
  632.4000	             -651
  632.6000	             -700
  632.8000	             -651
  633.0000	             -693
  633.2000	             -692
  633.4000	             -662
  633.6000	             -696
  633.8000	             -663
  634.0000	             -692
  634.2000	             -663
  634.4000	             -675
  634.6000	             -709
  634.8000	             -710
  635.0000	             -691
  635.2000	             -671
  635.4000	             -694
  635.6000	             -686
  635.8000	             -632
  636.0000	             -692
  636.2000	             -664
  636.4000	             -692
  636.6000	             -651
  636.8000	             -694
  637.0000	             -647
  637.2000	             -661
  637.4000	             -641
  637.6000	             -651
  637.8000	             -656
  638.0000	             -662
  638.2000	             -651
  638.4000	             -670
  638.6000	             -709
  638.8000	             -694
  639.0000	             -693
  639.2000	             -656
  639.4000	             -690
  639.6000	             -692
  639.8000	             -697
  640.0000	             -669
  640.2000	             -695
  640.4000	             -667
  640.6000	             -701
  640.8000	             -686
  641.0000	             -669
  641.2000	             -665
  641.4000	             -676
  641.6000	             -692
  641.8000	             -679
  642.0000	             -661
  642.2000	             -620
  642.4000	             -676
  642.6000	             -694
  642.8000	             -639
  643.0000	             -669
  643.2000	             -686
  643.4000	             -649
  643.6000	             -655
  643.8000	             -666
  644.0000	             -663
  644.2000	             -674
  644.4000	             -686
  644.6000	             -627
  644.8000	             -681
  645.0000	             -642
  645.2000	             -670
  645.4000	             -669
  645.6000	             -647
  645.8000	             -660
  646.0000	             -649
  646.2000	             -620
  646.4000	             -641
  646.6000	             -640
  646.8000	             -617
  647.0000	             -661
  647.2000	             -653
  647.4000	             -700
  647.6000	             -675
  647.8000	             -638
  648.0000	             -658
  648.2000	             -705
  648.4000	             -664
  648.6000	             -664
  648.8000	             -671
  649.0000	             -685
  649.2000	             -696
  649.4000	             -665
  649.6000	             -658
  649.8000	             -628
  650.0000	             -685
  650.2000	             -651
  650.4000	             -670
  650.6000	             -670
  650.8000	             -650
  651.0000	             -640
  651.2000	             -663
  651.4000	             -685
  651.6000	             -669
  651.8000	             -690
  652.0000	             -662
  652.2000	             -632
  652.4000	             -635
  652.6000	             -635
  652.8000	             -663
  653.0000	             -671
  653.2000	             -635
  653.4000	             -667
  653.6000	             -667
  653.8000	             -631
  654.0000	             -684
  654.2000	             -685
  654.4000	             -621
  654.6000	             -693
  654.8000	             -674
  655.0000	             -675
  655.2000	             -676
  655.4000	             -641
  655.6000	             -694
  655.8000	             -676
  656.0000	             -674
  656.2000	             -664
  656.4000	             -675
  656.6000	             -675
  656.8000	             -641
  657.0000	             -694
  657.2000	             -670
  657.4000	             -676
  657.6000	             -657
  657.8000	             -635
  658.0000	             -635
  658.2000	             -657
  658.4000	             -663
  658.6000	             -660
  658.8000	             -624
  659.0000	             -676
  659.2000	             -685
  659.4000	             -652
  659.6000	             -658
  659.8000	             -660
  660.0000	             -671
  660.2000	             -632
  660.4000	             -658
  660.6000	             -617
  660.8000	             -664
  661.0000	             -688
  661.2000	             -629
  661.4000	             -632
  661.6000	             -629
  661.8000	             -673
  662.0000	             -666
  662.2000	             -609
  662.4000	             -675
  662.6000	             -673
  662.8000	             -669
  663.0000	             -682
  663.2000	             -647
  663.4000	             -629
  663.6000	             -643
  663.8000	             -676
  664.0000	             -658
  664.2000	             -676
  664.4000	             -697
  664.6000	             -675
  664.8000	             -682
  665.0000	             -665
  665.2000	             -635
  665.4000	             -667
  665.6000	             -657
  665.8000	             -658
  666.0000	             -665
  666.2000	             -666
  666.4000	             -632
  666.6000	             -664
  666.8000	             -688
  667.0000	             -628
  667.2000	             -670
  667.4000	             -635
  667.6000	             -676
  667.8000	             -648
  668.0000	             -635
  668.2000	             -643
  668.4000	             -633
  668.6000	             -640
  668.8000	             -678
  669.0000	             -685
  669.2000	             -632
  669.4000	             -626
  669.6000	             -669
  669.8000	             -681
  670.0000	             -647
  670.2000	             -620
  670.4000	             -657
  670.6000	             -671
  670.8000	             -676
  671.0000	             -698
  671.2000	             -690
  671.4000	             -649
  671.6000	             -661
  671.8000	             -661
  672.0000	             -669
  672.2000	             -660
  672.4000	             -691
  672.6000	             -694
  672.8000	             -639
  673.0000	             -689
  673.2000	             -693
  673.4000	             -640
  673.6000	             -649
  673.8000	             -680
  674.0000	             -637
  674.2000	             -651
  674.4000	             -637
  674.6000	             -690
  674.8000	             -675
  675.0000	             -662
  675.2000	             -666
  675.4000	             -690
  675.6000	             -637
  675.8000	             -676
  676.0000	             -694
  676.2000	             -658
  676.4000	             -694
  676.6000	             -690
  676.8000	             -620
  677.0000	             -684
  677.2000	             -685
  677.4000	             -663
  677.6000	             -649
  677.8000	             -676
  678.0000	             -677
  678.2000	             -662
  678.4000	             -675
  678.6000	             -676
  678.8000	             -659
  679.0000	             -694
  679.2000	             -670
  679.4000	             -641
  679.6000	             -647
  679.8000	             -690
  680.0000	             -651
  680.2000	             -700
  680.4000	             -694
  680.6000	             -677
  680.8000	             -657
  681.0000	             -692
  681.2000	             -669
  681.4000	             -711
  681.6000	             -638
  681.8000	             -664
  682.0000	             -693
  682.2000	             -694
  682.4000	             -651
  682.6000	             -675
  682.8000	             -669
  683.0000	             -657
  683.2000	             -697
  683.4000	             -639
  683.6000	             -663
  683.8000	           151578
  684.0000	             -668
  684.2000	             -662
  684.4000	             -659
  684.6000	             -701
  684.8000	             -694
  685.0000	             -669
  685.2000	             -694
  685.4000	             -641
  685.6000	             -689
  685.8000	             -679
  686.0000	             -686
  686.2000	             -675
  686.4000	             -689
  686.6000	             -694
  686.8000	             -672
  687.0000	             -655
  687.2000	             -681
  687.4000	             -644
  687.6000	             -682
  687.8000	             -684
  688.0000	             -676
  688.2000	             -658
  688.4000	             -700
  688.6000	             -694
  688.8000	             -692
  689.0000	             -692
  689.2000	             -676
  689.4000	             -627
  689.6000	             -694
  689.8000	             -701
  690.0000	             -692
  690.2000	             -693
  690.4000	             -682
  690.6000	             -700
  690.8000	             -676
  691.0000	             -701
  691.2000	             -649
  691.4000	             -694
  691.6000	             -684
  691.8000	             -651
  692.0000	             -667
  692.2000	             -664
  692.4000	             -690
  692.6000	             -686
  692.8000	             -668
  693.0000	             -651
  693.2000	             -710
  693.4000	             -691
  693.6000	             -661
  693.8000	             -666
  694.0000	             -656
  694.2000	             -694
  694.4000	             -647
  694.6000	             -692
  694.8000	             -664
  695.0000	             -689
  695.2000	             -640
  695.4000	             -697
  695.6000	             -669
  695.8000	             -671
  696.0000	             -664
  696.2000	             -694
  696.4000	             -639
  696.6000	             -445
  696.8000	             -687
  697.0000	             -668
  697.2000	             -692
  697.4000	             -644
  697.6000	             -647
  697.8000	             -667
  698.0000	             -684
  698.2000	             -662
  698.4000	             -697
  698.6000	             -675
  698.8000	             -657
  699.0000	             -647
  699.2000	             -641
  699.4000	             -661
  699.6000	             -657
  699.8000	             -651
  700.0000	             -667
  700.2000	             -654
  700.4000	             -692
  700.6000	             -690
  700.8000	             -669
  701.0000	             -651
  701.2000	             -665
  701.4000	             -682
  701.6000	             -665
  701.8000	             -682
  702.0000	             -669
  702.2000	             -669
  702.4000	             -658
  702.6000	             -662
  702.8000	             -694
  703.0000	             -663
  703.2000	             -647
  703.4000	             -675
  703.6000	             -694
  703.8000	             -703
  704.0000	             -652
  704.2000	             -660
  704.4000	             -651
  704.6000	             -680
  704.8000	             -641
  705.0000	             -694
  705.2000	             -686
  705.4000	             -676
  705.6000	             -694
  705.8000	             -694
  706.0000	             -698
  706.2000	             -694
  706.4000	             -657
  706.6000	             -627
  706.8000	             -660
  707.0000	             -663
  707.2000	             -676
  707.4000	             -675
  707.6000	             -655
  707.8000	             -689
  708.0000	             -692
  708.2000	             -691
  708.4000	             -690
  708.6000	             -667
  708.8000	             -684
  709.0000	             -701
  709.2000	             -676
  709.4000	             -637
  709.6000	             -689
  709.8000	             -664
  710.0000	             -660
  710.2000	             -647
  710.4000	             -637
  710.6000	             -676
  710.8000	             -676
  711.0000	             -637
  711.2000	             -637
  711.4000	             -641
  711.6000	             -644
  711.8000	             -682
  712.0000	             -651
  712.2000	             -639
  712.4000	             -651
  712.6000	             -682
  712.8000	             -693
  713.0000	             -663
  713.2000	             -653
  713.4000	             -624
  713.6000	             -675
  713.8000	             -651
  714.0000	             -694
  714.2000	             -658
  714.4000	             -694
  714.6000	             -656
  714.8000	             -690
  715.0000	             -696
  715.2000	             -664
  715.4000	             -704
  715.6000	             -647
  715.8000	             -671
  716.0000	             -641
  716.2000	             -651
  716.4000	             -653
  716.6000	             -667
  716.8000	             -645
  717.0000	             -675
  717.2000	             -680
  717.4000	             -667
  717.6000	             -697
  717.8000	             -662
  718.0000	             -670
  718.2000	             -701
  718.4000	             -676
  718.6000	             -694
  718.8000	             -684
  719.0000	             -661
  719.2000	             -624
  719.4000	             -669
  719.6000	             -673
  719.8000	             -706
  720.0000	             -647
  720.2000	             -692
  720.4000	             -675
  720.6000	             -654
  720.8000	             -689
  721.0000	             -665
  721.2000	             -638
  721.4000	             -671
  721.6000	             -684
  721.8000	             -637
  722.0000	             -698
  722.2000	             -676
  722.4000	             -628
  722.6000	             -676
  722.8000	             -681
  723.0000	             -633
  723.2000	             -669
  723.4000	             -691
  723.6000	             -666
  723.8000	             -647
  724.0000	             -651
  724.2000	             -675
  724.4000	             -646
  724.6000	             -675
  724.8000	             -666
  725.0000	             -670
  725.2000	             -675
  725.4000	             -668
  725.6000	             -691
  725.8000	             -670
  726.0000	             -620
  726.2000	             -663
  726.4000	             -686
  726.6000	             -661
  726.8000	             -647
  727.0000	             -669
  727.2000	             -664
  727.4000	             -641
  727.6000	             -647
  727.8000	             -670
  728.0000	             -675
  728.2000	             -670
  728.4000	             -675
  728.6000	             -690
  728.8000	             -662
  729.0000	             -661
  729.2000	             -694
  729.4000	             -698
  729.6000	             -647
  729.8000	             -670
  730.0000	             -657
  730.2000	             -698
  730.4000	             -641
  730.6000	             -677
  730.8000	             -663
  731.0000	             -654
  731.2000	             -690
  731.4000	             -694
  731.6000	             -682
  731.8000	             -666
  732.0000	             -643
  732.2000	             -669
  732.4000	             -686
  732.6000	             -676
  732.8000	             -620
  733.0000	             -683
  733.2000	             -692
  733.4000	             -664
  733.6000	             -663
  733.8000	             -639
  734.0000	             -642
  734.2000	             -663
  734.4000	             -669
  734.6000	             -653
  734.8000	             -670
  735.0000	             -660
  735.2000	             -635
  735.4000	             -658
  735.6000	             -647
  735.8000	             -663
  736.0000	             -643
  736.2000	             -634
  736.4000	             -651
  736.6000	             -690
  736.8000	             -643
  737.0000	             -632
  737.2000	             -660
  737.4000	             -686
  737.6000	             -681
  737.8000	             -674
  738.0000	             -644
  738.2000	             -671
  738.4000	             -172
  738.6000	             -621
  738.8000	             -684
  739.0000	             -657
  739.2000	             -662
  739.4000	             -694
  739.6000	             -680
  739.8000	             -671
  740.0000	             -647
  740.2000	             -663
  740.4000	             -637
  740.6000	             -675
  740.8000	             -647
  741.0000	             -644
  741.2000	             -651
  741.4000	             -647
  741.6000	             -662
  741.8000	             -639
  742.0000	             -630
  742.2000	             -632
  742.4000	             -692
  742.6000	             -662
  742.8000	             -695
  743.0000	             -637
  743.2000	             -671
  743.4000	             -694
  743.6000	             -660
  743.8000	             -662
  744.0000	             -641
  744.2000	             -695
  744.4000	             -658
  744.6000	             -676
  744.8000	             -666
  745.0000	             -675
  745.2000	             -660
  745.4000	             -684
  745.6000	             -685
  745.8000	             -662
  746.0000	             -635
  746.2000	             -665
  746.4000	             -660
  746.6000	             -660
  746.8000	             -621
  747.0000	             -666
  747.2000	             -676
  747.4000	             -627
  747.6000	             -670
  747.8000	             -660
  748.0000	             -660
  748.2000	             -670
  748.4000	             -629
  748.6000	             -690
  748.8000	             -670
  749.0000	             -665
  749.2000	             -669
  749.4000	             -653
  749.6000	             -666
  749.8000	             -641
  750.0000	             -650
  750.2000	             -628
  750.4000	             1576
  750.6000	             -650
  750.8000	             -651
  751.0000	             -666
  751.2000	             -649
  751.4000	             -170
  751.6000	             -660
  751.8000	             -635
  752.0000	             -632
  752.2000	             -676
  752.4000	             -634
  752.6000	             -669
  752.8000	             -695
  753.0000	             -694
  753.2000	             -647
  753.4000	             -698
  753.6000	             -694
  753.8000	             -671
  754.0000	             -681
  754.2000	             -665
  754.4000	             -662
  754.6000	             -669
  754.8000	             -649
  755.0000	             -629
  755.2000	             -697
  755.4000	             -705
  755.6000	             -686
  755.8000	             -653
  756.0000	             -690
  756.2000	             -663
  756.4000	             -641
  756.6000	             -666
  756.8000	             -641
  757.0000	             -680
  757.2000	             -676
  757.4000	             -634
  757.6000	             -641
  757.8000	             -675
  758.0000	             -627
  758.2000	             -680
  758.4000	             -675
  758.6000	             -693
  758.8000	             -676
  759.0000	             -663
  759.2000	             -634
  759.4000	             -669
  759.6000	             -671
  759.8000	             -660
  760.0000	             -635
  760.2000	             -663
  760.4000	             -660
  760.6000	             -686
  760.8000	             -627
  761.0000	             -668
  761.2000	             -676
  761.4000	             -679
  761.6000	             -648
  761.8000	             -694
  762.0000	             -698
  762.2000	             -642
  762.4000	             -668
  762.6000	             -629
  762.8000	             -647
  763.0000	             -694
  763.2000	             -631
  763.4000	             -394
  763.6000	             -670
  763.8000	             -670
  764.0000	             -668
  764.2000	             -649
  764.4000	             -662
  764.6000	             -694
  764.8000	             -649
  765.0000	             -682
  765.2000	             -669
  765.4000	             -670
  765.6000	             -692
  765.8000	             -665
  766.0000	             -671
  766.2000	             -667
  766.4000	             -664
  766.6000	             -664
  766.8000	             -662
  767.0000	             -658
  767.2000	             -666
  767.4000	             -651
  767.6000	             -662
  767.8000	             -639
  768.0000	             -620
  768.2000	             -640
  768.4000	             -644
  768.6000	             -641
  768.8000	             -685
  769.0000	             -650
  769.2000	             -685
  769.4000	             -617
  769.6000	             -685
  769.8000	             -640
  770.0000	             -635
  770.2000	             -630
  770.4000	             -663
  770.6000	             -639
  770.8000	             -660
  771.0000	             -685
  771.2000	             -676
  771.4000	             -660
  771.6000	             -643
  771.8000	             -648
  772.0000	             -686
  772.2000	             -661
  772.4000	                0
  772.6000	             -660
  772.8000	             -628
  773.0000	             -606
  773.2000	             -636
  773.4000	             -676
  773.6000	             -619
  773.8000	             -631
  774.0000	             -693
  774.2000	             -665
  774.4000	             -676
  774.6000	             -666
  774.8000	             -658
  775.0000	             -660
  775.2000	             -640
  775.4000	             -643
  775.6000	             -664
  775.8000	             -675
  776.0000	             -692
  776.2000	             -624
  776.4000	             -676
  776.6000	             -646
  776.8000	             -689
  777.0000	             -666
  777.2000	             -631
  777.4000	             -685
  777.6000	             -669
  777.8000	             -668
  778.0000	             -651
  778.2000	             -657
  778.4000	             -682
  778.6000	             -682
  778.8000	             -657
  779.0000	             -647
  779.2000	             -694
  779.4000	             -647
  779.6000	             -688
  779.8000	             -641
  780.0000	             -648
  780.2000	             -637
  780.4000	             -692
  780.6000	             -651
  780.8000	             -676
  781.0000	             -657
  781.2000	             -639
  781.4000	             -643
  781.6000	             -713
  781.8000	             -657
  782.0000	             -649
  782.2000	             -675
  782.4000	             -664
  782.6000	             -628
  782.8000	             -679
  783.0000	             -645
  783.2000	             -651
  783.4000	             -665
  783.6000	             -675
  783.8000	             -652
  784.0000	             -682
  784.2000	             -657
  784.4000	             -674
  784.6000	             -700
  784.8000	             -646
  785.0000	             -670
  785.2000	             -682
  785.4000	             -668
  785.6000	             -682
  785.8000	             -700
  786.0000	             -667
  786.2000	             -676
  786.4000	             -705
  786.6000	             -694
  786.8000	             -628
  787.0000	             -651
  787.2000	             -678
  787.4000	             -661
  787.6000	             -639
  787.8000	             -657
  788.0000	             -647
  788.2000	             -649
  788.4000	             -664
  788.6000	             -696
  788.8000	             -689
  789.0000	             -670
  789.2000	             -649
  789.4000	             -703
  789.6000	             -693
  789.8000	             -647
  790.0000	             -694
  790.2000	             -641
  790.4000	             -665
  790.6000	             -694
  790.8000	             -648
  791.0000	             -694
  791.2000	             -647
  791.4000	             -676
  791.6000	             -655
  791.8000	             -694
  792.0000	             -641
  792.2000	             -675
  792.4000	             -657
  792.6000	             -694
  792.8000	             -692
  793.0000	             -663
  793.2000	             -694
  793.4000	             -651
  793.6000	             -667
  793.8000	             -713
  794.0000	             -681
  794.2000	             -651
  794.4000	             -697
  794.6000	             -657
  794.8000	             -277
  795.0000	             -700
  795.2000	             -698
  795.4000	             -661
  795.6000	             -686
  795.8000	             -666
  796.0000	             -692
  796.2000	             -689
  796.4000	             -660
  796.6000	             -653
  796.8000	             -670
  797.0000	             -686
  797.2000	             -680
  797.4000	             -658
  797.6000	             -694
  797.8000	             -644
  798.0000	             -693
  798.2000	             -698
  798.4000	             -659
  798.6000	             -694
  798.8000	             -628
  799.0000	             -693
  799.2000	             -669
  799.4000	             -680
  799.6000	             -703
  799.8000	             -696
  800.0000	             -650
  800.2000	             -675
  800.4000	             -680
  800.6000	             -514
  800.8000	             -647
  801.0000	             -664
  801.2000	             -641
  801.4000	             -561
  801.6000	             -692
  801.8000	             -658
  802.0000	             -653
  802.2000	             -647
  802.4000	             -658
  802.6000	             -695
  802.8000	             -651
  803.0000	             -668
  803.2000	             -676
  803.4000	             -684
  803.6000	             -693
  803.8000	             -660
  804.0000	             -664
  804.2000	             -660
  804.4000	             -671
  804.6000	             -647
  804.8000	             -653
  805.0000	             -664
