  600.0000	             -621
  600.2000	             -635
  600.4000	             -678
  600.6000	             -646
  600.8000	             -660
  601.0000	             -691
  601.2000	             -624
  601.4000	             -681
  601.6000	             -670
  601.8000	             -623
  602.0000	             -624
  602.2000	             -635
  602.4000	             -681
  602.6000	             -638
  602.8000	             -663
  603.0000	             -676
  603.2000	             -629
  603.4000	             -626
  603.6000	             -660
  603.8000	             -690
  604.0000	             -635
  604.2000	             -632
  604.4000	             -670
  604.6000	             -620
  604.8000	             -660
  605.0000	             -635
  605.2000	             -627
  605.4000	             -668
  605.6000	             -676
  605.8000	             -676
  606.0000	             -668
  606.2000	             -631
  606.4000	             -632
  606.6000	             -639
  606.8000	             -626
  607.0000	             -645
  607.2000	             -681
  607.4000	             -641
  607.6000	             -686
  607.8000	             -633
  608.0000	             -660
  608.2000	             -670
  608.4000	             -676
  608.6000	             -663
  608.8000	             -685
  609.0000	             -628
  609.2000	             -650
  609.4000	             -635
  609.6000	             -631
  609.8000	             -658
  610.0000	             -698
  610.2000	             -646
  610.4000	             -668
  610.6000	             -615
  610.8000	             -632
  611.0000	             -647
  611.2000	             -635
  611.4000	             -676
  611.6000	             -686
  611.8000	             -635
  612.0000	             -635
  612.2000	             -635
  612.4000	             -663
  612.6000	             -616
  612.8000	             -660
  613.0000	             -667
  613.2000	             -665
  613.4000	             -636
  613.6000	             -666
  613.8000	             -666
  614.0000	             -620
  614.2000	             -655
  614.4000	             -647
  614.6000	             -684
  614.8000	             -649
  615.0000	             -668
  615.2000	             -685
  615.4000	             -660
  615.6000	             -676
  615.8000	             -630
  616.0000	             -670
  616.2000	             -652
  616.4000	             -632
  616.6000	             -685
  616.8000	             -667
  617.0000	             -668
  617.2000	             -646
  617.4000	             -642
  617.6000	             -684
  617.8000	             -635
  618.0000	             -633
  618.2000	             -676
  618.4000	             -620
  618.6000	             -681
  618.8000	             -660
  619.0000	             -670
  619.2000	             -635
  619.4000	             -627
  619.6000	             -620
  619.8000	             -642
  620.0000	             -643
  620.2000	             -651
  620.4000	             -631
  620.6000	             -663
  620.8000	             -685
  621.0000	             -660
  621.2000	             -678
  621.4000	             -634
  621.6000	             -641
  621.8000	             -678
  622.0000	             -669
  622.2000	             -666
  622.4000	             -678
  622.6000	             -663
  622.8000	             -664
  623.0000	             -646
  623.2000	             -632
  623.4000	             -634
  623.6000	             -620
  623.8000	             -684
  624.0000	             -633
  624.2000	             -683
  624.4000	             -659
  624.6000	             -632
  624.8000	             -631
  625.0000	             -670
  625.2000	             -660
  625.4000	             -635
  625.6000	             -660
  625.8000	             -670
  626.0000	             -635
  626.2000	             -622
  626.4000	             -635
  626.6000	             -638
  626.8000	             -646
  627.0000	             -666
  627.2000	             -635
  627.4000	             -643
  627.6000	             -657
  627.8000	             -630
  628.0000	             -623
  628.2000	             -658
  628.4000	             -631
  628.6000	             -631
  628.8000	             -630
  629.0000	             -686
  629.2000	             -634
  629.4000	             -631
  629.6000	             -632
  629.8000	             -638
  630.0000	             -686
  630.2000	             -685
  630.4000	             -653
  630.6000	             -658
  630.8000	             -676
  631.0000	             -616
  631.2000	             -635
  631.4000	             -646
  631.6000	             -683
  631.8000	             -646
  632.0000	             -628
  632.2000	             -670
  632.4000	             -683
  632.6000	             -666
  632.8000	             -646
  633.0000	             -635
  633.2000	             -655
  633.4000	             -680
  633.6000	             -627
  633.8000	             -635
  634.0000	             -668
  634.2000	             -676
  634.4000	             -632
  634.6000	             -695
  634.8000	             -632
  635.0000	             -619
  635.2000	             -638
  635.4000	             -676
  635.6000	             -670
  635.8000	             -646
  636.0000	             -660
  636.2000	             -678
  636.4000	             -676
  636.6000	             -680
  636.8000	             -676
  637.0000	             -663
  637.2000	             -678
  637.4000	             -632
  637.6000	             -677
  637.8000	             -671
  638.0000	             -635
  638.2000	             -666
  638.4000	             -624
  638.6000	             -646
  638.8000	             -668
  639.0000	             -642
  639.2000	             -635
  639.4000	             -657
  639.6000	             -615
  639.8000	             -617
  640.0000	             -668
  640.2000	             -684
  640.4000	             -676
  640.6000	             -621
  640.8000	             -629
  641.0000	             -631
  641.2000	             -631
  641.4000	             -630
  641.6000	             -631
  641.8000	             -643
  642.0000	             -663
  642.2000	             -641
  642.4000	             -621
  642.6000	             -633
  642.8000	             -678
  643.0000	             -685
  643.2000	             -678
  643.4000	             -662
  643.6000	             -658
  643.8000	             -676
  644.0000	             -627
  644.2000	             -621
  644.4000	             -648
  644.6000	             -635
  644.8000	             -660
  645.0000	             -668
  645.2000	             -663
  645.4000	             -670
  645.6000	             -678
  645.8000	             -655
  646.0000	             -685
  646.2000	             -663
  646.4000	             -670
  646.6000	             -620
  646.8000	             -615
  647.0000	             -695
  647.2000	             -628
  647.4000	             -663
  647.6000	             -647
  647.8000	             -670
  648.0000	             -678
  648.2000	             -685
  648.4000	             -662
  648.6000	             -686
  648.8000	             -668
  649.0000	             -632
  649.2000	             -635
  649.4000	             -668
  649.6000	             -660
  649.8000	             -664
  650.0000	             -660
  650.2000	             -686
  650.4000	             -681
  650.6000	             -618
  650.8000	             -630
  651.0000	             -626
  651.2000	             -658
  651.4000	             -626
  651.6000	             -646
  651.8000	             -658
  652.0000	             -615
  652.2000	             -606
  652.4000	             -663
  652.6000	             -655
  652.8000	             -646
  653.0000	             -639
  653.2000	             -657
  653.4000	             -658
  653.6000	             -658
  653.8000	             -658
  654.0000	             -628
  654.2000	             -632
  654.4000	             -611
  654.6000	             -670
  654.8000	             -624
  655.0000	             -691
  655.2000	             -633
  655.4000	             -637
  655.6000	             -660
  655.8000	             -630
  656.0000	             -638
  656.2000	             -627
  656.4000	             -686
  656.6000	             -629
  656.8000	             -620
  657.0000	             -658
  657.2000	             -646
  657.4000	             -676
  657.6000	             -668
  657.8000	             -662
  658.0000	             -658
  658.2000	             -639
  658.4000	             -655
  658.6000	             -631
  658.8000	             -637
  659.0000	             -655
  659.2000	             -655
  659.4000	             -644
  659.6000	             -647
  659.8000	             -622
  660.0000	             -588
  660.2000	             -636
  660.4000	             -633
  660.6000	             -609
  660.8000	             -626
  661.0000	             -649
  661.2000	             -619
  661.4000	             -638
  661.6000	             -627
  661.8000	             -629
  662.0000	             -627
  662.2000	             -631
  662.4000	             -627
  662.6000	             -660
  662.8000	             -676
  663.0000	             -646
  663.2000	             -621
  663.4000	             -670
  663.6000	             -663
  663.8000	             -658
  664.0000	             -646
  664.2000	             -661
  664.4000	             -629
  664.6000	             -676
  664.8000	             -663
  665.0000	             -670
  665.2000	             -635
  665.4000	             -615
  665.6000	             -648
  665.8000	             -658
  666.0000	             -628
  666.2000	             -626
  666.4000	             -670
  666.6000	             -670
  666.8000	             -643
  667.0000	             -676
  667.2000	             -658
  667.4000	             -594
  667.6000	             -613
  667.8000	             -658
  668.0000	             -657
  668.2000	             -599
  668.4000	             -629
  668.6000	             -655
  668.8000	             -615
  669.0000	             -663
  669.2000	             -633
  669.4000	             -588
  669.6000	             -670
  669.8000	             -650
  670.0000	             -646
  670.2000	             -660
  670.4000	             -624
  670.6000	             -631
  670.8000	             -678
  671.0000	             -670
  671.2000	             -660
  671.4000	             -646
  671.6000	             -654
  671.8000	             -629
  672.0000	             -676
  672.2000	             -636
  672.4000	             -643
  672.6000	             -678
  672.8000	             -670
  673.0000	             -635
  673.2000	             -650
  673.4000	             -625
  673.6000	             -640
  673.8000	             -668
  674.0000	             -624
  674.2000	             -681
  674.4000	             -676
  674.6000	             -657
  674.8000	             -609
  675.0000	             -670
  675.2000	             -630
  675.4000	             -678
  675.6000	             -649
  675.8000	             -658
  676.0000	             -615
  676.2000	             -670
  676.4000	             -670
  676.6000	             -620
  676.8000	             -629
  677.0000	             -670
  677.2000	             -599
  677.4000	             -683
  677.6000	             -658
  677.8000	             -627
  678.0000	             -670
  678.2000	             -658
  678.4000	             -629
  678.6000	             -658
  678.8000	             -580
  679.0000	             -660
  679.2000	             -624
  679.4000	             -683
  679.6000	             -663
  679.8000	             -676
  680.0000	             -676
  680.2000	             -635
  680.4000	             -670
  680.6000	             -670
  680.8000	             -660
  681.0000	             -632
  681.2000	             -620
  681.4000	             -625
  681.6000	             -660
  681.8000	             -663
  682.0000	             -660
  682.2000	             -660
  682.4000	             -660
  682.6000	             -694
  682.8000	             -670
  683.0000	             -670
  683.2000	             -646
  683.4000	             -676
  683.6000	             -676
  683.8000	             -668
  684.0000	             -670
  684.2000	             -678
  684.4000	             -676
  684.6000	             -670
  684.8000	             -621
  685.0000	             -668
  685.2000	             -668
  685.4000	             -646
  685.6000	             -632
  685.8000	             -652
  686.0000	             -628
  686.2000	             -668
  686.4000	             -670
  686.6000	             -668
  686.8000	             -644
  687.0000	             -664
  687.2000	             -670
  687.4000	             -620
  687.6000	             -660
  687.8000	             -660
  688.0000	             -627
  688.2000	             -685
  688.4000	             -620
  688.6000	             -615
  688.8000	             -690
  689.0000	             -639
  689.2000	             -660
  689.4000	             -650
  689.6000	             -678
  689.8000	             -653
  690.0000	             -660
  690.2000	             -665
  690.4000	             -625
  690.6000	             -663
  690.8000	             -685
  691.0000	             -670
  691.2000	             -676
  691.4000	             -671
  691.6000	             -660
  691.8000	             -649
  692.0000	             -635
  692.2000	             -666
  692.4000	             -676
  692.6000	             -624
  692.8000	             -664
  693.0000	             -647
  693.2000	             -660
  693.4000	             -660
  693.6000	             -632
  693.8000	             -658
  694.0000	             -632
  694.2000	             -680
  694.4000	             -660
  694.6000	             -668
  694.8000	             -625
  695.0000	             -660
  695.2000	             -682
  695.4000	             -638
  695.6000	             -665
  695.8000	             -635
  696.0000	             -685
  696.2000	             -641
  696.4000	             -628
  696.6000	             -426
  696.8000	             -635
  697.0000	             -669
  697.2000	             -670
  697.4000	             -631
  697.6000	             -681
  697.8000	             -694
  698.0000	             -696
  698.2000	             -662
  698.4000	             -649
  698.6000	             -658
  698.8000	             -684
  699.0000	             -676
  699.2000	             -696
  699.4000	             -692
  699.6000	             -675
  699.8000	             -642
  700.0000	             -683
  700.2000	             -657
  700.4000	             -665
  700.6000	             -654
  700.8000	             -675
  701.0000	             -694
  701.2000	             -670
  701.4000	             -656
  701.6000	             -655
  701.8000	             -651
  702.0000	             -676
  702.2000	             -638
  702.4000	             -662
  702.6000	             -692
  702.8000	             -698
  703.0000	             -669
  703.2000	             -628
  703.4000	             -684
  703.6000	             -640
  703.8000	             -686
  704.0000	             -638
  704.2000	             -668
  704.4000	             -694
  704.6000	             -640
  704.8000	             -691
  705.0000	             -694
  705.2000	             -710
  705.4000	             -628
  705.6000	             -676
  705.8000	             -643
  706.0000	             -635
  706.2000	             -686
  706.4000	             -647
  706.6000	             -633
  706.8000	             -647
  707.0000	             -675
  707.2000	             -635
  707.4000	             -654
  707.6000	             -695
  707.8000	             -685
  708.0000	             -692
  708.2000	             -650
  708.4000	             -648
  708.6000	             -644
  708.8000	             -660
  709.0000	             -691
  709.2000	             -669
  709.4000	             -675
  709.6000	             -686
  709.8000	             -639
  710.0000	             -681
  710.2000	             -691
  710.4000	             -645
  710.6000	             -686
  710.8000	             -705
  711.0000	             -649
  711.2000	             -662
  711.4000	             -648
  711.6000	             -653
  711.8000	             -675
  712.0000	             -670
  712.2000	             -660
  712.4000	             -694
  712.6000	             -667
  712.8000	             -685
  713.0000	             -694
  713.2000	             -660
  713.4000	             -641
  713.6000	             -663
  713.8000	             -674
  714.0000	             -644
  714.2000	             -637
  714.4000	             -675
  714.6000	             -633
  714.8000	             -692
  715.0000	             -649
  715.2000	             -669
  715.4000	             -674
  715.6000	             -694
  715.8000	             -698
  716.0000	             -698
  716.2000	             -647
  716.4000	             -657
  716.6000	             -657
  716.8000	             -662
  717.0000	             -701
  717.2000	             -655
  717.4000	             -670
  717.6000	             -664
  717.8000	             -657
  718.0000	             -636
  718.2000	             -628
  718.4000	             -692
  718.6000	             -694
  718.8000	             -642
  719.0000	             -694
  719.2000	             -676
  719.4000	             -690
  719.6000	             -637
  719.8000	             -675
  720.0000	             -643
  720.2000	             -620
  720.4000	             -663
  720.6000	             -668
  720.8000	             -677
  721.0000	             -666
  721.2000	             -647
  721.4000	             -676
  721.6000	             -654
  721.8000	             -649
  722.0000	             -637
  722.2000	             -675
  722.4000	             -620
  722.6000	             -675
  722.8000	             -694
  723.0000	             -620
  723.2000	             -632
  723.4000	             -665
  723.6000	             -658
  723.8000	             -653
  724.0000	             -694
  724.2000	             -676
  724.4000	             -666
  724.6000	             -686
  724.8000	             -674
  725.0000	             -628
  725.2000	             -675
  725.4000	             -670
  725.6000	             -636
  725.8000	             -669
  726.0000	             -635
  726.2000	             -666
  726.4000	             -660
  726.6000	             -669
  726.8000	             -641
  727.0000	             -681
  727.2000	             -633
  727.4000	             -650
  727.6000	             -647
  727.8000	             -694
  728.0000	             -669
  728.2000	             -662
  728.4000	             -648
  728.6000	             -637
  728.8000	             -671
  729.0000	             -653
  729.2000	             -694
  729.4000	             -630
  729.6000	             -669
  729.8000	             -670
  730.0000	             -665
  730.2000	             -669
  730.4000	             -629
  730.6000	             -689
  730.8000	             -641
  731.0000	             -698
  731.2000	             -653
  731.4000	             -649
  731.6000	             -663
  731.8000	             -647
  732.0000	             -665
  732.2000	             -655
  732.4000	             -674
  732.6000	             -650
  732.8000	             -692
  733.0000	             -675
  733.2000	             -670
  733.4000	             -665
  733.6000	             -668
  733.8000	             -637
  734.0000	             -681
  734.2000	             -681
  734.4000	             -685
  734.6000	             -678
  734.8000	             -675
  735.0000	             -632
  735.2000	             -693
  735.4000	             -663
  735.6000	             -632
  735.8000	             -635
  736.0000	             -663
  736.2000	             -622
  736.4000	             -668
  736.6000	             -670
  736.8000	             -642
  737.0000	             -664
  737.2000	             -670
  737.4000	             -641
  737.6000	             -670
  737.8000	             -666
  738.0000	             -654
  738.2000	             -671
  738.4000	             -208
  738.6000	             -639
  738.8000	             -670
  739.0000	             -694
  739.2000	             -692
  739.4000	             -670
  739.6000	             -693
  739.8000	             -693
  740.0000	             -670
  740.2000	             -670
  740.4000	             -656
  740.6000	             -648
  740.8000	             -682
  741.0000	             -640
  741.2000	             -655
  741.4000	             -662
  741.6000	             -647
  741.8000	             -647
  742.0000	             -698
  742.2000	             -629
  742.4000	             -674
  742.6000	             -675
  742.8000	             -660
  743.0000	             -692
  743.2000	             -665
  743.4000	             -620
  743.6000	             -658
  743.8000	             -694
  744.0000	             -635
  744.2000	             -663
  744.4000	             -620
  744.6000	             -678
  744.8000	             -693
  745.0000	             -664
  745.2000	             -621
  745.4000	             -630
  745.6000	             -646
  745.8000	             -660
  746.0000	             -624
  746.2000	             -655
  746.4000	             -663
  746.6000	             -676
  746.8000	             -642
  747.0000	             -666
  747.2000	             -629
  747.4000	             -660
  747.6000	             -626
  747.8000	             -681
  748.0000	             -658
  748.2000	             -657
  748.4000	             -695
  748.6000	             -620
  748.8000	             -641
  749.0000	             -622
  749.2000	             -620
  749.4000	             -676
  749.6000	             -632
  749.8000	             -663
  750.0000	             -627
  750.2000	             -636
  750.4000	             1681
  750.6000	             -632
  750.8000	             -674
  751.0000	             -646
  751.2000	             -663
  751.4000	             -174
  751.6000	             -632
  751.8000	             -660
  752.0000	             -674
  752.2000	             -686
  752.4000	             -676
  752.6000	             -674
  752.8000	             -653
  753.0000	             -686
  753.2000	             -666
  753.4000	             -712
  753.6000	             -691
  753.8000	             -660
  754.0000	             -655
  754.2000	             -655
  754.4000	             -694
  754.6000	             -651
  754.8000	             -676
  755.0000	             -676
  755.2000	             -689
  755.4000	             -668
  755.6000	             -670
  755.8000	             -694
  756.0000	             -693
  756.2000	             -688
  756.4000	             -665
  756.6000	             -686
  756.8000	             -670
  757.0000	             -640
  757.2000	             -631
  757.4000	             -633
  757.6000	             -632
  757.8000	             -653
  758.0000	             -647
  758.2000	             -653
  758.4000	             -632
  758.6000	             -624
  758.8000	             -670
  759.0000	             -640
  759.2000	             -674
  759.4000	             -694
  759.6000	             -670
  759.8000	             -685
  760.0000	             -649
  760.2000	             -694
  760.4000	             -685
  760.6000	             -661
  760.8000	             -690
  761.0000	             -675
  761.2000	             -647
  761.4000	             -650
  761.6000	             -675
  761.8000	             -663
  762.0000	             -665
  762.2000	             -686
  762.4000	             -646
  762.6000	             -646
  762.8000	             -690
  763.0000	             -653
  763.2000	             -658
  763.4000	             -394
  763.6000	             -619
  763.8000	             -694
  764.0000	             -693
  764.2000	             -685
  764.4000	             -676
  764.6000	             -665
  764.8000	             -647
  765.0000	             -692
  765.2000	             -694
  765.4000	             -670
  765.6000	             -674
  765.8000	             -665
  766.0000	             -641
  766.2000	             -695
  766.4000	             -680
  766.6000	             -651
  766.8000	             -660
  767.0000	             -656
  767.2000	             -658
  767.4000	             -651
  767.6000	             -694
  767.8000	             -694
  768.0000	             -669
  768.2000	             -658
  768.4000	             -658
  768.6000	             -705
  768.8000	             -669
  769.0000	             -628
  769.2000	             -688
  769.4000	             -629
  769.6000	             -647
  769.8000	             -666
  770.0000	             -662
  770.2000	             -660
  770.4000	             -647
  770.6000	             -623
  770.8000	             -632
  771.0000	             -675
  771.2000	             -685
  771.4000	             -686
  771.6000	             -668
  771.8000	             -670
  772.0000	             -649
  772.2000	             -685
  772.4000	                0
  772.6000	             -657
  772.8000	             -673
  773.0000	             -621
  773.2000	             -694
  773.4000	             -658
  773.6000	             -653
  773.8000	             -665
  774.0000	             -623
  774.2000	             -688
  774.4000	             -635
  774.6000	             -664
  774.8000	             -675
  775.0000	             -675
  775.2000	             -670
  775.4000	             -662
  775.6000	             -670
  775.8000	             -700
  776.0000	             -673
  776.2000	             -641
  776.4000	             -643
  776.6000	             -667
  776.8000	             -659
  777.0000	             -700
  777.2000	             -658
  777.4000	             -662
  777.6000	             -694
  777.8000	             -675
  778.0000	             -674
  778.2000	             -689
  778.4000	             -700
  778.6000	             -688
  778.8000	             -685
  779.0000	             -659
  779.2000	             -670
  779.4000	             -696
  779.6000	             -688
  779.8000	             -678
  780.0000	             -707
  780.2000	             -656
  780.4000	             -700
  780.6000	             -684
  780.8000	             -641
  781.0000	             -703
  781.2000	             -690
  781.4000	             -665
  781.6000	             -700
  781.8000	             -665
  782.0000	             -678
  782.2000	             -700
  782.4000	             -701
  782.6000	             -693
  782.8000	             -686
  783.0000	             -700
  783.2000	             -706
  783.4000	             -696
  783.6000	             -672
  783.8000	             -667
  784.0000	             -692
  784.2000	             -685
  784.4000	             -704
  784.6000	             -693
  784.8000	             -700
  785.0000	             -657
  785.2000	             -655
  785.4000	             -651
  785.6000	             -650
  785.8000	             -653
  786.0000	             -693
  786.2000	             -697
  786.4000	             -667
  786.6000	             -689
  786.8000	             -688
  787.0000	             -700
  787.2000	             -693
  787.4000	             -679
  787.6000	             -664
  787.8000	             -693
  788.0000	             -664
  788.2000	             -674
  788.4000	             -691
  788.6000	             -696
  788.8000	             -700
  789.0000	             -679
  789.2000	             -706
  789.4000	             -703
  789.6000	             -707
  789.8000	             -673
  790.0000	             -651
  790.2000	             -662
  790.4000	             -688
  790.6000	             -642
  790.8000	             -690
  791.0000	             -667
  791.2000	             -706
  791.4000	             -688
  791.6000	             -700
  791.8000	             -667
  792.0000	             -700
  792.2000	             -666
  792.4000	             -678
  792.6000	             -650
  792.8000	             -664
  793.0000	             -708
  793.2000	             -693
  793.4000	             -688
  793.6000	             -700
  793.8000	             -681
  794.0000	             -682
  794.2000	             -699
  794.4000	             -651
  794.6000	             -693
  794.8000	             -307
  795.0000	             -663
  795.2000	             -690
  795.4000	             -690
  795.6000	             -684
  795.8000	             -699
  796.0000	             -660
  796.2000	             -694
  796.4000	             -696
  796.6000	             -700
  796.8000	             -688
  797.0000	             -700
  797.2000	             -694
  797.4000	             -699
  797.6000	             -666
  797.8000	             -703
  798.0000	             -688
  798.2000	             -707
  798.4000	             -708
  798.6000	             -703
  798.8000	             -664
  799.0000	             -664
  799.2000	             -693
  799.4000	             -703
  799.6000	             -666
  799.8000	             -678
  800.0000	             -683
  800.2000	             -710
  800.4000	             -670
  800.6000	             -498
  800.8000	             -712
  801.0000	             -700
  801.2000	             -699
  801.4000	             -567
  801.6000	             -700
  801.8000	             -706
  802.0000	             -703
  802.2000	             -665
  802.4000	             -712
  802.6000	             -678
  802.8000	             -696
  803.0000	             -690
  803.2000	             -658
  803.4000	             -704
  803.6000	             -703
  803.8000	             -692
  804.0000	             -707
  804.2000	             -688
  804.4000	             -700
  804.6000	             -692
  804.8000	             -696
  805.0000	             -696
