  600.0000	             -678
  600.2000	             -678
  600.4000	             -639
  600.6000	             -629
  600.8000	             -659
  601.0000	             -640
  601.2000	             -628
  601.4000	             -626
  601.6000	             -666
  601.8000	             -649
  602.0000	             -685
  602.2000	             -649
  602.4000	             -632
  602.6000	             -659
  602.8000	             -631
  603.0000	             -649
  603.2000	             -662
  603.4000	             -695
  603.6000	             -624
  603.8000	             -662
  604.0000	             -676
  604.2000	             -649
  604.4000	             -617
  604.6000	             -668
  604.8000	             -658
  605.0000	             -627
  605.2000	             -659
  605.4000	             -684
  605.6000	             -663
  605.8000	             -646
  606.0000	             -630
  606.2000	             -670
  606.4000	             -623
  606.6000	             -649
  606.8000	             -666
  607.0000	             -659
  607.2000	             -684
  607.4000	             -620
  607.6000	             -684
  607.8000	             -627
  608.0000	             -646
  608.2000	             -670
  608.4000	             -634
  608.6000	             -662
  608.8000	             -620
  609.0000	             -635
  609.2000	             -632
  609.4000	             -635
  609.6000	             -663
  609.8000	             -684
  610.0000	             -675
  610.2000	             -678
  610.4000	             -669
  610.6000	             -664
  610.8000	             -627
  611.0000	             -678
  611.2000	             -659
  611.4000	             -646
  611.6000	             -647
  611.8000	             -649
  612.0000	             -622
  612.2000	             -620
  612.4000	             -663
  612.6000	             -668
  612.8000	             -684
  613.0000	             -659
  613.2000	             -663
  613.4000	             -649
  613.6000	             -668
  613.8000	             -686
  614.0000	             -668
  614.2000	             -663
  614.4000	             -674
  614.6000	             -646
  614.8000	             -633
  615.0000	             -635
  615.2000	             -631
  615.4000	             -632
  615.6000	             -646
  615.8000	             -631
  616.0000	             -635
  616.2000	             -648
  616.4000	             -657
  616.6000	             -670
  616.8000	             -633
  617.0000	             -684
  617.2000	             -670
  617.4000	             -646
  617.6000	             -633
  617.8000	             -634
  618.0000	             -649
  618.2000	             -621
  618.4000	             -659
  618.6000	             -663
  618.8000	             -641
  619.0000	             -676
  619.2000	             -675
  619.4000	             -663
  619.6000	             -635
  619.8000	             -674
  620.0000	             -628
  620.2000	             -686
  620.4000	             -635
  620.6000	             -689
  620.8000	             -628
  621.0000	             -646
  621.2000	             -631
  621.4000	             -625
  621.6000	             -678
  621.8000	             -660
  622.0000	             -659
  622.2000	             -621
  622.4000	             -670
  622.6000	             -670
  622.8000	             -662
  623.0000	             -678
  623.2000	             -633
  623.4000	             -624
  623.6000	             -635
  623.8000	             -678
  624.0000	             -646
  624.2000	             -631
  624.4000	             -631
  624.6000	             -631
  624.8000	             -620
  625.0000	             -684
  625.2000	             -669
  625.4000	             -659
  625.6000	             -674
  625.8000	             -635
  626.0000	             -631
  626.2000	             -633
  626.4000	             -638
  626.6000	             -621
  626.8000	             -663
  627.0000	             -635
  627.2000	             -620
  627.4000	             -630
  627.6000	             -628
  627.8000	             -643
  628.0000	             -680
  628.2000	             -637
  628.4000	             -662
  628.6000	             -631
  628.8000	             -678
  629.0000	             -638
  629.2000	             -663
  629.4000	             -649
  629.6000	             -670
  629.8000	             -629
  630.0000	             -649
  630.2000	             -620
  630.4000	             -695
  630.6000	             -625
  630.8000	             -657
  631.0000	             -640
  631.2000	             -623
  631.4000	             -633
  631.6000	             -678
  631.8000	             -680
  632.0000	             -625
  632.2000	             -617
  632.4000	             -668
  632.6000	             -631
  632.8000	             -670
  633.0000	             -641
  633.2000	             -631
  633.4000	             -678
  633.6000	             -645
  633.8000	             -676
  634.0000	             -663
  634.2000	             -658
  634.4000	             -663
  634.6000	             -663
  634.8000	             -642
  635.0000	             -691
  635.2000	             -678
  635.4000	             -638
  635.6000	             -631
  635.8000	             -629
  636.0000	             -680
  636.2000	             -649
  636.4000	             -659
  636.6000	             -680
  636.8000	             -643
  637.0000	             -662
  637.2000	             -627
  637.4000	             -678
  637.6000	             -689
  637.8000	             -683
  638.0000	             -641
  638.2000	             -623
  638.4000	             -676
  638.6000	             -631
  638.8000	             -652
  639.0000	             -631
  639.2000	             -633
  639.4000	             -676
  639.6000	             -623
  639.8000	             -663
  640.0000	             -659
  640.2000	             -641
  640.4000	             -657
  640.6000	             -684
  640.8000	             -676
  641.0000	             -626
  641.2000	             -659
  641.4000	             -641
  641.6000	             -628
  641.8000	             -631
  642.0000	             -629
  642.2000	             -640
  642.4000	             -623
  642.6000	             -654
  642.8000	             -641
  643.0000	             -676
  643.2000	             -627
  643.4000	             -621
  643.6000	             -626
  643.8000	             -680
  644.0000	             -615
  644.2000	             -666
  644.4000	             -678
  644.6000	             -657
  644.8000	             -623
  645.0000	             -678
  645.2000	             -630
  645.4000	             -658
  645.6000	             -629
  645.8000	             -631
  646.0000	             -634
  646.2000	             -630
  646.4000	             -631
  646.6000	             -669
  646.8000	             -597
  647.0000	             -663
  647.2000	             -659
  647.4000	             -631
  647.6000	             -664
  647.8000	             -676
  648.0000	             -648
  648.2000	             -646
  648.4000	             -684
  648.6000	             -662
  648.8000	             -684
  649.0000	             -671
  649.2000	             -668
  649.4000	             -663
  649.6000	             -682
  649.8000	             -680
  650.0000	             -619
  650.2000	             -631
  650.4000	             -669
  650.6000	             -657
  650.8000	             -615
  651.0000	             -621
  651.2000	             -659
  651.4000	             -625
  651.6000	             -675
  651.8000	             -662
  652.0000	             -658
  652.2000	             -648
  652.4000	             -645
  652.6000	             -646
  652.8000	             -676
  653.0000	             -624
  653.2000	             -659
  653.4000	             -651
  653.6000	             -621
  653.8000	             -622
  654.0000	             -639
  654.2000	             -617
  654.4000	             -594
  654.6000	             -647
  654.8000	             -668
  655.0000	             -659
  655.2000	             -689
  655.4000	             -676
  655.6000	             -663
  655.8000	             -659
  656.0000	             -676
  656.2000	             -678
  656.4000	             -625
  656.6000	             -631
  656.8000	             -629
  657.0000	             -670
  657.2000	             -621
  657.4000	             -662
  657.6000	             -644
  657.8000	             -646
  658.0000	             -631
  658.2000	             -621
  658.4000	             -651
  658.6000	             -615
  658.8000	             -657
  659.0000	             -597
  659.2000	             -622
  659.4000	             -648
  659.6000	             -645
  659.8000	             -613
  660.0000	             -637
  660.2000	             -645
  660.4000	             -625
  660.6000	             -672
  660.8000	             -628
  661.0000	             -657
  661.2000	             -626
  661.4000	             -633
  661.6000	             -605
  661.8000	             -658
  662.0000	             -593
  662.2000	             -613
  662.4000	             -647
  662.6000	             -628
  662.8000	             -630
  663.0000	             -659
  663.2000	             -635
  663.4000	             -631
  663.6000	             -675
  663.8000	             -676
  664.0000	             -641
  664.2000	             -625
  664.4000	             -611
  664.6000	             -658
  664.8000	             -645
  665.0000	             -620
  665.2000	             -689
  665.4000	             -620
  665.6000	             -652
  665.8000	             -621
  666.0000	             -657
  666.2000	             -630
  666.4000	             -605
  666.6000	             -670
  666.8000	             -633
  667.0000	             -596
  667.2000	             -670
  667.4000	             -648
  667.6000	             -635
  667.8000	             -668
  668.0000	             -670
  668.2000	             -662
  668.4000	             -625
  668.6000	             -657
  668.8000	             -633
  669.0000	             -653
  669.2000	             -605
  669.4000	             -617
  669.6000	             -670
  669.8000	             -671
  670.0000	             -628
  670.2000	             -658
  670.4000	             -627
  670.6000	             -619
  670.8000	             -682
  671.0000	             -629
  671.2000	             -623
  671.4000	             -668
  671.6000	             -641
  671.8000	             -684
  672.0000	             -631
  672.2000	             -625
  672.4000	             -638
  672.6000	             -645
  672.8000	             -635
  673.0000	             -663
  673.2000	             -678
  673.4000	             -639
  673.6000	             -689
  673.8000	             -614
  674.0000	             -637
  674.2000	             -670
  674.4000	             -652
  674.6000	             -670
  674.8000	             -668
  675.0000	             -604
  675.2000	             -650
  675.4000	             -629
  675.6000	             -670
  675.8000	             -625
  676.0000	             -600
  676.2000	             -635
  676.4000	             -666
  676.6000	             -657
  676.8000	             -654
  677.0000	             -637
  677.2000	             -666
  677.4000	             -648
  677.6000	             -678
  677.8000	             -654
  678.0000	             -654
  678.2000	             -659
  678.4000	             -628
  678.6000	             -626
  678.8000	             -645
  679.0000	             -668
  679.2000	             -664
  679.4000	             -652
  679.6000	             -693
  679.8000	             -646
  680.0000	             -694
  680.2000	             -631
  680.4000	             -631
  680.6000	             -641
  680.8000	             -629
  681.0000	             -620
  681.2000	             -646
  681.4000	             -635
  681.6000	             -659
  681.8000	             -654
  682.0000	             -671
  682.2000	             -626
  682.4000	             -686
  682.6000	             -646
  682.8000	             -623
  683.0000	             -676
  683.2000	             -669
  683.4000	             -632
  683.6000	             -676
  683.8000	             -636
  684.0000	             -659
  684.2000	             -670
  684.4000	             -635
  684.6000	             -623
  684.8000	             -670
  685.0000	             -657
  685.2000	             -684
  685.4000	             -656
  685.6000	             -663
  685.8000	             -635
  686.0000	             -643
  686.2000	             -627
  686.4000	             -621
  686.6000	             -641
  686.8000	             -659
  687.0000	             -670
  687.2000	             -629
  687.4000	             -651
  687.6000	             -633
  687.8000	             -611
  688.0000	             -633
  688.2000	             -666
  688.4000	             -659
  688.6000	             -654
  688.8000	             -649
  689.0000	             -686
  689.2000	             -620
  689.4000	             -684
  689.6000	             -676
  689.8000	             -647
  690.0000	             -676
  690.2000	             -676
  690.4000	             -635
  690.6000	             -671
  690.8000	             -646
  691.0000	             -649
  691.2000	             -678
  691.4000	             -677
  691.6000	             -620
  691.8000	             -659
  692.0000	             -632
  692.2000	             -635
  692.4000	             -676
  692.6000	             -621
  692.8000	             -633
  693.0000	             -631
  693.2000	             -636
  693.4000	             -635
  693.6000	             -669
  693.8000	             -621
  694.0000	             -649
  694.2000	             -626
  694.4000	             -678
  694.6000	             -638
  694.8000	             -631
  695.0000	             -693
  695.2000	             -637
  695.4000	             -654
  695.6000	             -663
  695.8000	             -633
  696.0000	             -646
  696.2000	             -680
  696.4000	             -627
  696.6000	             -554
  696.8000	             -635
  697.0000	             -631
  697.2000	             -685
  697.4000	             -668
  697.6000	             -676
  697.8000	             -647
  698.0000	             -631
  698.2000	             -631
  698.4000	             -645
  698.6000	             -683
  698.8000	             -620
  699.0000	             -624
  699.2000	             -664
  699.4000	             -635
  699.6000	             -628
  699.8000	             -659
  700.0000	             -635
  700.2000	             -640
  700.4000	             -691
  700.6000	             -669
  700.8000	             -631
  701.0000	             -684
  701.2000	             -670
  701.4000	             -631
  701.6000	             -659
  701.8000	             -633
  702.0000	             -614
  702.2000	             -670
  702.4000	             -631
  702.6000	             -663
  702.8000	             -686
  703.0000	             -676
  703.2000	             -631
  703.4000	             -647
  703.6000	             -666
  703.8000	             -659
  704.0000	             -643
  704.2000	             -631
  704.4000	             -698
  704.6000	             -663
  704.8000	             -635
  705.0000	             -646
  705.2000	             -659
  705.4000	             -617
  705.6000	             -676
  705.8000	             -674
  706.0000	             -641
  706.2000	             -686
  706.4000	             -631
  706.6000	             -578
  706.8000	             -605
  707.0000	             -633
  707.2000	             -635
  707.4000	             -657
  707.6000	             -669
  707.8000	             -659
  708.0000	             -631
  708.2000	             -639
  708.4000	             -649
  708.6000	             -663
  708.8000	             -682
  709.0000	             -649
  709.2000	             -684
  709.4000	             -649
  709.6000	             -659
  709.8000	             -654
  710.0000	             -646
  710.2000	             -632
  710.4000	             -676
  710.6000	             -670
  710.8000	             -678
  711.0000	             -623
  711.2000	             -668
  711.4000	             -689
  711.6000	             -667
  711.8000	             -620
  712.0000	             -686
  712.2000	             -627
  712.4000	             -663
  712.6000	             -657
  712.8000	             -666
  713.0000	             -680
  713.2000	             -674
  713.4000	             -632
  713.6000	             -628
  713.8000	             -659
  714.0000	             -644
  714.2000	             -631
  714.4000	             -654
  714.6000	             -619
  714.8000	             -631
  715.0000	             -689
  715.2000	             -676
  715.4000	             -634
  715.6000	             -658
  715.8000	             -619
  716.0000	             -668
  716.2000	             -689
  716.4000	             -633
  716.6000	             -659
  716.8000	             -628
  717.0000	             -641
  717.2000	             -628
  717.4000	             -635
  717.6000	             -628
  717.8000	             -623
  718.0000	             -659
  718.2000	             -631
  718.4000	             -684
  718.6000	             -664
  718.8000	             -625
  719.0000	             -631
  719.2000	             -632
  719.4000	             -686
  719.6000	             -663
  719.8000	             -646
  720.0000	             -670
  720.2000	             -689
  720.4000	             -631
  720.6000	             -652
  720.8000	             -678
  721.0000	             -683
  721.2000	             -629
  721.4000	             -689
  721.6000	             -670
  721.8000	             -623
  722.0000	             -675
  722.2000	             -631
  722.4000	             -627
  722.6000	             -620
  722.8000	             -668
  723.0000	             -657
  723.2000	             -633
  723.4000	             -630
  723.6000	             -664
  723.8000	             -627
  724.0000	             -678
  724.2000	             -664
  724.4000	             -641
  724.6000	             -659
  724.8000	             -666
  725.0000	             -662
  725.2000	             -680
  725.4000	             -644
  725.6000	             -621
  725.8000	             -647
  726.0000	             -623
  726.2000	             -635
  726.4000	             -646
  726.6000	             -631
  726.8000	             -640
  727.0000	             -684
  727.2000	             -652
  727.4000	             -658
  727.6000	             -620
  727.8000	             -631
  728.0000	             -624
  728.2000	             -660
  728.4000	             -627
  728.6000	             -668
  728.8000	             -676
  729.0000	             -654
  729.2000	             -642
  729.4000	             -666
  729.6000	             -637
  729.8000	             -664
  730.0000	             -646
  730.2000	             -620
  730.4000	             -631
  730.6000	             -676
  730.8000	             -668
  731.0000	             -663
  731.2000	             -675
  731.4000	             -676
  731.6000	             -631
  731.8000	             -663
  732.0000	             -654
  732.2000	             -659
  732.4000	             -684
  732.6000	             -626
  732.8000	             -631
  733.0000	             -659
  733.2000	             -680
  733.4000	             -678
  733.6000	             -628
  733.8000	             -627
  734.0000	             -627
  734.2000	             -628
  734.4000	             -676
  734.6000	             -659
  734.8000	             -617
  735.0000	             -676
  735.2000	             -640
  735.4000	             -659
  735.6000	             -645
  735.8000	             -668
  736.0000	             -686
  736.2000	             -668
  736.4000	             -626
  736.6000	             -619
  736.8000	             -684
  737.0000	             -670
  737.2000	             -615
  737.4000	             -625
  737.6000	             -668
  737.8000	             -627
  738.0000	             -646
  738.2000	             -623
  738.4000	             -358
  738.6000	             -629
  738.8000	             -663
  739.0000	             -686
  739.2000	             -629
  739.4000	             -648
  739.6000	             -680
  739.8000	             -631
  740.0000	             -631
  740.2000	             -684
  740.4000	             -635
  740.6000	             -654
  740.8000	             -677
  741.0000	             -620
  741.2000	             -640
  741.4000	             -676
  741.6000	             -668
  741.8000	             -635
  742.0000	             -669
  742.2000	             -674
  742.4000	             -640
  742.6000	             -678
  742.8000	             -676
  743.0000	             -657
  743.2000	             -633
  743.4000	             -631
  743.6000	             -670
  743.8000	             -678
  744.0000	             -648
  744.2000	             -624
  744.4000	             -646
  744.6000	             -630
  744.8000	             -668
  745.0000	             -633
  745.2000	             -653
  745.4000	             -646
  745.6000	             -668
  745.8000	             -676
  746.0000	             -637
  746.2000	             -669
  746.4000	             -653
  746.6000	             -658
  746.8000	             -631
  747.0000	             -676
  747.2000	             -670
  747.4000	             -655
  747.6000	             -670
  747.8000	             -640
  748.0000	             -614
  748.2000	             -666
  748.4000	             -659
  748.6000	             -664
  748.8000	             -664
  749.0000	             -648
  749.2000	             -668
  749.4000	             -635
  749.6000	             -629
  749.8000	             -676
  750.0000	             -683
  750.2000	             -638
  750.4000	              734
  750.6000	             -645
  750.8000	             -674
  751.0000	             -621
  751.2000	             -678
  751.4000	             -221
  751.6000	             -668
  751.8000	             -684
  752.0000	             -649
  752.2000	             -676
  752.4000	             -659
  752.6000	             -667
  752.8000	             -659
  753.0000	             -663
  753.2000	             -659
  753.4000	             -621
  753.6000	             -641
  753.8000	             -625
  754.0000	             -684
  754.2000	             -676
  754.4000	             -614
  754.6000	             -631
  754.8000	             -637
  755.0000	             -635
  755.2000	             -631
  755.4000	             -683
  755.6000	             -678
  755.8000	             -617
  756.0000	             -659
  756.2000	             -619
  756.4000	             -648
  756.6000	             -659
  756.8000	             -634
  757.0000	             -635
  757.2000	             -657
  757.4000	             -630
  757.6000	             -669
  757.8000	             -659
  758.0000	             -676
  758.2000	             -620
  758.4000	             -645
  758.6000	             -621
  758.8000	             -620
  759.0000	             -676
  759.2000	             -676
  759.4000	             -659
  759.6000	             -646
  759.8000	             -668
  760.0000	             -631
  760.2000	             -631
  760.4000	             -670
  760.6000	             -659
  760.8000	             -614
  761.0000	             -626
  761.2000	             -670
  761.4000	             -649
  761.6000	             -679
  761.8000	             -641
  762.0000	             -646
  762.2000	             -670
  762.4000	             -621
  762.6000	             -668
  762.8000	             -644
  763.0000	             -639
  763.2000	             -656
  763.4000	             -416
  763.6000	             -645
  763.8000	             -665
  764.0000	             -637
  764.2000	             -686
  764.4000	             -668
  764.6000	             -641
  764.8000	             -649
  765.0000	             -631
  765.2000	             -665
  765.4000	             -624
  765.6000	             -657
  765.8000	             -684
  766.0000	             -631
  766.2000	             -624
  766.4000	             -649
  766.6000	             -669
  766.8000	             -686
  767.0000	             -662
  767.2000	             -631
  767.4000	             -623
  767.6000	             -668
  767.8000	             -664
  768.0000	             -635
  768.2000	             -668
  768.4000	             -633
  768.6000	             -621
  768.8000	             -669
  769.0000	             -670
  769.2000	             -662
  769.4000	             -659
  769.6000	             -662
  769.8000	             -630
  770.0000	             -689
  770.2000	             -629
  770.4000	             -680
  770.6000	             -635
  770.8000	             -627
  771.0000	             -631
  771.2000	             -658
  771.4000	             -657
  771.6000	             -637
  771.8000	             -626
  772.0000	             -670
  772.2000	             -656
  772.4000	             -242
  772.6000	             -645
  772.8000	             -670
  773.0000	             -634
  773.2000	             -637
  773.4000	             -686
  773.6000	             -676
  773.8000	             -653
  774.0000	             -631
  774.2000	             -662
  774.4000	             -670
  774.6000	             -673
  774.8000	             -664
  775.0000	             -625
  775.2000	             -599
  775.4000	             -631
  775.6000	             -678
  775.8000	             -633
  776.0000	             -684
  776.2000	             -674
  776.4000	             -670
  776.6000	             -640
  776.8000	             -670
  777.0000	             -663
  777.2000	             -684
  777.4000	             -668
  777.6000	             -649
  777.8000	             -669
  778.0000	             -653
  778.2000	             -644
  778.4000	             -657
  778.6000	             -620
  778.8000	             -653
  779.0000	             -635
  779.2000	             -649
  779.4000	             -640
  779.6000	             -647
  779.8000	             -657
  780.0000	             -689
  780.2000	             -694
  780.4000	             -659
  780.6000	             -641
  780.8000	             -624
  781.0000	             -690
  781.2000	             -625
  781.4000	             -635
  781.6000	             -659
  781.8000	             -631
  782.0000	             -669
  782.2000	             -619
  782.4000	             -693
  782.6000	             -658
  782.8000	             -646
  783.0000	             -638
  783.2000	             -624
  783.4000	             -626
  783.6000	             -657
  783.8000	             -669
  784.0000	             -624
  784.2000	             -663
  784.4000	             -659
  784.6000	             -669
  784.8000	             -649
  785.0000	             -649
  785.2000	             -638
  785.4000	             -669
  785.6000	             -628
  785.8000	             -620
  786.0000	             -663
  786.2000	             -646
  786.4000	             -620
  786.6000	             -635
  786.8000	             -671
  787.0000	             -628
  787.2000	             -633
  787.4000	             -663
  787.6000	             -682
  787.8000	             -669
  788.0000	             -631
  788.2000	             -647
  788.4000	             -689
  788.6000	             -663
  788.8000	             -663
  789.0000	             -641
  789.2000	             -633
  789.4000	             -647
  789.6000	             -682
  789.8000	             -638
  790.0000	             -684
  790.2000	             -631
  790.4000	             -663
  790.6000	             -670
  790.8000	             -656
  791.0000	             -686
  791.2000	             -662
  791.4000	             -641
  791.6000	             -649
  791.8000	             -620
  792.0000	             -659
  792.2000	             -659
  792.4000	             -642
  792.6000	             -664
  792.8000	             -659
  793.0000	             -628
  793.2000	             -653
  793.4000	             -663
  793.6000	             -652
  793.8000	             -701
  794.0000	             -631
  794.2000	             -682
  794.4000	             -668
  794.6000	             -625
  794.8000	             -356
  795.0000	             -623
  795.2000	             -684
  795.4000	             -628
  795.6000	             -651
  795.8000	             -646
  796.0000	             -649
  796.2000	             -662
  796.4000	             -643
  796.6000	             -665
  796.8000	             -649
  797.0000	             -668
  797.2000	             -684
  797.4000	             -640
  797.6000	             -630
  797.8000	             -631
  798.0000	             -654
  798.2000	             -695
  798.4000	             -663
  798.6000	             -686
  798.8000	             -649
  799.0000	             -635
  799.2000	             -623
  799.4000	             -649
  799.6000	             -671
  799.8000	             -669
  800.0000	             -639
  800.2000	             -668
  800.4000	             -689
  800.6000	             -570
  800.8000	             -623
  801.0000	             -640
  801.2000	             -635
  801.4000	             -553
  801.6000	             -670
  801.8000	             -662
  802.0000	             -666
  802.2000	             -620
  802.4000	             -631
  802.6000	             -626
  802.8000	             -620
  803.0000	             -626
  803.2000	             -664
  803.4000	             -663
  803.6000	             -669
  803.8000	             -628
  804.0000	             -659
  804.2000	             -637
  804.4000	             -678
  804.6000	             -668
  804.8000	             -635
  805.0000	             -698
