  600.0000	             -625
  600.2000	             -615
  600.4000	             -654
  600.6000	             -665
  600.8000	             -675
  601.0000	             -648
  601.2000	             -587
  601.4000	             -607
  601.6000	             -645
  601.8000	             -605
  602.0000	             -625
  602.2000	             -645
  602.4000	             -656
  602.6000	             -605
  602.8000	             -637
  603.0000	             -634
  603.2000	             -635
  603.4000	             -657
  603.6000	             -648
  603.8000	             -650
  604.0000	             -648
  604.2000	             -662
  604.4000	             -628
  604.6000	             -662
  604.8000	             -662
  605.0000	             -657
  605.2000	             -624
  605.4000	             -617
  605.6000	             -605
  605.8000	             -597
  606.0000	             -637
  606.2000	             -587
  606.4000	             -654
  606.6000	             -656
  606.8000	             -635
  607.0000	             -615
  607.2000	             -638
  607.4000	             -637
  607.6000	             -618
  607.8000	             -648
  608.0000	             -637
  608.2000	             -654
  608.4000	             -648
  608.6000	             -656
  608.8000	             -622
  609.0000	             -657
  609.2000	             -627
  609.4000	             -633
  609.6000	             -648
  609.8000	             -648
  610.0000	             -615
  610.2000	             -654
  610.4000	             -631
  610.6000	             -635
  610.8000	             -607
  611.0000	             -633
  611.2000	             -629
  611.4000	             -640
  611.6000	             -670
  611.8000	             -641
  612.0000	             -654
  612.2000	             -657
  612.4000	             -611
  612.6000	             -592
  612.8000	             -620
  613.0000	             -629
  613.2000	             -656
  613.4000	             -656
  613.6000	             -615
  613.8000	             -625
  614.0000	             -639
  614.2000	             -618
  614.4000	             -629
  614.6000	             -662
  614.8000	             -625
  615.0000	             -597
  615.2000	             -620
  615.4000	             -675
  615.6000	             -628
  615.8000	             -671
  616.0000	             -654
  616.2000	             -629
  616.4000	             -657
  616.6000	             -670
  616.8000	             -658
  617.0000	             -615
  617.2000	             -615
  617.4000	             -631
  617.6000	             -648
  617.8000	             -670
  618.0000	             -631
  618.2000	             -625
  618.4000	             -628
  618.6000	             -629
  618.8000	             -625
  619.0000	             -635
  619.2000	             -683
  619.4000	             -628
  619.6000	             -615
  619.8000	             -654
  620.0000	             -654
  620.2000	             -605
  620.4000	             -637
  620.6000	             -631
  620.8000	             -657
  621.0000	             -657
  621.2000	             -669
  621.4000	             -596
  621.6000	             -588
  621.8000	             -657
  622.0000	             -591
  622.2000	             -629
  622.4000	             -657
  622.6000	             -656
  622.8000	             -670
  623.0000	             -650
  623.2000	             -650
  623.4000	             -650
  623.6000	             -658
  623.8000	             -654
  624.0000	             -615
  624.2000	             -654
  624.4000	             -605
  624.6000	             -647
  624.8000	             -627
  625.0000	             -626
  625.2000	             -657
  625.4000	             -617
  625.6000	             -677
  625.8000	             -666
  626.0000	             -619
  626.2000	             -677
  626.4000	             -668
  626.6000	             -648
  626.8000	             -624
  627.0000	             -657
  627.2000	             -647
  627.4000	             -617
  627.6000	             -674
  627.8000	             -654
  628.0000	             -628
  628.2000	             -622
  628.4000	             -637
  628.6000	             -637
  628.8000	             -650
  629.0000	             -657
  629.2000	             -580
  629.4000	             -633
  629.6000	             -646
  629.8000	             -637
  630.0000	             -653
  630.2000	             -629
  630.4000	             -652
  630.6000	             -622
  630.8000	             -636
  631.0000	             -643
  631.2000	             -659
  631.4000	             -645
  631.6000	             -597
  631.8000	             -662
  632.0000	             -637
  632.2000	             -617
  632.4000	             -611
  632.6000	             -627
  632.8000	             -619
  633.0000	             -615
  633.2000	             -617
  633.4000	             -605
  633.6000	             -660
  633.8000	             -626
  634.0000	             -665
  634.2000	             -617
  634.4000	             -654
  634.6000	             -597
  634.8000	             -662
  635.0000	             -631
  635.2000	             -672
  635.4000	             -654
  635.6000	             -615
  635.8000	             -591
  636.0000	             -649
  636.2000	             -648
  636.4000	             -628
  636.6000	             -605
  636.8000	             -633
  637.0000	             -641
  637.2000	             -653
  637.4000	             -658
  637.6000	             -661
  637.8000	             -653
  638.0000	             -657
  638.2000	             -599
  638.4000	             -644
  638.6000	             -658
  638.8000	             -599
  639.0000	             -634
  639.2000	             -605
  639.4000	             -602
  639.6000	             -658
  639.8000	             -611
  640.0000	             -628
  640.2000	             -629
  640.4000	             -654
  640.6000	             -648
  640.8000	             -657
  641.0000	             -599
  641.2000	             -669
  641.4000	             -618
  641.6000	             -611
  641.8000	             -654
  642.0000	             -628
  642.2000	             -654
  642.4000	             -585
  642.6000	             -605
  642.8000	             -633
  643.0000	             -647
  643.2000	             -626
  643.4000	             -650
  643.6000	             -604
  643.8000	             -635
  644.0000	             -586
  644.2000	             -645
  644.4000	             -617
  644.6000	             -636
  644.8000	             -615
  645.0000	             -625
  645.2000	             -662
  645.4000	             -657
  645.6000	             -636
  645.8000	             -653
  646.0000	             -645
  646.2000	             -620
  646.4000	             -654
  646.6000	             -654
  646.8000	             -657
  647.0000	             -627
  647.2000	             -648
  647.4000	             -657
  647.6000	             -604
  647.8000	             -637
  648.0000	             -618
  648.2000	             -615
  648.4000	             -622
  648.6000	             -629
  648.8000	             -631
  649.0000	             -620
  649.2000	             -637
  649.4000	             -636
  649.6000	             -675
  649.8000	             -654
  650.0000	             -633
  650.2000	             -633
  650.4000	             -673
  650.6000	             -580
  650.8000	             -607
  651.0000	             -654
  651.2000	             -653
  651.4000	             -625
  651.6000	             -638
  651.8000	             -629
  652.0000	             -603
  652.2000	             -659
  652.4000	             -630
  652.6000	             -626
  652.8000	             -579
  653.0000	             -631
  653.2000	             -612
  653.4000	             -625
  653.6000	             -636
  653.8000	             -633
  654.0000	             -620
  654.2000	             -670
  654.4000	             -593
  654.6000	             -652
  654.8000	             -642
  655.0000	             -633
  655.2000	             -638
  655.4000	             -656
  655.6000	             -615
  655.8000	             -636
  656.0000	             -648
  656.2000	             -647
  656.4000	             -604
  656.6000	             -604
  656.8000	             -654
  657.0000	             -673
  657.2000	             -640
  657.4000	             -617
  657.6000	             -653
  657.8000	             -656
  658.0000	             -595
  658.2000	             -633
  658.4000	             -656
  658.6000	             -648
  658.8000	             -639
  659.0000	             -625
  659.2000	             -635
  659.4000	             -649
  659.6000	             -623
  659.8000	             -653
  660.0000	             -644
  660.2000	             -628
  660.4000	             -579
  660.6000	             -609
  660.8000	             -650
  661.0000	             -620
  661.2000	             -589
  661.4000	             -645
  661.6000	             -645
  661.8000	             -615
  662.0000	             -657
  662.2000	             -578
  662.4000	             -617
  662.6000	             -637
  662.8000	             -638
  663.0000	             -615
  663.2000	             -645
  663.4000	             -654
  663.6000	             -654
  663.8000	             -639
  664.0000	             -660
  664.2000	             -626
  664.4000	             -648
  664.6000	             -658
  664.8000	             -644
  665.0000	             -588
  665.2000	             -624
  665.4000	             -637
  665.6000	             -618
  665.8000	             -624
  666.0000	             -585
  666.2000	             -581
  666.4000	             -637
  666.6000	             -661
  666.8000	             -612
  667.0000	             -636
  667.2000	             -623
  667.4000	             -626
  667.6000	             -635
  667.8000	             -648
  668.0000	             -628
  668.2000	             -579
  668.4000	             -633
  668.6000	             -654
  668.8000	             -625
  669.0000	             -612
  669.2000	             -622
  669.4000	             -580
  669.6000	             -629
  669.8000	             -605
  670.0000	             -628
  670.2000	             -630
  670.4000	             -614
  670.6000	             -672
  670.8000	             -605
  671.0000	             -617
  671.2000	             -638
  671.4000	             -657
  671.6000	             -658
  671.8000	             -604
  672.0000	             -624
  672.2000	             -662
  672.4000	             -651
  672.6000	             -646
  672.8000	             -599
  673.0000	             -645
  673.2000	             -625
  673.4000	             -654
  673.6000	             -611
  673.8000	             -605
  674.0000	             -636
  674.2000	             -654
  674.4000	             -654
  674.6000	             -617
  674.8000	             -637
  675.0000	             -604
  675.2000	             -645
  675.4000	             -642
  675.6000	             -580
  675.8000	             -657
  676.0000	             -591
  676.2000	             -625
  676.4000	             -617
  676.6000	             -657
  676.8000	             -612
  677.0000	             -626
  677.2000	             -676
  677.4000	             -631
  677.6000	             -676
  677.8000	             -631
  678.0000	             -681
  678.2000	             -631
  678.4000	             -631
  678.6000	             -635
  678.8000	             -625
  679.0000	             -667
  679.2000	             -633
  679.4000	             -689
  679.6000	             -631
  679.8000	             -676
  680.0000	             -642
  680.2000	             -645
  680.4000	             -701
  680.6000	             -693
  680.8000	             -663
  681.0000	             -633
  681.2000	             -631
  681.4000	             -679
  681.6000	             -659
  681.8000	             -664
  682.0000	             -689
  682.2000	             -668
  682.4000	             -681
  682.6000	             -678
  682.8000	             -640
  683.0000	             -620
  683.2000	             -627
  683.4000	             -664
  683.6000	             -659
  683.8000	             -649
  684.0000	             -668
  684.2000	             -638
  684.4000	             -675
  684.6000	             -631
  684.8000	             -668
  685.0000	             -620
  685.2000	             -641
  685.4000	             -620
  685.6000	             -662
  685.8000	             -649
  686.0000	             -662
  686.2000	             -654
  686.4000	             -666
  686.6000	             -646
  686.8000	             -646
  687.0000	             -640
  687.2000	             -659
  687.4000	             -663
  687.6000	             -638
  687.8000	             -639
  688.0000	             -628
  688.2000	             -676
  688.4000	             -659
  688.6000	             -665
  688.8000	             -662
  689.0000	             -623
  689.2000	             -659
  689.4000	             -643
  689.6000	             -628
  689.8000	             -663
  690.0000	             -675
  690.2000	             -666
  690.4000	             -691
  690.6000	             -663
  690.8000	             -690
  691.0000	             -693
  691.2000	             -643
  691.4000	             -686
  691.6000	             -663
  691.8000	             -669
  692.0000	             -635
  692.2000	             -693
  692.4000	             -627
  692.6000	             -628
  692.8000	             -633
  693.0000	             -638
  693.2000	             -635
  693.4000	             -659
  693.6000	             -638
  693.8000	             -628
  694.0000	             -646
  694.2000	             -664
  694.4000	             -672
  694.6000	             -676
  694.8000	             -658
  695.0000	             -649
  695.2000	             -684
  695.4000	             -644
  695.6000	             -627
  695.8000	             -668
  696.0000	             -686
  696.2000	             -631
  696.4000	             -659
  696.6000	             -562
  696.8000	             -638
  697.0000	             -665
  697.2000	             -665
  697.4000	             -668
  697.6000	             -654
  697.8000	             -663
  698.0000	             -684
  698.2000	             -691
  698.4000	             -628
  698.6000	             -665
  698.8000	             -685
  699.0000	             -663
  699.2000	             -684
  699.4000	             -631
  699.6000	             -666
  699.8000	             -675
  700.0000	             -640
  700.2000	             -646
  700.4000	             -678
  700.6000	             -631
  700.8000	             -643
  701.0000	             -661
  701.2000	             -674
  701.4000	             -620
  701.6000	             -666
  701.8000	             -639
  702.0000	             -666
  702.2000	             -664
  702.4000	             -635
  702.6000	             -631
  702.8000	             -642
  703.0000	             -637
  703.2000	             -642
  703.4000	             -684
  703.6000	             -658
  703.8000	             -647
  704.0000	             -620
  704.2000	             -676
  704.4000	             -676
  704.6000	             -652
  704.8000	             -631
  705.0000	             -640
  705.2000	             -694
  705.4000	             -630
  705.6000	             -670
  705.8000	             -691
  706.0000	             -678
  706.2000	             -675
  706.4000	             -640
  706.6000	             -611
  706.8000	             -657
  707.0000	             -620
  707.2000	             -620
  707.4000	             -663
  707.6000	             -623
  707.8000	             -698
  708.0000	             -664
  708.2000	             -647
  708.4000	             -649
  708.6000	             -668
  708.8000	             -633
  709.0000	             -676
  709.2000	             -666
  709.4000	             -625
  709.6000	             -631
  709.8000	             -689
  710.0000	             -659
  710.2000	             -639
  710.4000	             -685
  710.6000	             -620
  710.8000	             -625
  711.0000	             -620
  711.2000	             -694
  711.4000	             -694
  711.6000	             -683
  711.8000	             -620
  712.0000	             -631
  712.2000	             -649
  712.4000	             -638
  712.6000	             -633
  712.8000	             -617
  713.0000	             -630
  713.2000	             -656
  713.4000	             -625
  713.6000	             -635
  713.8000	             -659
  714.0000	             -632
  714.2000	             -645
  714.4000	             -663
  714.6000	             -645
  714.8000	             -693
  715.0000	             -668
  715.2000	             -638
  715.4000	             -637
  715.6000	             -643
  715.8000	             -668
  716.0000	             -675
  716.2000	             -668
  716.4000	             -635
  716.6000	             -670
  716.8000	             -657
  717.0000	             -652
  717.2000	             -635
  717.4000	             -659
  717.6000	             -686
  717.8000	             -694
  718.0000	             -659
  718.2000	             -663
  718.4000	             -633
  718.6000	             -682
  718.8000	             -618
  719.0000	             -619
  719.2000	             -691
  719.4000	             -666
  719.6000	             -624
  719.8000	             -691
  720.0000	             -640
  720.2000	             -632
  720.4000	             -659
  720.6000	             -663
  720.8000	             -631
  721.0000	             -684
  721.2000	             -659
  721.4000	             -624
  721.6000	             -664
  721.8000	             -675
  722.0000	             -669
  722.2000	             -635
  722.4000	             -690
  722.6000	             -621
  722.8000	             -663
  723.0000	             -659
  723.2000	             -668
  723.4000	             -620
  723.6000	             -659
  723.8000	             -617
  724.0000	             -626
  724.2000	             -670
  724.4000	             -664
  724.6000	             -663
  724.8000	             -686
  725.0000	             -657
  725.2000	             -649
  725.4000	             -693
  725.6000	             -668
  725.8000	             -637
  726.0000	             -668
  726.2000	             -681
  726.4000	             -635
  726.6000	             -620
  726.8000	             -626
  727.0000	             -640
  727.2000	             -626
  727.4000	             -684
  727.6000	             -666
  727.8000	             -635
  728.0000	             -641
  728.2000	             -618
  728.4000	             -674
  728.6000	             -643
  728.8000	             -659
  729.0000	             -686
  729.2000	             -686
  729.4000	             -663
  729.6000	             -620
  729.8000	             -663
  730.0000	             -615
  730.2000	             -641
  730.4000	             -617
  730.6000	             -685
  730.8000	             -646
  731.0000	             -686
  731.2000	             -644
  731.4000	             -643
  731.6000	             -664
  731.8000	             -678
  732.0000	             -684
  732.2000	             -633
  732.4000	             -678
  732.6000	             -637
  732.8000	             -645
  733.0000	             -684
  733.2000	             -684
  733.4000	             -639
  733.6000	             -668
  733.8000	             -659
  734.0000	             -659
  734.2000	             -641
  734.4000	             -656
  734.6000	             -631
  734.8000	             -634
  735.0000	             -672
  735.2000	             -620
  735.4000	             -658
  735.6000	             -639
  735.8000	             -631
  736.0000	             -678
  736.2000	             -626
  736.4000	             -678
  736.6000	             -659
  736.8000	             -631
  737.0000	             -635
  737.2000	             -630
  737.4000	             -648
  737.6000	             -659
  737.8000	             -659
  738.0000	             -676
  738.2000	             -657
  738.4000	             -355
  738.6000	             -657
  738.8000	             -676
  739.0000	             -691
  739.2000	             -678
  739.4000	             -689
  739.6000	             -657
  739.8000	             -659
  740.0000	             -674
  740.2000	             -684
  740.4000	             -681
  740.6000	             -684
  740.8000	             -616
  741.0000	             -620
  741.2000	             -670
  741.4000	             -695
  741.6000	             -633
  741.8000	             -686
  742.0000	             -686
  742.2000	             -620
  742.4000	             -653
  742.6000	             -631
  742.8000	             -678
  743.0000	             -635
  743.2000	             -624
  743.4000	             -633
  743.6000	             -666
  743.8000	             -663
  744.0000	             -654
  744.2000	             -627
  744.4000	             -628
  744.6000	             -630
  744.8000	             -646
  745.0000	             -660
  745.2000	             -608
  745.4000	             -670
  745.6000	             -630
  745.8000	             -630
  746.0000	             -675
  746.2000	             -659
  746.4000	             -628
  746.6000	             -657
  746.8000	             -639
  747.0000	             -626
  747.2000	             -665
  747.4000	             -676
  747.6000	             -683
  747.8000	             -655
  748.0000	             -629
  748.2000	             -621
  748.4000	             -639
  748.6000	             -620
  748.8000	             -659
  749.0000	             -631
  749.2000	             -631
  749.4000	             -676
  749.6000	             -625
  749.8000	             -621
  750.0000	             -615
  750.2000	             -645
  750.4000	              654
  750.6000	             -670
  750.8000	             -666
  751.0000	             -665
  751.2000	             -620
  751.4000	             -217
  751.6000	             -626
  751.8000	             -620
  752.0000	             -670
  752.2000	             -657
  752.4000	             -628
  752.6000	             -630
  752.8000	             -659
  753.0000	             -607
  753.2000	             -676
  753.4000	             -684
  753.6000	             -620
  753.8000	             -676
  754.0000	             -626
  754.2000	             -674
  754.4000	             -659
  754.6000	             -659
  754.8000	             -619
  755.0000	             -676
  755.2000	             -668
  755.4000	             -668
  755.6000	             -626
  755.8000	             -664
  756.0000	             -680
  756.2000	             -655
  756.4000	             -635
  756.6000	             -659
  756.8000	             -643
  757.0000	             -641
  757.2000	             -621
  757.4000	             -647
  757.6000	             -676
  757.8000	             -676
  758.0000	             -630
  758.2000	             -637
  758.4000	             -624
  758.6000	             -678
  758.8000	             -670
  759.0000	             -646
  759.2000	             -631
  759.4000	             -649
  759.6000	             -657
  759.8000	             -619
  760.0000	             -641
  760.2000	             -659
  760.4000	             -606
  760.6000	             -649
  760.8000	             -665
  761.0000	             -629
  761.2000	             -597
  761.4000	             -637
  761.6000	             -669
  761.8000	             -659
  762.0000	             -659
  762.2000	             -622
  762.4000	             -660
  762.6000	             -659
  762.8000	             -670
  763.0000	             -631
  763.2000	             -624
  763.4000	             -395
  763.6000	             -630
  763.8000	             -654
  764.0000	             -663
  764.2000	             -680
  764.4000	             -631
  764.6000	             -668
  764.8000	             -659
  765.0000	             -662
  765.2000	             -678
  765.4000	             -663
  765.6000	             -649
  765.8000	             -621
  766.0000	             -628
  766.2000	             -628
  766.4000	             -686
  766.6000	             -678
  766.8000	             -659
  767.0000	             -629
  767.2000	             -631
  767.4000	             -630
  767.6000	             -635
  767.8000	             -630
  768.0000	             -626
  768.2000	             -653
  768.4000	             -659
  768.6000	             -617
  768.8000	             -620
  769.0000	             -631
  769.2000	             -670
  769.4000	             -627
  769.6000	             -658
  769.8000	             -655
  770.0000	             -629
  770.2000	             -636
  770.4000	             -629
  770.6000	             -653
  770.8000	             -627
  771.0000	             -654
  771.2000	             -625
  771.4000	             -657
  771.6000	             -669
  771.8000	             -657
  772.0000	             -656
  772.2000	             -629
  772.4000	             -242
  772.6000	             -636
  772.8000	             -677
  773.0000	             -645
  773.2000	             -677
  773.4000	             -662
  773.6000	             -662
  773.8000	             -645
  774.0000	             -657
  774.2000	             -659
  774.4000	             -669
  774.6000	             -619
  774.8000	             -636
  775.0000	             -677
  775.2000	             -648
  775.4000	             -659
  775.6000	             -659
  775.8000	             -664
  776.0000	             -647
  776.2000	             -668
  776.4000	             -646
  776.6000	             -659
  776.8000	             -631
  777.0000	             -686
  777.2000	             -629
  777.4000	             -659
  777.6000	             -649
  777.8000	             -686
  778.0000	             -674
  778.2000	             -663
  778.4000	             -649
  778.6000	             -673
  778.8000	             -663
  779.0000	             -649
  779.2000	             -657
  779.4000	             -659
  779.6000	             -666
  779.8000	             -628
  780.0000	             -683
  780.2000	             -619
  780.4000	             -670
  780.6000	             -663
  780.8000	             -620
  781.0000	             -635
  781.2000	             -677
  781.4000	             -635
  781.6000	             -649
  781.8000	             -660
  782.0000	             -631
  782.2000	             -684
  782.4000	             -659
  782.6000	             -631
  782.8000	             -663
  783.0000	             -666
  783.2000	             -649
  783.4000	             -659
  783.6000	             -665
  783.8000	             -646
  784.0000	             -659
  784.2000	             -659
  784.4000	             -635
  784.6000	             -684
  784.8000	             -663
  785.0000	             -635
  785.2000	             -668
  785.4000	             -638
  785.6000	             -662
  785.8000	             -680
  786.0000	             -654
  786.2000	             -695
  786.4000	             -633
  786.6000	             -660
  786.8000	             -631
  787.0000	             -659
  787.2000	             -608
  787.4000	             -641
  787.6000	             -686
  787.8000	             -670
  788.0000	             -664
  788.2000	             -669
  788.4000	             -676
  788.6000	             -635
  788.8000	             -643
  789.0000	             -681
  789.2000	             -693
  789.4000	             -652
  789.6000	             -669
  789.8000	             -684
  790.0000	             -649
  790.2000	             -645
  790.4000	             -635
  790.6000	             -631
  790.8000	             -649
  791.0000	             -663
  791.2000	             -646
  791.4000	             -649
  791.6000	             -670
  791.8000	             -662
  792.0000	             -635
  792.2000	             -620
  792.4000	             -631
  792.6000	             -672
  792.8000	             -672
  793.0000	             -663
  793.2000	             -659
  793.4000	             -662
  793.6000	             -686
  793.8000	             -678
  794.0000	             -653
  794.2000	             -675
  794.4000	             -669
  794.6000	             -680
  794.8000	             -403
  795.0000	             -627
  795.2000	             -669
  795.4000	             -678
  795.6000	             -657
  795.8000	             -627
  796.0000	             -659
  796.2000	             -665
  796.4000	             -619
  796.6000	             -684
  796.8000	             -676
  797.0000	             -680
  797.2000	             -669
  797.4000	             -664
  797.6000	             -669
  797.8000	             -678
  798.0000	             -682
  798.2000	             -678
  798.4000	             -649
  798.6000	             -668
  798.8000	             -649
  799.0000	             -671
  799.2000	             -680
  799.4000	             -626
  799.6000	             -631
  799.8000	             -676
  800.0000	             -627
  800.2000	             -676
  800.4000	             -620
  800.6000	             -555
  800.8000	             -663
  801.0000	             -631
  801.2000	             -648
  801.4000	             -564
  801.6000	             -670
  801.8000	             -643
  802.0000	             -646
  802.2000	             -633
  802.4000	             -631
  802.6000	             -660
  802.8000	             -635
  803.0000	             -619
  803.2000	             -620
  803.4000	             -681
  803.6000	             -620
  803.8000	             -659
  804.0000	             -647
  804.2000	             -635
  804.4000	             -663
  804.6000	             -647
  804.8000	             -691
  805.0000	             -676
