  600.0000	             -670
  600.2000	             -678
  600.4000	             -657
  600.6000	             -670
  600.8000	             -686
  601.0000	             -662
  601.2000	             -657
  601.4000	             -623
  601.6000	             -631
  601.8000	             -621
  602.0000	             -633
  602.2000	             -615
  602.4000	             -670
  602.6000	             -617
  602.8000	             -621
  603.0000	             -668
  603.2000	             -615
  603.4000	             -615
  603.6000	             -662
  603.8000	             -650
  604.0000	             -631
  604.2000	             -662
  604.4000	             -609
  604.6000	             -652
  604.8000	             -662
  605.0000	             -625
  605.2000	             -659
  605.4000	             -629
  605.6000	             -625
  605.8000	             -630
  606.0000	             -629
  606.2000	             -626
  606.4000	             -662
  606.6000	             -621
  606.8000	             -644
  607.0000	             -670
  607.2000	             -668
  607.4000	             -675
  607.6000	             -662
  607.8000	             -634
  608.0000	             -639
  608.2000	             -629
  608.4000	             -678
  608.6000	             -662
  608.8000	             -681
  609.0000	             -668
  609.2000	             -670
  609.4000	             -621
  609.6000	             -628
  609.8000	             -629
  610.0000	             -628
  610.2000	             -617
  610.4000	             -626
  610.6000	             -670
  610.8000	             -622
  611.0000	             -670
  611.2000	             -670
  611.4000	             -670
  611.6000	             -620
  611.8000	             -676
  612.0000	             -639
  612.2000	             -670
  612.4000	             -675
  612.6000	             -657
  612.8000	             -626
  613.0000	             -625
  613.2000	             -640
  613.4000	             -658
  613.6000	             -678
  613.8000	             -620
  614.0000	             -683
  614.2000	             -646
  614.4000	             -619
  614.6000	             -676
  614.8000	             -670
  615.0000	             -676
  615.2000	             -670
  615.4000	             -615
  615.6000	             -615
  615.8000	             -621
  616.0000	             -646
  616.2000	             -668
  616.4000	             -630
  616.6000	             -622
  616.8000	             -676
  617.0000	             -656
  617.2000	             -629
  617.4000	             -611
  617.6000	             -657
  617.8000	             -646
  618.0000	             -670
  618.2000	             -634
  618.4000	             -670
  618.6000	             -674
  618.8000	             -639
  619.0000	             -626
  619.2000	             -670
  619.4000	             -607
  619.6000	             -631
  619.8000	             -656
  620.0000	             -630
  620.2000	             -612
  620.4000	             -676
  620.6000	             -670
  620.8000	             -631
  621.0000	             -639
  621.2000	             -639
  621.4000	             -683
  621.6000	             -670
  621.8000	             -666
  622.0000	             -657
  622.2000	             -670
  622.4000	             -652
  622.6000	             -615
  622.8000	             -657
  623.0000	             -670
  623.2000	             -620
  623.4000	             -657
  623.6000	             -615
  623.8000	             -625
  624.0000	             -657
  624.2000	             -665
  624.4000	             -629
  624.6000	             -657
  624.8000	             -615
  625.0000	             -646
  625.2000	             -654
  625.4000	             -627
  625.6000	             -621
  625.8000	             -662
  626.0000	             -667
  626.2000	             -615
  626.4000	             -659
  626.6000	             -626
  626.8000	             -626
  627.0000	             -662
  627.2000	             -662
  627.4000	             -619
  627.6000	             -627
  627.8000	             -686
  628.0000	             -637
  628.2000	             -662
  628.4000	             -648
  628.6000	             -604
  628.8000	             -654
  629.0000	             -640
  629.2000	             -657
  629.4000	             -675
  629.6000	             -605
  629.8000	             -625
  630.0000	             -656
  630.2000	             -637
  630.4000	             -620
  630.6000	             -659
  630.8000	             -629
  631.0000	             -657
  631.2000	             -654
  631.4000	             -670
  631.6000	             -666
  631.8000	             -636
  632.0000	             -622
  632.2000	             -637
  632.4000	             -627
  632.6000	             -625
  632.8000	             -629
  633.0000	             -662
  633.2000	             -657
  633.4000	             -659
  633.6000	             -657
  633.8000	             -662
  634.0000	             -625
  634.2000	             -654
  634.4000	             -670
  634.6000	             -625
  634.8000	             -617
  635.0000	             -670
  635.2000	             -629
  635.4000	             -650
  635.6000	             -646
  635.8000	             -657
  636.0000	             -615
  636.2000	             -661
  636.4000	             -630
  636.6000	             -664
  636.8000	             -619
  637.0000	             -661
  637.2000	             -632
  637.4000	             -620
  637.6000	             -655
  637.8000	             -637
  638.0000	             -662
  638.2000	             -657
  638.4000	             -624
  638.6000	             -651
  638.8000	             -657
  639.0000	             -609
  639.2000	             -625
  639.4000	             -636
  639.6000	             -657
  639.8000	             -659
  640.0000	             -625
  640.2000	             -629
  640.4000	             -665
  640.6000	             -605
  640.8000	             -635
  641.0000	             -662
  641.2000	             -678
  641.4000	             -662
  641.6000	             -639
  641.8000	             -607
  642.0000	             -672
  642.2000	             -654
  642.4000	             -670
  642.6000	             -636
  642.8000	             -643
  643.0000	             -602
  643.2000	             -657
  643.4000	             -659
  643.6000	             -672
  643.8000	             -626
  644.0000	             -604
  644.2000	             -672
  644.4000	             -661
  644.6000	             -612
  644.8000	             -608
  645.0000	             -654
  645.2000	             -663
  645.4000	             -661
  645.6000	             -672
  645.8000	             -653
  646.0000	             -628
  646.2000	             -657
  646.4000	             -625
  646.6000	             -633
  646.8000	             -585
  647.0000	             -676
  647.2000	             -625
  647.4000	             -658
  647.6000	             -648
  647.8000	             -661
  648.0000	             -652
  648.2000	             -670
  648.4000	             -622
  648.6000	             -631
  648.8000	             -617
  649.0000	             -628
  649.2000	             -628
  649.4000	             -665
  649.6000	             -652
  649.8000	             -650
  650.0000	             -622
  650.2000	             -608
  650.4000	             -599
  650.6000	             -626
  650.8000	             -628
  651.0000	             -651
  651.2000	             -642
  651.4000	             -634
  651.6000	             -639
  651.8000	             -661
  652.0000	             -611
  652.2000	             -599
  652.4000	             -625
  652.6000	             -639
  652.8000	             -644
  653.0000	             -648
  653.2000	             -628
  653.4000	             -660
  653.6000	             -656
  653.8000	             -633
  654.0000	             -637
  654.2000	             -633
  654.4000	             -589
  654.6000	             -612
  654.8000	             -625
  655.0000	             -615
  655.2000	             -669
  655.4000	             -648
  655.6000	             -639
  655.8000	             -628
  656.0000	             -611
  656.2000	             -629
  656.4000	             -657
  656.6000	             -652
  656.8000	             -648
  657.0000	             -629
  657.2000	             -648
  657.4000	             -659
  657.6000	             -673
  657.8000	             -654
  658.0000	             -653
  658.2000	             -628
  658.4000	             -660
  658.6000	             -654
  658.8000	             -579
  659.0000	             -648
  659.2000	             -599
  659.4000	             -628
  659.6000	             -633
  659.8000	             -633
  660.0000	             -646
  660.2000	             -652
  660.4000	             -581
  660.6000	             -654
  660.8000	             -636
  661.0000	             -638
  661.2000	             -597
  661.4000	             -633
  661.6000	             -595
  661.8000	             -653
  662.0000	             -639
  662.2000	             -625
  662.4000	             -620
  662.6000	             -659
  662.8000	             -628
  663.0000	             -604
  663.2000	             -658
  663.4000	             -617
  663.6000	             -654
  663.8000	             -636
  664.0000	             -596
  664.2000	             -617
  664.4000	             -629
  664.6000	             -659
  664.8000	             -608
  665.0000	             -640
  665.2000	             -619
  665.4000	             -652
  665.6000	             -636
  665.8000	             -642
  666.0000	             -657
  666.2000	             -674
  666.4000	             -585
  666.6000	             -634
  666.8000	             -657
  667.0000	             -634
  667.2000	             -620
  667.4000	             -635
  667.6000	             -646
  667.8000	             -580
  668.0000	             -633
  668.2000	             -630
  668.4000	             -628
  668.6000	             -615
  668.8000	             -617
  669.0000	             -654
  669.2000	             -637
  669.4000	             -631
  669.6000	             -625
  669.8000	             -634
  670.0000	             -657
  670.2000	             -645
  670.4000	             -636
  670.6000	             -678
  670.8000	             -627
  671.0000	             -648
  671.2000	             -650
  671.4000	             -619
  671.6000	             -581
  671.8000	             -654
  672.0000	             -612
  672.2000	             -670
  672.4000	             -619
  672.6000	             -661
  672.8000	             -628
  673.0000	             -666
  673.2000	             -625
  673.4000	             -653
  673.6000	             -629
  673.8000	             -620
  674.0000	             -605
  674.2000	             -656
  674.4000	             -615
  674.6000	             -633
  674.8000	             -648
  675.0000	             -657
  675.2000	             -611
  675.4000	             -629
  675.6000	             -633
  675.8000	             -613
  676.0000	             -604
  676.2000	             -657
  676.4000	             -597
  676.6000	             -597
  676.8000	             -639
  677.0000	             -647
  677.2000	             -628
  677.4000	             -659
  677.6000	             -639
  677.8000	             -624
  678.0000	             -648
  678.2000	             -617
  678.4000	             -654
  678.6000	             -605
  678.8000	             -644
  679.0000	             -629
  679.2000	             -658
  679.4000	             -635
  679.6000	             -654
  679.8000	             -639
  680.0000	             -648
  680.2000	             -647
  680.4000	             -617
  680.6000	             -665
  680.8000	             -678
  681.0000	             -648
  681.2000	             -624
  681.4000	             -629
  681.6000	             -637
  681.8000	             -629
  682.0000	             -615
  682.2000	             -657
  682.4000	             -635
  682.6000	             -665
  682.8000	             -626
  683.0000	             -648
  683.2000	             -662
  683.4000	             -648
  683.6000	             -636
  683.8000	             -627
  684.0000	             -625
  684.2000	             -627
  684.4000	             -657
  684.6000	             -626
  684.8000	             -628
  685.0000	             -658
  685.2000	             -611
  685.4000	             -626
  685.6000	             -676
  685.8000	             -617
  686.0000	             -615
  686.2000	             -659
  686.4000	             -588
  686.6000	             -630
  686.8000	             -658
  687.0000	             -657
  687.2000	             -654
  687.4000	             -662
  687.6000	             -670
  687.8000	             -630
  688.0000	             -647
  688.2000	             -652
  688.4000	             -657
  688.6000	             -631
  688.8000	             -602
  689.0000	             -615
  689.2000	             -629
  689.4000	             -629
  689.6000	             -639
  689.8000	             -675
  690.0000	             -630
  690.2000	             -657
  690.4000	             -654
  690.6000	             -608
  690.8000	             -609
  691.0000	             -670
  691.2000	             -644
  691.4000	             -611
  691.6000	             -625
  691.8000	             -654
  692.0000	             -672
  692.2000	             -677
  692.4000	             -629
  692.6000	             -658
  692.8000	             -625
  693.0000	             -657
  693.2000	             -645
  693.4000	             -645
  693.6000	             -629
  693.8000	             -637
  694.0000	             -670
  694.2000	             -634
  694.4000	             -648
  694.6000	             -613
  694.8000	             -654
  695.0000	             -607
  695.2000	             -654
  695.4000	             -630
  695.6000	             -613
  695.8000	             -676
  696.0000	             -657
  696.2000	             -628
  696.4000	             -642
  696.6000	             -526
  696.8000	             -625
  697.0000	             -645
  697.2000	             -652
  697.4000	             -655
  697.6000	             -645
  697.8000	             -652
  698.0000	             -657
  698.2000	             -628
  698.4000	             -625
  698.6000	             -657
  698.8000	             -661
  699.0000	             -662
  699.2000	             -627
  699.4000	             -631
  699.6000	             -625
  699.8000	             -628
  700.0000	             -648
  700.2000	             -624
  700.4000	             -630
  700.6000	             -631
  700.8000	             -656
  701.0000	             -639
  701.2000	             -633
  701.4000	             -662
  701.6000	             -615
  701.8000	             -628
  702.0000	             -658
  702.2000	             -629
  702.4000	             -646
  702.6000	             -658
  702.8000	             -659
  703.0000	             -642
  703.2000	             -654
  703.4000	             -638
  703.6000	             -619
  703.8000	             -597
  704.0000	             -661
  704.2000	             -647
  704.4000	             -622
  704.6000	             -654
  704.8000	             -629
  705.0000	             -662
  705.2000	             -615
  705.4000	             -635
  705.6000	             -636
  705.8000	             -654
  706.0000	             -620
  706.2000	             -650
  706.4000	             -637
  706.6000	             -605
  706.8000	             -645
  707.0000	             -625
  707.2000	             -605
  707.4000	             -670
  707.6000	             -623
  707.8000	             -630
  708.0000	             -629
  708.2000	             -615
  708.4000	             -615
  708.6000	             -673
  708.8000	             -626
  709.0000	             -637
  709.2000	             -654
  709.4000	             -658
  709.6000	             -615
  709.8000	             -657
  710.0000	             -624
  710.2000	             -626
  710.4000	             -662
  710.6000	             -588
  710.8000	             -634
  711.0000	             -657
  711.2000	             -629
  711.4000	             -654
  711.6000	             -629
  711.8000	             -648
  712.0000	             -635
  712.2000	             -678
  712.4000	             -657
  712.6000	             -657
  712.8000	             -654
  713.0000	             -657
  713.2000	             -630
  713.4000	             -617
  713.6000	             -656
  713.8000	             -637
  714.0000	             -657
  714.2000	             -631
  714.4000	             -648
  714.6000	             -638
  714.8000	             -629
  715.0000	             -657
  715.2000	             -624
  715.4000	             -628
  715.6000	             -619
  715.8000	             -654
  716.0000	             -624
  716.2000	             -615
  716.4000	             -622
  716.6000	             -658
  716.8000	             -605
  717.0000	             -651
  717.2000	             -654
  717.4000	             -666
  717.6000	             -662
  717.8000	             -650
  718.0000	             -648
  718.2000	             -656
  718.4000	             -658
  718.6000	             -615
  718.8000	             -615
  719.0000	             -648
  719.2000	             -613
  719.4000	             -615
  719.6000	             -635
  719.8000	             -662
  720.0000	             -647
  720.2000	             -629
  720.4000	             -629
  720.6000	             -652
  720.8000	             -659
  721.0000	             -656
  721.2000	             -662
  721.4000	             -605
  721.6000	             -661
  721.8000	             -637
  722.0000	             -650
  722.2000	             -640
  722.4000	             -636
  722.6000	             -662
  722.8000	             -657
  723.0000	             -657
  723.2000	             -672
  723.4000	             -627
  723.6000	             -615
  723.8000	             -638
  724.0000	             -659
  724.2000	             -647
  724.4000	             -662
  724.6000	             -654
  724.8000	             -648
  725.0000	             -653
  725.2000	             -597
  725.4000	             -635
  725.6000	             -654
  725.8000	             -637
  726.0000	             -626
  726.2000	             -657
  726.4000	             -616
  726.6000	             -671
  726.8000	             -648
  727.0000	             -658
  727.2000	             -597
  727.4000	             -657
  727.6000	             -615
  727.8000	             -605
  728.0000	             -629
  728.2000	             -648
  728.4000	             -633
  728.6000	             -635
  728.8000	             -648
  729.0000	             -629
  729.2000	             -658
  729.4000	             -625
  729.6000	             -630
  729.8000	             -625
  730.0000	             -629
  730.2000	             -612
  730.4000	             -651
  730.6000	             -656
  730.8000	             -648
  731.0000	             -658
  731.2000	             -615
  731.4000	             -657
  731.6000	             -670
  731.8000	             -596
  732.0000	             -648
  732.2000	             -637
  732.4000	             -645
  732.6000	             -669
  732.8000	             -642
  733.0000	             -612
  733.2000	             -652
  733.4000	             -599
  733.6000	             -636
  733.8000	             -617
  734.0000	             -629
  734.2000	             -646
  734.4000	             -637
  734.6000	             -653
  734.8000	             -654
  735.0000	             -637
  735.2000	             -657
  735.4000	             -621
  735.6000	             -605
  735.8000	             -656
  736.0000	             -620
  736.2000	             -627
  736.4000	             -630
  736.6000	             -605
  736.8000	             -633
  737.0000	             -645
  737.2000	             -626
  737.4000	             -635
  737.6000	             -654
  737.8000	             -630
  738.0000	             -633
  738.2000	             -665
  738.4000	             -333
  738.6000	             -626
  738.8000	             -659
  739.0000	             -631
  739.2000	             -614
  739.4000	             -648
  739.6000	             -670
  739.8000	             -613
  740.0000	             -657
  740.2000	             -625
  740.4000	             -637
  740.6000	             -629
  740.8000	             -637
  741.0000	             -648
  741.2000	             -654
  741.4000	             -656
  741.6000	             -629
  741.8000	             -615
  742.0000	             -605
  742.2000	             -654
  742.4000	             -620
  742.6000	             -615
  742.8000	             -665
  743.0000	             -657
  743.2000	             -655
  743.4000	             -645
  743.6000	             -639
  743.8000	             -637
  744.0000	             -633
  744.2000	             -648
  744.4000	             -673
  744.6000	             -637
  744.8000	             -597
  745.0000	             -605
  745.2000	             -633
  745.4000	             -648
  745.6000	             -640
  745.8000	             -642
  746.0000	             -659
  746.2000	             -637
  746.4000	             -633
  746.6000	             -613
  746.8000	             -587
  747.0000	             -648
  747.2000	             -628
  747.4000	             -597
  747.6000	             -570
  747.8000	             -587
  748.0000	             -591
  748.2000	             -597
  748.4000	             -639
  748.6000	             -617
  748.8000	             -626
  749.0000	             -626
  749.2000	             -626
  749.4000	             -654
  749.6000	             -611
  749.8000	             -640
  750.0000	             -588
  750.2000	             -597
  750.4000	              789
  750.6000	             -636
  750.8000	             -624
  751.0000	             -608
  751.2000	             -631
  751.4000	             -257
  751.6000	             -633
  751.8000	             -628
  752.0000	             -580
  752.2000	             -630
  752.4000	             -648
  752.6000	             -652
  752.8000	             -654
  753.0000	             -625
  753.2000	             -615
  753.4000	             -648
  753.6000	             -648
  753.8000	             -662
  754.0000	             -673
  754.2000	             -636
  754.4000	             -633
  754.6000	             -615
  754.8000	             -637
  755.0000	             -636
  755.2000	             -579
  755.4000	             -637
  755.6000	             -634
  755.8000	             -633
  756.0000	             -645
  756.2000	             -648
  756.4000	             -654
  756.6000	             -642
  756.8000	             -588
  757.0000	             -645
  757.2000	             -612
  757.4000	             -578
  757.6000	             -648
  757.8000	             -638
  758.0000	             -635
  758.2000	             -613
  758.4000	             -599
  758.6000	             -646
  758.8000	             -664
  759.0000	             -637
  759.2000	             -648
  759.4000	             -586
  759.6000	             -654
  759.8000	             -636
  760.0000	             -654
  760.2000	             -654
  760.4000	             -612
  760.6000	             -656
  760.8000	             -608
  761.0000	             -648
  761.2000	             -630
  761.4000	             -671
  761.6000	             -647
  761.8000	             -597
  762.0000	             -654
  762.2000	             -637
  762.4000	             -600
  762.6000	             -625
  762.8000	             -605
  763.0000	             -638
  763.2000	             -612
  763.4000	             -416
  763.6000	             -669
  763.8000	             -651
  764.0000	             -633
  764.2000	             -645
  764.4000	             -596
  764.6000	             -617
  764.8000	             -652
  765.0000	             -595
  765.2000	             -657
  765.4000	             -617
  765.6000	             -657
  765.8000	             -615
  766.0000	             -648
  766.2000	             -597
  766.4000	             -630
  766.6000	             -648
  766.8000	             -657
  767.0000	             -657
  767.2000	             -637
  767.4000	             -648
  767.6000	             -654
  767.8000	             -645
  768.0000	             -657
  768.2000	             -628
  768.4000	             -597
  768.6000	             -657
  768.8000	             -595
  769.0000	             -615
  769.2000	             -592
  769.4000	             -635
  769.6000	             -653
  769.8000	             -636
  770.0000	             -638
  770.2000	             -639
  770.4000	             -633
  770.6000	             -638
  770.8000	             -637
  771.0000	             -626
  771.2000	             -579
  771.4000	             -637
  771.6000	             -661
  771.8000	             -656
  772.0000	             -642
  772.2000	             -633
  772.4000	             -226
  772.6000	             -593
  772.8000	             -645
  773.0000	             -599
  773.2000	             -648
  773.4000	             -654
  773.6000	             -644
  773.8000	             -569
  774.0000	             -605
  774.2000	             -620
  774.4000	             -605
  774.6000	             -635
  774.8000	             -625
  775.0000	             -628
  775.2000	             -639
  775.4000	             -648
  775.6000	             -669
  775.8000	             -647
  776.0000	             -657
  776.2000	             -670
  776.4000	             -620
  776.6000	             -665
  776.8000	             -644
  777.0000	             -628
  777.2000	             -657
  777.4000	             -637
  777.6000	             -615
  777.8000	             -629
  778.0000	             -648
  778.2000	             -644
  778.4000	             -648
  778.6000	             -657
  778.8000	             -657
  779.0000	             -627
  779.2000	             -657
  779.4000	             -657
  779.6000	             -637
  779.8000	             -635
  780.0000	             -615
  780.2000	             -659
  780.4000	             -624
  780.6000	             -626
  780.8000	             -648
  781.0000	             -678
  781.2000	             -672
  781.4000	             -591
  781.6000	             -665
  781.8000	             -657
  782.0000	             -662
  782.2000	             -608
  782.4000	             -629
  782.6000	             -657
  782.8000	             -625
  783.0000	             -670
  783.2000	             -654
  783.4000	             -638
  783.6000	             -665
  783.8000	             -605
  784.0000	             -673
  784.2000	             -673
  784.4000	             -628
  784.6000	             -613
  784.8000	             -657
  785.0000	             -657
  785.2000	             -639
  785.4000	             -675
  785.6000	             -657
  785.8000	             -654
  786.0000	             -665
  786.2000	             -646
  786.4000	             -627
  786.6000	             -667
  786.8000	             -620
  787.0000	             -662
  787.2000	             -670
  787.4000	             -650
  787.6000	             -623
  787.8000	             -657
  788.0000	             -648
  788.2000	             -629
  788.4000	             -627
  788.6000	             -677
  788.8000	             -615
  789.0000	             -654
  789.2000	             -676
  789.4000	             -657
  789.6000	             -648
  789.8000	             -657
  790.0000	             -670
  790.2000	             -635
  790.4000	             -610
  790.6000	             -637
  790.8000	             -665
  791.0000	             -617
  791.2000	             -657
  791.4000	             -666
  791.6000	             -656
  791.8000	             -654
  792.0000	             -628
  792.2000	             -659
  792.4000	             -639
  792.6000	             -657
  792.8000	             -657
  793.0000	             -620
  793.2000	             -605
  793.4000	             -621
  793.6000	             -625
  793.8000	             -630
  794.0000	             -657
  794.2000	             -670
  794.4000	             -658
  794.6000	             -625
  794.8000	             -371
  795.0000	             -631
  795.2000	             -670
  795.4000	             -657
  795.6000	             -652
  795.8000	             -593
  796.0000	             -663
  796.2000	             -670
  796.4000	             -629
  796.6000	             -662
  796.8000	             -605
  797.0000	             -654
  797.2000	             -622
  797.4000	             -677
  797.6000	             -615
  797.8000	             -607
  798.0000	             -615
  798.2000	             -615
  798.4000	             -657
  798.6000	             -622
  798.8000	             -605
  799.0000	             -654
  799.2000	             -615
  799.4000	             -602
  799.6000	             -648
  799.8000	             -665
  800.0000	             -681
  800.2000	             -596
  800.4000	             -670
  800.6000	             -555
  800.8000	             -615
  801.0000	             -629
  801.2000	             -637
  801.4000	             -497
  801.6000	             -644
  801.8000	             -665
  802.0000	             -646
  802.2000	             -658
  802.4000	             -636
  802.6000	             -648
  802.8000	             -675
  803.0000	             -657
  803.2000	             -620
  803.4000	             -657
  803.6000	             -621
  803.8000	             -602
  804.0000	             -633
  804.2000	             -645
  804.4000	             -617
  804.6000	             -629
  804.8000	             -657
  805.0000	             -628
