  600.0000	             -579
  600.2000	             -548
  600.4000	             -577
  600.6000	             -553
  600.8000	             -586
  601.0000	             -541
  601.2000	             -548
  601.4000	             -571
  601.6000	             -571
  601.8000	             -544
  602.0000	             -577
  602.2000	             -581
  602.4000	             -548
  602.6000	             -603
  602.8000	             -564
  603.0000	             -574
  603.2000	             -576
  603.4000	             -548
  603.6000	             -566
  603.8000	             -568
  604.0000	             -580
  604.2000	             -541
  604.4000	             -561
  604.6000	             -524
  604.8000	             -577
  605.0000	             -564
  605.2000	             -559
  605.4000	             -560
  605.6000	             -573
  605.8000	             -573
  606.0000	             -504
  606.2000	             -572
  606.4000	             -557
  606.6000	             -571
  606.8000	             -561
  607.0000	             -570
  607.2000	             -575
  607.4000	             -591
  607.6000	             -582
  607.8000	             -561
  608.0000	             -557
  608.2000	             -579
  608.4000	             -573
  608.6000	             -570
  608.8000	             -588
  609.0000	             -524
  609.2000	             -571
  609.4000	             -548
  609.6000	             -584
  609.8000	             -564
  610.0000	             -561
  610.2000	             -548
  610.4000	             -576
  610.6000	             -573
  610.8000	             -567
  611.0000	             -571
  611.2000	             -569
  611.4000	             -591
  611.6000	             -559
  611.8000	             -575
  612.0000	             -560
  612.2000	             -575
  612.4000	             -573
  612.6000	             -584
  612.8000	             -561
  613.0000	             -593
  613.2000	             -559
  613.4000	             -561
  613.6000	             -592
  613.8000	             -571
  614.0000	             -579
  614.2000	             -576
  614.4000	             -592
  614.6000	             -586
  614.8000	             -548
  615.0000	             -577
  615.2000	             -581
  615.4000	             -581
  615.6000	             -579
  615.8000	             -574
  616.0000	             -581
  616.2000	             -575
  616.4000	             -576
  616.6000	             -575
  616.8000	             -588
  617.0000	             -583
  617.2000	             -588
  617.4000	             -577
  617.6000	             -576
  617.8000	             -539
  618.0000	             -562
  618.2000	             -561
  618.4000	             -589
  618.6000	             -577
  618.8000	             -563
  619.0000	             -524
  619.2000	             -580
  619.4000	             -573
  619.6000	             -570
  619.8000	             -548
  620.0000	             -571
  620.2000	             -584
  620.4000	             -571
  620.6000	             -573
  620.8000	             -568
  621.0000	             -571
  621.2000	             -558
  621.4000	             -575
  621.6000	             -574
  621.8000	             -564
  622.0000	             -568
  622.2000	             -548
  622.4000	             -588
  622.6000	             -578
  622.8000	             -569
  623.0000	             -581
  623.2000	             -574
  623.4000	             -556
  623.6000	             -584
  623.8000	             -561
  624.0000	             -559
  624.2000	             -566
  624.4000	             -552
  624.6000	             -550
  624.8000	             -575
  625.0000	             -579
  625.2000	             -558
  625.4000	             -591
  625.6000	             -574
  625.8000	             -524
  626.0000	             -544
  626.2000	             -554
  626.4000	             -573
  626.6000	             -548
  626.8000	             -574
  627.0000	             -569
  627.2000	             -563
  627.4000	             -574
  627.6000	             -553
  627.8000	             -589
  628.0000	             -579
  628.2000	             -568
  628.4000	             -490
  628.6000	             -562
  628.8000	             -584
  629.0000	             -531
  629.2000	             -575
  629.4000	             -556
  629.6000	             -592
  629.8000	             -575
  630.0000	             -580
  630.2000	             -550
  630.4000	             -550
  630.6000	             -561
  630.8000	             -574
  631.0000	             -542
  631.2000	             -570
  631.4000	             -556
  631.6000	             -580
  631.8000	             -579
  632.0000	             -517
  632.2000	             -570
  632.4000	             -561
  632.6000	             -571
  632.8000	             -577
  633.0000	             -598
  633.2000	             -571
  633.4000	             -552
  633.6000	             -574
  633.8000	             -576
  634.0000	             -580
  634.2000	             -556
  634.4000	             -556
  634.6000	             -576
  634.8000	             -553
  635.0000	             -566
  635.2000	             -581
  635.4000	             -570
  635.6000	             -588
  635.8000	             -573
  636.0000	             -562
  636.2000	             -590
  636.4000	             -541
  636.6000	             -571
  636.8000	             -556
  637.0000	             -588
  637.2000	             -557
  637.4000	             -561
  637.6000	             -570
  637.8000	             -563
  638.0000	             -568
  638.2000	             -586
  638.4000	             -556
  638.6000	             -552
  638.8000	             -576
  639.0000	             -574
  639.2000	             -572
  639.4000	             -556
  639.6000	             -572
  639.8000	             -579
  640.0000	             -524
  640.2000	             -561
  640.4000	             -561
  640.6000	             -560
  640.8000	             -562
  641.0000	             -559
  641.2000	             -570
  641.4000	             -561
  641.6000	             -551
  641.8000	             -588
  642.0000	             -563
  642.2000	             -541
  642.4000	             -563
  642.6000	             -556
  642.8000	             -556
  643.0000	             -538
  643.2000	             -575
  643.4000	             -568
  643.6000	             -580
  643.8000	             -503
  644.0000	             -564
  644.2000	             -561
  644.4000	             -550
  644.6000	             -550
  644.8000	             -517
  645.0000	             -548
  645.2000	             -560
  645.4000	             -585
  645.6000	             -552
  645.8000	             -476
  646.0000	             -560
  646.2000	             -517
  646.4000	             -611
  646.6000	             -566
  646.8000	             -553
  647.0000	             -580
  647.2000	             -539
  647.4000	             -573
  647.6000	             -586
  647.8000	             -567
  648.0000	             -559
  648.2000	             -578
  648.4000	             -544
  648.6000	             -569
  648.8000	             -523
  649.0000	             -576
  649.2000	             -547
  649.4000	             -558
  649.6000	             -558
  649.8000	             -539
  650.0000	             -504
  650.2000	             -574
  650.4000	             -574
  650.6000	             -564
  650.8000	             -583
  651.0000	             -527
  651.2000	             -540
  651.4000	             -536
  651.6000	             -570
  651.8000	             -539
  652.0000	             -541
  652.2000	             -557
  652.4000	             -556
  652.6000	             -569
  652.8000	             -572
  653.0000	             -567
  653.2000	             -546
  653.4000	             -544
  653.6000	             -557
  653.8000	             -573
  654.0000	             -566
  654.2000	             -557
  654.4000	             -551
  654.6000	             -560
  654.8000	             -570
  655.0000	             -554
  655.2000	             -561
  655.4000	             -569
  655.6000	             -506
  655.8000	             -556
  656.0000	             -556
  656.2000	             -584
  656.4000	             -565
  656.6000	             -560
  656.8000	             -557
  657.0000	             -566
  657.2000	             -566
  657.4000	             -572
  657.6000	             -523
  657.8000	             -552
  658.0000	             -572
  658.2000	             -569
  658.4000	             -547
  658.6000	             -540
  658.8000	             -556
  659.0000	             -591
  659.2000	             -550
  659.4000	             -513
  659.6000	             -577
  659.8000	             -545
  660.0000	             -561
  660.2000	             -574
  660.4000	             -570
  660.6000	             -524
  660.8000	             -522
  661.0000	             -559
  661.2000	             -540
  661.4000	             -566
  661.6000	             -550
  661.8000	             -567
  662.0000	             -561
  662.2000	             -562
  662.4000	             -586
  662.6000	             -568
  662.8000	             -570
  663.0000	             -571
  663.2000	             -562
  663.4000	             -572
  663.6000	             -524
  663.8000	             -586
  664.0000	             -566
  664.2000	             -581
  664.4000	             -571
  664.6000	             -578
  664.8000	             -553
  665.0000	             -568
  665.2000	             -537
  665.4000	             -570
  665.6000	             -570
  665.8000	             -547
  666.0000	             -553
  666.2000	             -575
  666.4000	             -586
  666.6000	             -586
  666.8000	             -574
  667.0000	             -569
  667.2000	             -570
  667.4000	             -551
  667.6000	             -540
  667.8000	             -570
  668.0000	             -574
  668.2000	             -540
  668.4000	             -555
  668.6000	             -517
  668.8000	             -550
  669.0000	             -581
  669.2000	             -494
  669.4000	             -556
  669.6000	             -556
  669.8000	             -524
  670.0000	             -607
  670.2000	             -574
  670.4000	             -552
  670.6000	             -572
  670.8000	             -530
  671.0000	             -531
  671.2000	             -574
  671.4000	             -539
  671.6000	             -550
  671.8000	             -568
  672.0000	             -550
  672.2000	             -552
  672.4000	             -590
  672.6000	             -571
  672.8000	             -573
  673.0000	             -519
  673.2000	             -558
  673.4000	             -567
  673.6000	             -575
  673.8000	             -547
  674.0000	             -570
  674.2000	             -595
  674.4000	             -549
  674.6000	             -575
  674.8000	             -552
  675.0000	             -574
  675.2000	             -574
  675.4000	             -539
  675.6000	             -561
  675.8000	             -574
  676.0000	             -570
  676.2000	             -556
  676.4000	             -596
  676.6000	             -587
  676.8000	             -596
  677.0000	             -556
  677.2000	             -574
  677.4000	             -592
  677.6000	             -563
  677.8000	             -566
  678.0000	             -569
  678.2000	             -562
  678.4000	             -577
  678.6000	             -524
  678.8000	             -516
  679.0000	             -580
  679.2000	             -568
  679.4000	             -567
  679.6000	             -572
  679.8000	             -583
  680.0000	             -572
  680.2000	             -580
  680.4000	             -576
  680.6000	             -560
  680.8000	             -524
  681.0000	             -558
  681.2000	             -560
  681.4000	             -575
  681.6000	             -585
  681.8000	             -582
  682.0000	             -580
  682.2000	             -581
  682.4000	             -571
  682.6000	             -579
  682.8000	             -566
  683.0000	             -593
  683.2000	             -586
  683.4000	             -579
  683.6000	             -580
  683.8000	             -573
  684.0000	             -573
  684.2000	             -548
  684.4000	             -570
  684.6000	             -579
  684.8000	             -577
  685.0000	             -573
  685.2000	             -557
  685.4000	             -568
  685.6000	             -571
  685.8000	             -587
  686.0000	             -574
  686.2000	             -592
  686.4000	             -574
  686.6000	             -572
  686.8000	             -568
  687.0000	             -566
  687.2000	             -574
  687.4000	             -574
  687.6000	             -591
  687.8000	             -581
  688.0000	             -563
  688.2000	             -524
  688.4000	             -581
  688.6000	             -562
  688.8000	             -579
  689.0000	             -571
  689.2000	             -558
  689.4000	             -603
  689.6000	             -568
  689.8000	             -575
  690.0000	             -558
  690.2000	             -584
  690.4000	             -524
  690.6000	             -589
  690.8000	             -576
  691.0000	             -574
  691.2000	             -577
  691.4000	             -561
  691.6000	             -602
  691.8000	             -577
  692.0000	             -576
  692.2000	             -579
  692.4000	             -571
  692.6000	             -573
  692.8000	             -574
  693.0000	             -567
  693.2000	             -571
  693.4000	             -583
  693.6000	             -560
  693.8000	             -547
  694.0000	             -524
  694.2000	             -573
  694.4000	             -570
  694.6000	             -580
  694.8000	             -574
  695.0000	             -571
  695.2000	             -586
  695.4000	             -574
  695.6000	             -573
  695.8000	             -573
  696.0000	             -548
  696.2000	             -576
  696.4000	             -568
  696.6000	             -536
  696.8000	             -547
  697.0000	             -585
  697.2000	             -580
  697.4000	             -607
  697.6000	             -595
  697.8000	             -524
  698.0000	             -573
  698.2000	             -588
  698.4000	             -573
  698.6000	             -574
  698.8000	             -517
  699.0000	             -577
  699.2000	             -568
  699.4000	             -588
  699.6000	             -558
  699.8000	             -571
  700.0000	             -571
  700.2000	             -564
  700.4000	             -529
  700.6000	             -570
  700.8000	             -595
  701.0000	             -576
  701.2000	             -581
  701.4000	             -550
  701.6000	             -523
  701.8000	             -544
  702.0000	             -575
  702.2000	             -595
  702.4000	             -557
  702.6000	             -584
  702.8000	             -588
  703.0000	             -573
  703.2000	             -581
  703.4000	             -561
  703.6000	             -561
  703.8000	             -571
  704.0000	             -585
  704.2000	             -578
  704.4000	             -573
  704.6000	             -585
  704.8000	             -574
  705.0000	             -569
  705.2000	             -589
  705.4000	             -584
  705.6000	             -574
  705.8000	             -519
  706.0000	             -558
  706.2000	             -571
  706.4000	             -576
  706.6000	             -571
  706.8000	             -570
  707.0000	             -587
  707.2000	             -574
  707.4000	             -575
  707.6000	             -577
  707.8000	             -579
  708.0000	             -548
  708.2000	             -590
  708.4000	             -595
  708.6000	             -548
  708.8000	             -571
  709.0000	             -560
  709.2000	             -572
  709.4000	             -504
  709.6000	             -561
  709.8000	             -581
  710.0000	             -579
  710.2000	             -559
  710.4000	             -577
  710.6000	             -538
  710.8000	             -576
  711.0000	             -545
  711.2000	             -577
  711.4000	             -586
  711.6000	             -561
  711.8000	             -561
  712.0000	             -524
  712.2000	             -564
  712.4000	             -574
  712.6000	             -593
  712.8000	             -558
  713.0000	             -569
  713.2000	             -583
  713.4000	             -568
  713.6000	             -593
  713.8000	             -590
  714.0000	             -586
  714.2000	             -585
  714.4000	             -584
  714.6000	             -574
  714.8000	             -574
  715.0000	             -573
  715.2000	             -578
  715.4000	             -574
  715.6000	             -577
  715.8000	             -573
  716.0000	             -580
  716.2000	             -562
  716.4000	             -571
  716.6000	             -577
  716.8000	             -569
  717.0000	             -573
  717.2000	             -559
  717.4000	             -577
  717.6000	             -556
  717.8000	             -569
  718.0000	             -586
  718.2000	             -573
  718.4000	             -524
  718.6000	             -584
  718.8000	             -562
  719.0000	             -583
  719.2000	             -569
  719.4000	             -547
  719.6000	             -577
  719.8000	             -576
  720.0000	             -562
  720.2000	             -576
  720.4000	             -561
  720.6000	             -539
  720.8000	             -588
  721.0000	             -571
  721.2000	             -558
  721.4000	             -573
  721.6000	             -559
  721.8000	             -557
  722.0000	             -505
  722.2000	             -588
  722.4000	             -565
  722.6000	             -560
  722.8000	             -583
  723.0000	             -577
  723.2000	             -581
  723.4000	             -592
  723.6000	             -552
  723.8000	             -570
  724.0000	             -579
  724.2000	             -575
  724.4000	             -580
  724.6000	             -573
  724.8000	             -571
  725.0000	             -574
  725.2000	             -566
  725.4000	             -578
  725.6000	             -563
  725.8000	             -548
  726.0000	             -586
  726.2000	             -524
  726.4000	             -577
  726.6000	             -569
  726.8000	             -558
  727.0000	             -547
  727.2000	             -529
  727.4000	             -567
  727.6000	             -588
  727.8000	             -574
  728.0000	             -582
  728.2000	             -571
  728.4000	             -575
  728.6000	             -589
  728.8000	             -552
  729.0000	             -569
  729.2000	             -579
  729.4000	             -558
  729.6000	             -573
  729.8000	             -556
  730.0000	             -574
  730.2000	             -557
  730.4000	             -588
  730.6000	             -579
  730.8000	             -561
  731.0000	             -579
  731.2000	             -572
  731.4000	             -542
  731.6000	             -523
  731.8000	             -586
  732.0000	             -587
  732.2000	             -573
  732.4000	             -578
  732.6000	             -592
  732.8000	             -570
  733.0000	             -584
  733.2000	             -570
  733.4000	             -596
  733.6000	             -574
  733.8000	             -577
  734.0000	             -576
  734.2000	             -575
  734.4000	             -556
  734.6000	             -568
  734.8000	             -579
  735.0000	             -553
  735.2000	             -574
  735.4000	             -595
  735.6000	             -561
  735.8000	             -566
  736.0000	             -592
  736.2000	             -517
  736.4000	             -548
  736.6000	             -584
  736.8000	             -557
  737.0000	             -577
  737.2000	             -536
  737.4000	             -558
  737.6000	             -571
  737.8000	             -565
  738.0000	             -581
  738.2000	             -587
  738.4000	             -407
  738.6000	             -556
  738.8000	             -553
  739.0000	             -574
  739.2000	             -564
  739.4000	             -581
  739.6000	             -547
  739.8000	             -557
  740.0000	             -569
  740.2000	             -565
  740.4000	             -586
  740.6000	             -571
  740.8000	             -576
  741.0000	             -582
  741.2000	             -593
  741.4000	             -563
  741.6000	             -580
  741.8000	             -577
  742.0000	             -575
  742.2000	             -539
  742.4000	             -548
  742.6000	             -539
  742.8000	             -564
  743.0000	             -570
  743.2000	             -561
  743.4000	             -562
  743.6000	             -504
  743.8000	             -571
  744.0000	             -560
  744.2000	             -561
  744.4000	             -539
  744.6000	             -574
  744.8000	             -538
  745.0000	             -548
  745.2000	             -573
  745.4000	             -564
  745.6000	             -560
  745.8000	             -588
  746.0000	             -579
  746.2000	             -562
  746.4000	             -554
  746.6000	             -573
  746.8000	             -541
  747.0000	             -575
  747.2000	             -559
  747.4000	             -578
  747.6000	             -583
  747.8000	             -556
  748.0000	             -570
  748.2000	             -574
  748.4000	             -548
  748.6000	             -583
  748.8000	             -589
  749.0000	             -560
  749.2000	             -574
  749.4000	             -574
  749.6000	             -588
  749.8000	             -504
  750.0000	             -570
  750.2000	             -531
  750.4000	             -145
  750.6000	             -570
  750.8000	             -559
  751.0000	             -523
  751.2000	             -570
  751.4000	             -413
  751.6000	             -571
  751.8000	             -589
  752.0000	             -574
  752.2000	             -581
  752.4000	             -572
  752.6000	             -572
  752.8000	             -558
  753.0000	             -553
  753.2000	             -574
  753.4000	             -553
  753.6000	             -561
  753.8000	             -580
  754.0000	             -579
  754.2000	             -569
  754.4000	             -577
  754.6000	             -542
  754.8000	             -574
  755.0000	             -561
  755.2000	             -570
  755.4000	             -576
  755.6000	             -548
  755.8000	             -558
  756.0000	             -568
  756.2000	             -561
  756.4000	             -573
  756.6000	             -574
  756.8000	             -517
  757.0000	             -538
  757.2000	             -570
  757.4000	             -580
  757.6000	             -538
  757.8000	             -591
  758.0000	             -548
  758.2000	             -559
  758.4000	             -566
  758.6000	             -539
  758.8000	             -561
  759.0000	             -559
  759.2000	             -565
  759.4000	             -556
  759.6000	             -564
  759.8000	             -570
  760.0000	             -564
  760.2000	             -558
  760.4000	             -563
  760.6000	             -548
  760.8000	             -552
  761.0000	             -580
  761.2000	             -577
  761.4000	             -559
  761.6000	             -574
  761.8000	             -560
  762.0000	             -582
  762.2000	             -561
  762.4000	             -587
  762.6000	             -552
  762.8000	             -577
  763.0000	             -586
  763.2000	             -574
  763.4000	             -444
  763.6000	             -573
  763.8000	             -574
  764.0000	             -531
  764.2000	             -571
  764.4000	             -504
  764.6000	             -559
  764.8000	             -523
  765.0000	             -580
  765.2000	             -572
  765.4000	             -576
  765.6000	             -570
  765.8000	             -589
  766.0000	             -568
  766.2000	             -577
  766.4000	             -570
  766.6000	             -579
  766.8000	             -573
  767.0000	             -579
  767.2000	             -517
  767.4000	             -586
  767.6000	             -588
  767.8000	             -576
  768.0000	             -558
  768.2000	             -562
  768.4000	             -583
  768.6000	             -574
  768.8000	             -539
  769.0000	             -574
  769.2000	             -574
  769.4000	             -552
  769.6000	             -563
  769.8000	             -571
  770.0000	             -571
  770.2000	             -563
  770.4000	             -568
  770.6000	             -552
  770.8000	             -569
  771.0000	             -559
  771.2000	             -563
  771.4000	             -574
  771.6000	             -576
  771.8000	             -517
  772.0000	             -557
  772.2000	             -569
  772.4000	             -398
  772.6000	             -584
  772.8000	             -580
  773.0000	             -564
  773.2000	             -567
  773.4000	             -588
  773.6000	             -548
  773.8000	             -553
  774.0000	             -556
  774.2000	             -570
  774.4000	             -586
  774.6000	             -574
  774.8000	             -570
  775.0000	             -539
  775.2000	             -562
  775.4000	             -524
  775.6000	             -547
  775.8000	             -581
  776.0000	             -574
  776.2000	             -590
  776.4000	             -571
  776.6000	             -561
  776.8000	             -580
  777.0000	             -576
  777.2000	             -550
  777.4000	             -570
  777.6000	             -585
  777.8000	             -586
  778.0000	             -574
  778.2000	             -578
  778.4000	             -578
  778.6000	             -532
  778.8000	             -582
  779.0000	             -579
  779.2000	             -564
  779.4000	             -585
  779.6000	             -587
  779.8000	             -573
  780.0000	             -596
  780.2000	             -530
  780.4000	             -573
  780.6000	             -590
  780.8000	             -577
  781.0000	             -582
  781.2000	             -583
  781.4000	             -577
  781.6000	             -581
  781.8000	             -581
  782.0000	             -589
  782.2000	             -542
  782.4000	             -585
  782.6000	             -588
  782.8000	             -573
  783.0000	             -589
  783.2000	             -575
  783.4000	             -574
  783.6000	             -524
  783.8000	             -576
  784.0000	             -564
  784.2000	             -594
  784.4000	             -591
  784.6000	             -562
  784.8000	             -592
  785.0000	             -583
  785.2000	             -576
  785.4000	             -571
  785.6000	             -576
  785.8000	             -587
  786.0000	             -586
  786.2000	             -583
  786.4000	             -587
  786.6000	             -588
  786.8000	             -592
  787.0000	             -592
  787.2000	             -582
  787.4000	             -575
  787.6000	             -571
  787.8000	             -586
  788.0000	             -569
  788.2000	             -592
  788.4000	             -575
  788.6000	             -590
  788.8000	             -567
  789.0000	             -568
  789.2000	             -588
  789.4000	             -544
  789.6000	             -538
  789.8000	             -572
  790.0000	             -568
  790.2000	             -595
  790.4000	             -577
  790.6000	             -524
  790.8000	             -586
  791.0000	             -577
  791.2000	             -590
  791.4000	             -572
  791.6000	             -571
  791.8000	             -570
  792.0000	             -562
  792.2000	             -592
  792.4000	             -595
  792.6000	             -580
  792.8000	             -574
  793.0000	             -571
  793.2000	             -575
  793.4000	             -571
  793.6000	             -551
  793.8000	             -550
  794.0000	             -572
  794.2000	             -576
  794.4000	             -583
  794.6000	             -588
  794.8000	             -441
  795.0000	             -598
  795.2000	             -572
  795.4000	             -577
  795.6000	             -581
  795.8000	             -566
  796.0000	             -564
  796.2000	             -568
  796.4000	             -605
  796.6000	             -570
  796.8000	             -571
  797.0000	             -570
  797.2000	             -593
  797.4000	             -573
  797.6000	             -580
  797.8000	             -572
  798.0000	             -559
  798.2000	             -589
  798.4000	             -546
  798.6000	             -577
  798.8000	             -590
  799.0000	             -544
  799.2000	             -588
  799.4000	             -579
  799.6000	             -569
  799.8000	             -594
  800.0000	             -603
  800.2000	             -581
  800.4000	             -586
  800.6000	             -570
  800.8000	             -579
  801.0000	             -533
  801.2000	             -579
  801.4000	             -519
  801.6000	             -546
  801.8000	             -588
  802.0000	             -572
  802.2000	             -562
  802.4000	             -576
  802.6000	             -577
  802.8000	             -583
  803.0000	             -595
  803.2000	             -565
  803.4000	             -577
  803.6000	             -553
  803.8000	             -588
  804.0000	             -588
  804.2000	             -577
  804.4000	             -584
  804.6000	             -566
  804.8000	             -583
  805.0000	             -581
