  600.0000	             -538
  600.2000	             -587
  600.4000	             -557
  600.6000	             -557
  600.8000	             -589
  601.0000	             -596
  601.2000	             -575
  601.4000	             -577
  601.6000	             -573
  601.8000	             -568
  602.0000	             -573
  602.2000	             -576
  602.4000	             -588
  602.6000	             -574
  602.8000	             -592
  603.0000	             -583
  603.2000	             -562
  603.4000	             -573
  603.6000	             -577
  603.8000	             -548
  604.0000	             -573
  604.2000	             -576
  604.4000	             -595
  604.6000	             -571
  604.8000	             -583
  605.0000	             -573
  605.2000	             -571
  605.4000	             -577
  605.6000	             -548
  605.8000	             -576
  606.0000	             -580
  606.2000	             -564
  606.4000	             -589
  606.6000	             -590
  606.8000	             -570
  607.0000	             -583
  607.2000	             -586
  607.4000	             -600
  607.6000	             -582
  607.8000	             -595
  608.0000	             -559
  608.2000	             -577
  608.4000	             -573
  608.6000	             -545
  608.8000	             -583
  609.0000	             -598
  609.2000	             -583
  609.4000	             -584
  609.6000	             -571
  609.8000	             -570
  610.0000	             -598
  610.2000	             -588
  610.4000	             -593
  610.6000	             -573
  610.8000	             -559
  611.0000	             -577
  611.2000	             -590
  611.4000	             -578
  611.6000	             -584
  611.8000	             -582
  612.0000	             -583
  612.2000	             -592
  612.4000	             -564
  612.6000	             -562
  612.8000	             -567
  613.0000	             -607
  613.2000	             -594
  613.4000	             -582
  613.6000	             -603
  613.8000	             -577
  614.0000	             -588
  614.2000	             -585
  614.4000	             -586
  614.6000	             -577
  614.8000	             -595
  615.0000	             -590
  615.2000	             -595
  615.4000	             -579
  615.6000	             -589
  615.8000	             -588
  616.0000	             -575
  616.2000	             -572
  616.4000	             -581
  616.6000	             -583
  616.8000	             -584
  617.0000	             -585
  617.2000	             -533
  617.4000	             -569
  617.6000	             -583
  617.8000	             -579
  618.0000	             -590
  618.2000	             -595
  618.4000	             -529
  618.6000	             -571
  618.8000	             -605
  619.0000	             -584
  619.2000	             -542
  619.4000	             -592
  619.6000	             -580
  619.8000	             -546
  620.0000	             -577
  620.2000	             -583
  620.4000	             -558
  620.6000	             -581
  620.8000	             -558
  621.0000	             -556
  621.2000	             -577
  621.4000	             -583
  621.6000	             -576
  621.8000	             -570
  622.0000	             -573
  622.2000	             -584
  622.4000	             -586
  622.6000	             -590
  622.8000	             -595
  623.0000	             -598
  623.2000	             -592
  623.4000	             -581
  623.6000	             -602
  623.8000	             -601
  624.0000	             -594
  624.2000	             -557
  624.4000	             -567
  624.6000	             -586
  624.8000	             -584
  625.0000	             -607
  625.2000	             -575
  625.4000	             -591
  625.6000	             -558
  625.8000	             -592
  626.0000	             -556
  626.2000	             -596
  626.4000	             -583
  626.6000	             -579
  626.8000	             -576
  627.0000	             -573
  627.2000	             -579
  627.4000	             -588
  627.6000	             -587
  627.8000	             -583
  628.0000	             -582
  628.2000	             -551
  628.4000	             -579
  628.6000	             -579
  628.8000	             -574
  629.0000	             -595
  629.2000	             -524
  629.4000	             -581
  629.6000	             -539
  629.8000	             -570
  630.0000	             -577
  630.2000	             -586
  630.4000	             -576
  630.6000	             -529
  630.8000	             -583
  631.0000	             -581
  631.2000	             -574
  631.4000	             -586
  631.6000	             -575
  631.8000	             -571
  632.0000	             -577
  632.2000	             -596
  632.4000	             -582
  632.6000	             -588
  632.8000	             -593
  633.0000	             -588
  633.2000	             -569
  633.4000	             -588
  633.6000	             -581
  633.8000	             -601
  634.0000	             -565
  634.2000	             -572
  634.4000	             -571
  634.6000	             -570
  634.8000	             -572
  635.0000	             -586
  635.2000	             -573
  635.4000	             -588
  635.6000	             -581
  635.8000	             -581
  636.0000	             -574
  636.2000	             -591
  636.4000	             -562
  636.6000	             -568
  636.8000	             -571
  637.0000	             -584
  637.2000	             -584
  637.4000	             -583
  637.6000	             -568
  637.8000	             -581
  638.0000	             -571
  638.2000	             -563
  638.4000	             -572
  638.6000	             -578
  638.8000	             -580
  639.0000	             -591
  639.2000	             -589
  639.4000	             -556
  639.6000	             -586
  639.8000	             -572
  640.0000	             -576
  640.2000	             -581
  640.4000	             -558
  640.6000	             -574
  640.8000	             -571
  641.0000	             -589
  641.2000	             -588
  641.4000	             -596
  641.6000	             -581
  641.8000	             -568
  642.0000	             -525
  642.2000	             -577
  642.4000	             -569
  642.6000	             -550
  642.8000	             -570
  643.0000	             -582
  643.2000	             -579
  643.4000	             -561
  643.6000	             -561
  643.8000	             -561
  644.0000	             -512
  644.2000	             -563
  644.4000	             -562
  644.6000	             -561
  644.8000	             -585
  645.0000	             -573
  645.2000	             -589
  645.4000	             -599
  645.6000	             -584
  645.8000	             -556
  646.0000	             -579
  646.2000	             -585
  646.4000	             -571
  646.6000	             -583
  646.8000	             -515
  647.0000	             -592
  647.2000	             -549
  647.4000	             -580
  647.6000	             -561
  647.8000	             -577
  648.0000	             -571
  648.2000	             -584
  648.4000	             -561
  648.6000	             -573
  648.8000	             -595
  649.0000	             -557
  649.2000	             -574
  649.4000	             -580
  649.6000	             -585
  649.8000	             -548
  650.0000	             -574
  650.2000	             -587
  650.4000	             -595
  650.6000	             -550
  650.8000	             -530
  651.0000	             -570
  651.2000	             -568
  651.4000	             -558
  651.6000	             -561
  651.8000	             -574
  652.0000	             -561
  652.2000	             -574
  652.4000	             -574
  652.6000	             -559
  652.8000	             -574
  653.0000	             -582
  653.2000	             -552
  653.4000	             -546
  653.6000	             -529
  653.8000	             -582
  654.0000	             -586
  654.2000	             -576
  654.4000	             -561
  654.6000	             -573
  654.8000	             -583
  655.0000	             -571
  655.2000	             -571
  655.4000	             -592
  655.6000	             -579
  655.8000	             -580
  656.0000	             -567
  656.2000	             -584
  656.4000	             -580
  656.6000	             -575
  656.8000	             -575
  657.0000	             -586
  657.2000	             -553
  657.4000	             -574
  657.6000	             -564
  657.8000	             -570
  658.0000	             -575
  658.2000	             -583
  658.4000	             -542
  658.6000	             -571
  658.8000	             -538
  659.0000	             -566
  659.2000	             -559
  659.4000	             -553
  659.6000	             -570
  659.8000	             -556
  660.0000	             -577
  660.2000	             -555
  660.4000	             -574
  660.6000	             -494
  660.8000	             -591
  661.0000	             -538
  661.2000	             -527
  661.4000	             -581
  661.6000	             -591
  661.8000	             -576
  662.0000	             -583
  662.2000	             -546
  662.4000	             -576
  662.6000	             -596
  662.8000	             -553
  663.0000	             -576
  663.2000	             -571
  663.4000	             -584
  663.6000	             -581
  663.8000	             -570
  664.0000	             -573
  664.2000	             -576
  664.4000	             -588
  664.6000	             -545
  664.8000	             -595
  665.0000	             -580
  665.2000	             -578
  665.4000	             -588
  665.6000	             -558
  665.8000	             -575
  666.0000	             -603
  666.2000	             -579
  666.4000	             -557
  666.6000	             -568
  666.8000	             -573
  667.0000	             -571
  667.2000	             -576
  667.4000	             -553
  667.6000	             -539
  667.8000	             -580
  668.0000	             -565
  668.2000	             -580
  668.4000	             -572
  668.6000	             -585
  668.8000	             -541
  669.0000	             -568
  669.2000	             -573
  669.4000	             -570
  669.6000	             -588
  669.8000	             -592
  670.0000	             -561
  670.2000	             -579
  670.4000	             -565
  670.6000	             -592
  670.8000	             -588
  671.0000	             -589
  671.2000	             -529
  671.4000	             -584
  671.6000	             -588
  671.8000	             -575
  672.0000	             -577
  672.2000	             -577
  672.4000	             -573
  672.6000	             -582
  672.8000	             -582
  673.0000	             -587
  673.2000	             -571
  673.4000	             -574
  673.6000	             -568
  673.8000	             -583
  674.0000	             -575
  674.2000	             -588
  674.4000	             -573
  674.6000	             -571
  674.8000	             -580
  675.0000	             -561
  675.2000	             -566
  675.4000	             -574
  675.6000	             -570
  675.8000	             -574
  676.0000	             -558
  676.2000	             -590
  676.4000	             -585
  676.6000	             -581
  676.8000	             -523
  677.0000	             -582
  677.2000	             -572
  677.4000	             -576
  677.6000	             -584
  677.8000	             -569
  678.0000	             -573
  678.2000	             -573
  678.4000	             -572
  678.6000	             -572
  678.8000	             -561
  679.0000	             -583
  679.2000	             -579
  679.4000	             -577
  679.6000	             -562
  679.8000	             -584
  680.0000	             -590
  680.2000	             -575
  680.4000	             -564
  680.6000	             -588
  680.8000	             -581
  681.0000	             -588
  681.2000	             -589
  681.4000	             -577
  681.6000	             -561
  681.8000	             -602
  682.0000	             -588
  682.2000	             -581
  682.4000	             -580
  682.6000	             -581
  682.8000	             -553
  683.0000	             -568
  683.2000	             -583
  683.4000	             -595
  683.6000	             -589
  683.8000	             -588
  684.0000	             -562
  684.2000	             -582
  684.4000	             -588
  684.6000	             -577
  684.8000	             -604
  685.0000	             -579
  685.2000	             -588
  685.4000	             -577
  685.6000	             -571
  685.8000	             -554
  686.0000	             -586
  686.2000	             -588
  686.4000	             -582
  686.6000	             -602
  686.8000	             -582
  687.0000	             -590
  687.2000	             -573
  687.4000	             -603
  687.6000	             -599
  687.8000	             -573
  688.0000	             -588
  688.2000	             -550
  688.4000	             -584
  688.6000	             -575
  688.8000	             -588
  689.0000	             -524
  689.2000	             -583
  689.4000	             -585
  689.6000	             -588
  689.8000	             -600
  690.0000	             -553
  690.2000	             -531
  690.4000	             -579
  690.6000	             -553
  690.8000	             -561
  691.0000	             -583
  691.2000	             -555
  691.4000	             -588
  691.6000	             -579
  691.8000	             -594
  692.0000	             -577
  692.2000	             -570
  692.4000	             -562
  692.6000	             -573
  692.8000	             -588
  693.0000	             -594
  693.2000	             -581
  693.4000	             -592
  693.6000	             -571
  693.8000	             -596
  694.0000	             -595
  694.2000	             -584
  694.4000	             -577
  694.6000	             -585
  694.8000	             -577
  695.0000	             -564
  695.2000	             -572
  695.4000	             -577
  695.6000	             -581
  695.8000	             -602
  696.0000	             -564
  696.2000	             -582
  696.4000	             -603
  696.6000	             -499
  696.8000	             -572
  697.0000	             -607
  697.2000	             -583
  697.4000	             -577
  697.6000	             -571
  697.8000	             -564
  698.0000	             -553
  698.2000	             -559
  698.4000	             -563
  698.6000	             -583
  698.8000	             -594
  699.0000	             -589
  699.2000	             -577
  699.4000	             -588
  699.6000	             -554
  699.8000	             -607
  700.0000	             -580
  700.2000	             -584
  700.4000	             -604
  700.6000	             -602
  700.8000	             -571
  701.0000	             -573
  701.2000	             -582
  701.4000	             -576
  701.6000	             -598
  701.8000	             -602
  702.0000	             -570
  702.2000	             -570
  702.4000	             -594
  702.6000	             -602
  702.8000	             -580
  703.0000	             -574
  703.2000	             -585
  703.4000	             -595
  703.6000	             -583
  703.8000	             -570
  704.0000	             -554
  704.2000	             -603
  704.4000	             -584
  704.6000	             -595
  704.8000	             -589
  705.0000	             -589
  705.2000	             -584
  705.4000	             -564
  705.6000	             -602
  705.8000	             -583
  706.0000	             -578
  706.2000	             -592
  706.4000	             -572
  706.6000	             -542
  706.8000	             -566
  707.0000	             -582
  707.2000	             -586
  707.4000	             -536
  707.6000	             -583
  707.8000	             -579
  708.0000	             -558
  708.2000	             -538
  708.4000	             -579
  708.6000	             -592
  708.8000	             -583
  709.0000	             -592
  709.2000	             -582
  709.4000	             -567
  709.6000	             -595
  709.8000	             -573
  710.0000	             -576
  710.2000	             -578
  710.4000	             -566
  710.6000	             -571
  710.8000	             -577
  711.0000	             -599
  711.2000	             -576
  711.4000	             -559
  711.6000	             -583
  711.8000	             -577
  712.0000	             -569
  712.2000	             -589
  712.4000	             -594
  712.6000	             -599
  712.8000	             -583
  713.0000	             -586
  713.2000	             -590
  713.4000	             -583
  713.6000	             -599
  713.8000	             -582
  714.0000	             -600
  714.2000	             -567
  714.4000	             -577
  714.6000	             -567
  714.8000	             -583
  715.0000	             -572
  715.2000	             -533
  715.4000	             -588
  715.6000	             -571
  715.8000	             -583
  716.0000	             -570
  716.2000	             -573
  716.4000	             -583
  716.6000	             -577
  716.8000	             -580
  717.0000	             -583
  717.2000	             -588
  717.4000	             -592
  717.6000	             -583
  717.8000	             -576
  718.0000	             -592
  718.2000	             -542
  718.4000	             -582
  718.6000	             -583
  718.8000	             -602
  719.0000	             -553
  719.2000	             -573
  719.4000	             -589
  719.6000	             -556
  719.8000	             -563
  720.0000	             -574
  720.2000	             -577
  720.4000	             -590
  720.6000	             -588
  720.8000	             -596
  721.0000	             -571
  721.2000	             -571
  721.4000	             -581
  721.6000	             -577
  721.8000	             -575
  722.0000	             -588
  722.2000	             -573
  722.4000	             -575
  722.6000	             -574
  722.8000	             -573
  723.0000	             -579
  723.2000	             -576
  723.4000	             -575
  723.6000	             -598
  723.8000	             -581
  724.0000	             -517
  724.2000	             -586
  724.4000	             -578
  724.6000	             -584
  724.8000	             -591
  725.0000	             -588
  725.2000	             -577
  725.4000	             -595
  725.6000	             -601
  725.8000	             -577
  726.0000	             -579
  726.2000	             -586
  726.4000	             -576
  726.6000	             -586
  726.8000	             -582
  727.0000	             -545
  727.2000	             -560
  727.4000	             -595
  727.6000	             -583
  727.8000	             -586
  728.0000	             -576
  728.2000	             -591
  728.4000	             -576
  728.6000	             -585
  728.8000	             -588
  729.0000	             -558
  729.2000	             -586
  729.4000	             -588
  729.6000	             -584
  729.8000	             -577
  730.0000	             -594
  730.2000	             -571
  730.4000	             -576
  730.6000	             -524
  730.8000	             -584
  731.0000	             -558
  731.2000	             -602
  731.4000	             -583
  731.6000	             -595
  731.8000	             -558
  732.0000	             -588
  732.2000	             -583
  732.4000	             -589
  732.6000	             -596
  732.8000	             -566
  733.0000	             -579
  733.2000	             -581
  733.4000	             -560
  733.6000	             -600
  733.8000	             -577
  734.0000	             -579
  734.2000	             -557
  734.4000	             -582
  734.6000	             -586
  734.8000	             -576
  735.0000	             -561
  735.2000	             -581
  735.4000	             -572
  735.6000	             -510
  735.8000	             -574
  736.0000	             -564
  736.2000	             -589
  736.4000	             -523
  736.6000	             -579
  736.8000	             -595
  737.0000	             -569
  737.2000	             -556
  737.4000	             -570
  737.6000	             -602
  737.8000	             -544
  738.0000	             -572
  738.2000	             -589
  738.4000	             -421
  738.6000	             -550
  738.8000	             -595
  739.0000	             -571
  739.2000	             -577
  739.4000	             -589
  739.6000	             -569
  739.8000	             -592
  740.0000	             -583
  740.2000	             -571
  740.4000	             -578
  740.6000	             -591
  740.8000	             -587
  741.0000	             -584
  741.2000	             -598
  741.4000	             -524
  741.6000	             -583
  741.8000	             -577
  742.0000	             -584
  742.2000	             -588
  742.4000	             -571
  742.6000	             -584
  742.8000	             -577
  743.0000	             -584
  743.2000	             -588
  743.4000	             -559
  743.6000	             -574
  743.8000	             -575
  744.0000	             -589
  744.2000	             -567
  744.4000	             -571
  744.6000	             -566
  744.8000	             -569
  745.0000	             -588
  745.2000	             -586
  745.4000	             -579
  745.6000	             -578
  745.8000	             -574
  746.0000	             -582
  746.2000	             -524
  746.4000	             -532
  746.6000	             -580
  746.8000	             -530
  747.0000	             -576
  747.2000	             -583
  747.4000	             -592
  747.6000	             -577
  747.8000	             -591
  748.0000	             -552
  748.2000	             -560
  748.4000	             -588
  748.6000	             -580
  748.8000	             -562
  749.0000	             -560
  749.2000	             -602
  749.4000	             -571
  749.6000	             -579
  749.8000	             -590
  750.0000	             -574
  750.2000	             -568
  750.4000	              -69
  750.6000	             -580
  750.8000	             -582
  751.0000	             -592
  751.2000	             -576
  751.4000	             -387
  751.6000	             -588
  751.8000	             -590
  752.0000	             -584
  752.2000	             -575
  752.4000	             -575
  752.6000	             -548
  752.8000	             -579
  753.0000	             -571
  753.2000	             -596
  753.4000	             -588
  753.6000	             -579
  753.8000	             -602
  754.0000	             -582
  754.2000	             -577
  754.4000	             -578
  754.6000	             -571
  754.8000	             -579
  755.0000	             -572
  755.2000	             -573
  755.4000	             -564
  755.6000	             -564
  755.8000	             -593
  756.0000	             -594
  756.2000	             -585
  756.4000	             -573
  756.6000	             -581
  756.8000	             -574
  757.0000	             -585
  757.2000	             -573
  757.4000	             -590
  757.6000	             -590
  757.8000	             -596
  758.0000	             -553
  758.2000	             -557
  758.4000	             -576
  758.6000	             -580
  758.8000	             -582
  759.0000	             -602
  759.2000	             -572
  759.4000	             -577
  759.6000	             -586
  759.8000	             -529
  760.0000	             -559
  760.2000	             -576
  760.4000	             -581
  760.6000	             -589
  760.8000	             -559
  761.0000	             -562
  761.2000	             -586
  761.4000	             -596
  761.6000	             -595
  761.8000	             -596
  762.0000	             -571
  762.2000	             -573
  762.4000	             -516
  762.6000	             -559
  762.8000	             -582
  763.0000	             -589
  763.2000	             -568
  763.4000	             -494
  763.6000	             -563
  763.8000	             -529
  764.0000	             -576
  764.2000	             -588
  764.4000	             -574
  764.6000	             -540
  764.8000	             -588
  765.0000	             -582
  765.2000	             -592
  765.4000	             -580
  765.6000	             -588
  765.8000	             -554
  766.0000	             -547
  766.2000	             -602
  766.4000	             -560
  766.6000	             -544
  766.8000	             -578
  767.0000	             -577
  767.2000	             -583
  767.4000	             -590
  767.6000	             -588
  767.8000	             -589
  768.0000	             -564
  768.2000	             -534
  768.4000	             -570
  768.6000	             -588
  768.8000	             -571
  769.0000	             -591
  769.2000	             -576
  769.4000	             -582
  769.6000	             -577
  769.8000	             -573
  770.0000	             -573
  770.2000	             -548
  770.4000	             -572
  770.6000	             -576
  770.8000	             -584
  771.0000	             -589
  771.2000	             -575
  771.4000	             -562
  771.6000	             -547
  771.8000	             -566
  772.0000	             -591
  772.2000	             -524
  772.4000	             -360
  772.6000	             -589
  772.8000	             -577
  773.0000	             -589
  773.2000	             -571
  773.4000	             -582
  773.6000	             -519
  773.8000	             -581
  774.0000	             -572
  774.2000	             -588
  774.4000	             -572
  774.6000	             -559
  774.8000	             -609
  775.0000	             -559
  775.2000	             -571
  775.4000	             -553
  775.6000	             -562
  775.8000	             -588
  776.0000	             -572
  776.2000	             -577
  776.4000	             -540
  776.6000	             -594
  776.8000	             -602
  777.0000	             -591
  777.2000	             -584
  777.4000	             -578
  777.6000	             -602
  777.8000	             -584
  778.0000	             -579
  778.2000	             -581
  778.4000	             -588
  778.6000	             -538
  778.8000	             -583
  779.0000	             -570
  779.2000	             -569
  779.4000	             -577
  779.6000	             -590
  779.8000	             -570
  780.0000	             -592
  780.2000	             -577
  780.4000	             -572
  780.6000	             -588
  780.8000	             -562
  781.0000	             -586
  781.2000	             -577
  781.4000	             -602
  781.6000	             -584
  781.8000	             -545
  782.0000	             -589
  782.2000	             -595
  782.4000	             -588
  782.6000	             -588
  782.8000	             -569
  783.0000	             -556
  783.2000	             -584
  783.4000	             -574
  783.6000	             -574
  783.8000	             -582
  784.0000	             -579
  784.2000	             -576
  784.4000	             -566
  784.6000	             -579
  784.8000	             -589
  785.0000	             -578
  785.2000	             -553
  785.4000	             -578
  785.6000	             -590
  785.8000	             -559
  786.0000	             -573
  786.2000	             -572
  786.4000	             -533
  786.6000	             -586
  786.8000	             -546
  787.0000	             -573
  787.2000	             -579
  787.4000	             -594
  787.6000	             -603
  787.8000	             -590
  788.0000	             -579
  788.2000	             -602
  788.4000	             -589
  788.6000	             -573
  788.8000	             -573
  789.0000	             -541
  789.2000	             -573
  789.4000	             -588
  789.6000	             -588
  789.8000	             -594
  790.0000	             -576
  790.2000	             -610
  790.4000	             -579
  790.6000	             -586
  790.8000	             -596
  791.0000	             -589
  791.2000	             -558
  791.4000	             -553
  791.6000	             -589
  791.8000	             -603
  792.0000	             -588
  792.2000	             -564
  792.4000	             -578
  792.6000	             -600
  792.8000	             -595
  793.0000	             -603
  793.2000	             -553
  793.4000	             -583
  793.6000	             -582
  793.8000	             -571
  794.0000	             -594
  794.2000	             -577
  794.4000	             -583
  794.6000	             -573
  794.8000	             -461
  795.0000	             -575
  795.2000	             -591
  795.4000	             -592
  795.6000	             -583
  795.8000	             -579
  796.0000	             -576
  796.2000	             -583
  796.4000	             -517
  796.6000	             -577
  796.8000	             -583
  797.0000	             -607
  797.2000	             -577
  797.4000	             -603
  797.6000	             -602
  797.8000	             -582
  798.0000	             -582
  798.2000	             -588
  798.4000	             -577
  798.6000	             -553
  798.8000	             -569
  799.0000	             -591
  799.2000	             -586
  799.4000	             -584
  799.6000	             -588
  799.8000	             -596
  800.0000	             -596
  800.2000	             -588
  800.4000	             -585
  800.6000	             -545
  800.8000	             -590
  801.0000	             -583
  801.2000	             -562
  801.4000	             -496
  801.6000	             -575
  801.8000	             -600
  802.0000	             -579
  802.2000	             -586
  802.4000	             -588
  802.6000	             -595
  802.8000	             -546
  803.0000	             -569
  803.2000	             -591
  803.4000	             -599
  803.6000	             -609
  803.8000	             -583
  804.0000	             -592
  804.2000	             -584
  804.4000	             -571
  804.6000	             -579
  804.8000	             -596
  805.0000	             -573
