  600.0000	             -577
  600.2000	             -562
  600.4000	             -569
  600.6000	             -564
  600.8000	             -576
  601.0000	             -583
  601.2000	             -548
  601.4000	             -576
  601.6000	             -598
  601.8000	             -558
  602.0000	             -585
  602.2000	             -574
  602.4000	             -532
  602.6000	             -579
  602.8000	             -556
  603.0000	             -572
  603.2000	             -538
  603.4000	             -588
  603.6000	             -552
  603.8000	             -586
  604.0000	             -592
  604.2000	             -545
  604.4000	             -587
  604.6000	             -588
  604.8000	             -584
  605.0000	             -538
  605.2000	             -573
  605.4000	             -575
  605.6000	             -582
  605.8000	             -584
  606.0000	             -571
  606.2000	             -558
  606.4000	             -577
  606.6000	             -573
  606.8000	             -561
  607.0000	             -577
  607.2000	             -583
  607.4000	             -577
  607.6000	             -590
  607.8000	             -596
  608.0000	             -577
  608.2000	             -573
  608.4000	             -588
  608.6000	             -590
  608.8000	             -577
  609.0000	             -586
  609.2000	             -573
  609.4000	             -581
  609.6000	             -584
  609.8000	             -585
  610.0000	             -546
  610.2000	             -572
  610.4000	             -589
  610.6000	             -557
  610.8000	             -588
  611.0000	             -569
  611.2000	             -589
  611.4000	             -586
  611.6000	             -588
  611.8000	             -568
  612.0000	             -583
  612.2000	             -586
  612.4000	             -592
  612.6000	             -591
  612.8000	             -588
  613.0000	             -584
  613.2000	             -593
  613.4000	             -566
  613.6000	             -581
  613.8000	             -546
  614.0000	             -586
  614.2000	             -583
  614.4000	             -588
  614.6000	             -577
  614.8000	             -582
  615.0000	             -588
  615.2000	             -585
  615.4000	             -572
  615.6000	             -590
  615.8000	             -586
  616.0000	             -575
  616.2000	             -588
  616.4000	             -582
  616.6000	             -580
  616.8000	             -588
  617.0000	             -577
  617.2000	             -595
  617.4000	             -575
  617.6000	             -571
  617.8000	             -579
  618.0000	             -577
  618.2000	             -576
  618.4000	             -595
  618.6000	             -590
  618.8000	             -538
  619.0000	             -573
  619.2000	             -564
  619.4000	             -599
  619.6000	             -584
  619.8000	             -571
  620.0000	             -583
  620.2000	             -588
  620.4000	             -580
  620.6000	             -577
  620.8000	             -573
  621.0000	             -590
  621.2000	             -581
  621.4000	             -596
  621.6000	             -589
  621.8000	             -577
  622.0000	             -554
  622.2000	             -590
  622.4000	             -598
  622.6000	             -577
  622.8000	             -594
  623.0000	             -587
  623.2000	             -581
  623.4000	             -589
  623.6000	             -553
  623.8000	             -561
  624.0000	             -583
  624.2000	             -576
  624.4000	             -578
  624.6000	             -571
  624.8000	             -582
  625.0000	             -589
  625.2000	             -577
  625.4000	             -588
  625.6000	             -589
  625.8000	             -588
  626.0000	             -571
  626.2000	             -587
  626.4000	             -557
  626.6000	             -595
  626.8000	             -603
  627.0000	             -577
  627.2000	             -576
  627.4000	             -574
  627.6000	             -596
  627.8000	             -582
  628.0000	             -575
  628.2000	             -582
  628.4000	             -523
  628.6000	             -571
  628.8000	             -583
  629.0000	             -564
  629.2000	             -570
  629.4000	             -568
  629.6000	             -583
  629.8000	             -564
  630.0000	             -580
  630.2000	             -585
  630.4000	             -558
  630.6000	             -582
  630.8000	             -595
  631.0000	             -578
  631.2000	             -580
  631.4000	             -524
  631.6000	             -596
  631.8000	             -584
  632.0000	             -579
  632.2000	             -574
  632.4000	             -579
  632.6000	             -586
  632.8000	             -583
  633.0000	             -582
  633.2000	             -524
  633.4000	             -578
  633.6000	             -570
  633.8000	             -582
  634.0000	             -576
  634.2000	             -582
  634.4000	             -586
  634.6000	             -579
  634.8000	             -559
  635.0000	             -581
  635.2000	             -582
  635.4000	             -592
  635.6000	             -562
  635.8000	             -552
  636.0000	             -537
  636.2000	             -582
  636.4000	             -585
  636.6000	             -574
  636.8000	             -586
  637.0000	             -559
  637.2000	             -567
  637.4000	             -557
  637.6000	             -576
  637.8000	             -570
  638.0000	             -586
  638.2000	             -571
  638.4000	             -562
  638.6000	             -588
  638.8000	             -596
  639.0000	             -576
  639.2000	             -586
  639.4000	             -547
  639.6000	             -582
  639.8000	             -548
  640.0000	             -581
  640.2000	             -588
  640.4000	             -559
  640.6000	             -581
  640.8000	             -573
  641.0000	             -583
  641.2000	             -576
  641.4000	             -581
  641.6000	             -582
  641.8000	             -584
  642.0000	             -570
  642.2000	             -589
  642.4000	             -561
  642.6000	             -556
  642.8000	             -539
  643.0000	             -556
  643.2000	             -575
  643.4000	             -561
  643.6000	             -586
  643.8000	             -582
  644.0000	             -567
  644.2000	             -571
  644.4000	             -576
  644.6000	             -589
  644.8000	             -575
  645.0000	             -574
  645.2000	             -574
  645.4000	             -551
  645.6000	             -564
  645.8000	             -550
  646.0000	             -576
  646.2000	             -524
  646.4000	             -584
  646.6000	             -548
  646.8000	             -534
  647.0000	             -595
  647.2000	             -571
  647.4000	             -578
  647.6000	             -541
  647.8000	             -585
  648.0000	             -582
  648.2000	             -562
  648.4000	             -571
  648.6000	             -546
  648.8000	             -582
  649.0000	             -571
  649.2000	             -598
  649.4000	             -574
  649.6000	             -583
  649.8000	             -581
  650.0000	             -581
  650.2000	             -559
  650.4000	             -559
  650.6000	             -576
  650.8000	             -561
  651.0000	             -586
  651.2000	             -559
  651.4000	             -579
  651.6000	             -516
  651.8000	             -567
  652.0000	             -583
  652.2000	             -574
  652.4000	             -574
  652.6000	             -559
  652.8000	             -554
  653.0000	             -571
  653.2000	             -561
  653.4000	             -560
  653.6000	             -571
  653.8000	             -576
  654.0000	             -588
  654.2000	             -568
  654.4000	             -572
  654.6000	             -588
  654.8000	             -524
  655.0000	             -588
  655.2000	             -574
  655.4000	             -574
  655.6000	             -576
  655.8000	             -560
  656.0000	             -575
  656.2000	             -576
  656.4000	             -580
  656.6000	             -523
  656.8000	             -573
  657.0000	             -571
  657.2000	             -575
  657.4000	             -576
  657.6000	             -565
  657.8000	             -574
  658.0000	             -548
  658.2000	             -563
  658.4000	             -580
  658.6000	             -561
  658.8000	             -576
  659.0000	             -580
  659.2000	             -586
  659.4000	             -542
  659.6000	             -566
  659.8000	             -579
  660.0000	             -560
  660.2000	             -556
  660.4000	             -556
  660.6000	             -566
  660.8000	             -571
  661.0000	             -552
  661.2000	             -574
  661.4000	             -581
  661.6000	             -559
  661.8000	             -574
  662.0000	             -568
  662.2000	             -562
  662.4000	             -573
  662.6000	             -598
  662.8000	             -575
  663.0000	             -573
  663.2000	             -556
  663.4000	             -580
  663.6000	             -554
  663.8000	             -567
  664.0000	             -579
  664.2000	             -571
  664.4000	             -559
  664.6000	             -576
  664.8000	             -571
  665.0000	             -593
  665.2000	             -550
  665.4000	             -548
  665.6000	             -564
  665.8000	             -578
  666.0000	             -559
  666.2000	             -576
  666.4000	             -570
  666.6000	             -556
  666.8000	             -561
  667.0000	             -548
  667.2000	             -584
  667.4000	             -581
  667.6000	             -561
  667.8000	             -564
  668.0000	             -524
  668.2000	             -599
  668.4000	             -557
  668.6000	             -559
  668.8000	             -564
  669.0000	             -574
  669.2000	             -571
  669.4000	             -542
  669.6000	             -576
  669.8000	             -579
  670.0000	             -572
  670.2000	             -589
  670.4000	             -568
  670.6000	             -592
  670.8000	             -553
  671.0000	             -588
  671.2000	             -558
  671.4000	             -590
  671.6000	             -573
  671.8000	             -595
  672.0000	             -573
  672.2000	             -593
  672.4000	             -524
  672.6000	             -573
  672.8000	             -580
  673.0000	             -592
  673.2000	             -588
  673.4000	             -571
  673.6000	             -572
  673.8000	             -573
  674.0000	             -590
  674.2000	             -576
  674.4000	             -548
  674.6000	             -591
  674.8000	             -529
  675.0000	             -571
  675.2000	             -586
  675.4000	             -587
  675.6000	             -557
  675.8000	             -573
  676.0000	             -589
  676.2000	             -558
  676.4000	             -568
  676.6000	             -566
  676.8000	             -583
  677.0000	             -562
  677.2000	             -570
  677.4000	             -579
  677.6000	             -559
  677.8000	             -561
  678.0000	             -564
  678.2000	             -575
  678.4000	             -590
  678.6000	             -586
  678.8000	             -579
  679.0000	             -544
  679.2000	             -587
  679.4000	             -554
  679.6000	             -582
  679.8000	             -584
  680.0000	             -590
  680.2000	             -572
  680.4000	             -585
  680.6000	             -585
  680.8000	             -575
  681.0000	             -590
  681.2000	             -595
  681.4000	             -588
  681.6000	             -573
  681.8000	             -598
  682.0000	             -577
  682.2000	             -545
  682.4000	             -594
  682.6000	             -546
  682.8000	             -584
  683.0000	             -586
  683.2000	             -577
  683.4000	             -581
  683.6000	             -545
  683.8000	             -573
  684.0000	             -574
  684.2000	             -598
  684.4000	             -569
  684.6000	             -579
  684.8000	             -579
  685.0000	             -595
  685.2000	             -564
  685.4000	             -577
  685.6000	             -595
  685.8000	             -588
  686.0000	             -571
  686.2000	             -588
  686.4000	             -571
  686.6000	             -601
  686.8000	             -557
  687.0000	             -580
  687.2000	             -602
  687.4000	             -574
  687.6000	             -528
  687.8000	             -602
  688.0000	             -589
  688.2000	             -562
  688.4000	             -601
  688.6000	             -594
  688.8000	             -581
  689.0000	             -581
  689.2000	             -583
  689.4000	             -566
  689.6000	             -579
  689.8000	             -540
  690.0000	             -578
  690.2000	             -577
  690.4000	             -586
  690.6000	             -540
  690.8000	             -586
  691.0000	             -577
  691.2000	             -577
  691.4000	             -587
  691.6000	             -577
  691.8000	             -586
  692.0000	             -564
  692.2000	             -606
  692.4000	             -537
  692.6000	             -573
  692.8000	             -577
  693.0000	             -584
  693.2000	             -576
  693.4000	             -588
  693.6000	             -582
  693.8000	             -588
  694.0000	             -584
  694.2000	             -596
  694.4000	             -564
  694.6000	             -594
  694.8000	             -582
  695.0000	             -584
  695.2000	             -599
  695.4000	             -570
  695.6000	             -583
  695.8000	             -571
  696.0000	             -577
  696.2000	             -603
  696.4000	             -598
  696.6000	             -554
  696.8000	             -583
  697.0000	             -598
  697.2000	             -589
  697.4000	             -563
  697.6000	             -579
  697.8000	             -588
  698.0000	             -575
  698.2000	             -584
  698.4000	             -577
  698.6000	             -570
  698.8000	             -575
  699.0000	             -572
  699.2000	             -526
  699.4000	             -583
  699.6000	             -588
  699.8000	             -592
  700.0000	             -556
  700.2000	             -583
  700.4000	             -584
  700.6000	             -558
  700.8000	             -566
  701.0000	             -598
  701.2000	             -592
  701.4000	             -579
  701.6000	             -546
  701.8000	             -592
  702.0000	             -588
  702.2000	             -599
  702.4000	             -595
  702.6000	             -589
  702.8000	             -579
  703.0000	             -579
  703.2000	             -582
  703.4000	             -566
  703.6000	             -573
  703.8000	             -602
  704.0000	             -588
  704.2000	             -595
  704.4000	             -582
  704.6000	             -593
  704.8000	             -599
  705.0000	             -584
  705.2000	             -559
  705.4000	             -557
  705.6000	             -562
  705.8000	             -537
  706.0000	             -583
  706.2000	             -595
  706.4000	             -571
  706.6000	             -541
  706.8000	             -573
  707.0000	             -571
  707.2000	             -588
  707.4000	             -588
  707.6000	             -595
  707.8000	             -590
  708.0000	             -602
  708.2000	             -573
  708.4000	             -592
  708.6000	             -571
  708.8000	             -607
  709.0000	             -596
  709.2000	             -595
  709.4000	             -589
  709.6000	             -573
  709.8000	             -582
  710.0000	             -582
  710.2000	             -602
  710.4000	             -594
  710.6000	             -588
  710.8000	             -583
  711.0000	             -575
  711.2000	             -562
  711.4000	             -602
  711.6000	             -595
  711.8000	             -588
  712.0000	             -588
  712.2000	             -600
  712.4000	             -588
  712.6000	             -588
  712.8000	             -537
  713.0000	             -588
  713.2000	             -575
  713.4000	             -525
  713.6000	             -588
  713.8000	             -541
  714.0000	             -575
  714.2000	             -588
  714.4000	             -584
  714.6000	             -596
  714.8000	             -545
  715.0000	             -589
  715.2000	             -570
  715.4000	             -582
  715.6000	             -588
  715.8000	             -617
  716.0000	             -564
  716.2000	             -595
  716.4000	             -582
  716.6000	             -538
  716.8000	             -544
  717.0000	             -577
  717.2000	             -588
  717.4000	             -546
  717.6000	             -583
  717.8000	             -588
  718.0000	             -592
  718.2000	             -601
  718.4000	             -598
  718.6000	             -588
  718.8000	             -584
  719.0000	             -591
  719.2000	             -578
  719.4000	             -559
  719.6000	             -576
  719.8000	             -573
  720.0000	             -571
  720.2000	             -583
  720.4000	             -583
  720.6000	             -584
  720.8000	             -579
  721.0000	             -582
  721.2000	             -553
  721.4000	             -584
  721.6000	             -577
  721.8000	             -576
  722.0000	             -578
  722.2000	             -569
  722.4000	             -586
  722.6000	             -591
  722.8000	             -594
  723.0000	             -577
  723.2000	             -573
  723.4000	             -584
  723.6000	             -584
  723.8000	             -584
  724.0000	             -547
  724.2000	             -592
  724.4000	             -579
  724.6000	             -562
  724.8000	             -583
  725.0000	             -565
  725.2000	             -579
  725.4000	             -601
  725.6000	             -586
  725.8000	             -582
  726.0000	             -575
  726.2000	             -590
  726.4000	             -583
  726.6000	             -558
  726.8000	             -564
  727.0000	             -589
  727.2000	             -538
  727.4000	             -576
  727.6000	             -544
  727.8000	             -577
  728.0000	             -542
  728.2000	             -546
  728.4000	             -570
  728.6000	             -546
  728.8000	             -553
  729.0000	             -582
  729.2000	             -573
  729.4000	             -583
  729.6000	             -577
  729.8000	             -541
  730.0000	             -576
  730.2000	             -579
  730.4000	             -588
  730.6000	             -546
  730.8000	             -602
  731.0000	             -537
  731.2000	             -582
  731.4000	             -588
  731.6000	             -589
  731.8000	             -603
  732.0000	             -582
  732.2000	             -573
  732.4000	             -577
  732.6000	             -602
  732.8000	             -571
  733.0000	             -561
  733.2000	             -573
  733.4000	             -595
  733.6000	             -576
  733.8000	             -582
  734.0000	             -582
  734.2000	             -531
  734.4000	             -580
  734.6000	             -574
  734.8000	             -585
  735.0000	             -575
  735.2000	             -573
  735.4000	             -584
  735.6000	             -581
  735.8000	             -537
  736.0000	             -579
  736.2000	             -594
  736.4000	             -571
  736.6000	             -594
  736.8000	             -544
  737.0000	             -586
  737.2000	             -517
  737.4000	             -586
  737.6000	             -582
  737.8000	             -567
  738.0000	             -577
  738.2000	             -580
  738.4000	             -404
  738.6000	             -578
  738.8000	             -570
  739.0000	             -584
  739.2000	             -583
  739.4000	             -577
  739.6000	             -586
  739.8000	             -564
  740.0000	             -589
  740.2000	             -572
  740.4000	             -570
  740.6000	             -596
  740.8000	             -524
  741.0000	             -575
  741.2000	             -586
  741.4000	             -567
  741.6000	             -590
  741.8000	             -582
  742.0000	             -524
  742.2000	             -602
  742.4000	             -576
  742.6000	             -598
  742.8000	             -588
  743.0000	             -577
  743.2000	             -558
  743.4000	             -577
  743.6000	             -586
  743.8000	             -583
  744.0000	             -571
  744.2000	             -559
  744.4000	             -578
  744.6000	             -596
  744.8000	             -524
  745.0000	             -573
  745.2000	             -588
  745.4000	             -588
  745.6000	             -581
  745.8000	             -598
  746.0000	             -575
  746.2000	             -592
  746.4000	             -586
  746.6000	             -576
  746.8000	             -564
  747.0000	             -555
  747.2000	             -577
  747.4000	             -562
  747.6000	             -599
  747.8000	             -588
  748.0000	             -577
  748.2000	             -592
  748.4000	             -584
  748.6000	             -599
  748.8000	             -572
  749.0000	             -517
  749.2000	             -567
  749.4000	             -583
  749.6000	             -540
  749.8000	             -583
  750.0000	             -582
  750.2000	             -534
  750.4000	              -97
  750.6000	             -576
  750.8000	             -598
  751.0000	             -571
  751.2000	             -586
  751.4000	             -417
  751.6000	             -591
  751.8000	             -586
  752.0000	             -577
  752.2000	             -598
  752.4000	             -592
  752.6000	             -588
  752.8000	             -588
  753.0000	             -583
  753.2000	             -579
  753.4000	             -549
  753.6000	             -588
  753.8000	             -571
  754.0000	             -569
  754.2000	             -577
  754.4000	             -579
  754.6000	             -588
  754.8000	             -582
  755.0000	             -602
  755.2000	             -572
  755.4000	             -575
  755.6000	             -571
  755.8000	             -565
  756.0000	             -586
  756.2000	             -592
  756.4000	             -582
  756.6000	             -579
  756.8000	             -584
  757.0000	             -601
  757.2000	             -574
  757.4000	             -573
  757.6000	             -588
  757.8000	             -577
  758.0000	             -524
  758.2000	             -592
  758.4000	             -587
  758.6000	             -576
  758.8000	             -582
  759.0000	             -595
  759.2000	             -514
  759.4000	             -582
  759.6000	             -548
  759.8000	             -576
  760.0000	             -538
  760.2000	             -596
  760.4000	             -573
  760.6000	             -529
  760.8000	             -589
  761.0000	             -591
  761.2000	             -562
  761.4000	             -571
  761.6000	             -577
  761.8000	             -573
  762.0000	             -588
  762.2000	             -573
  762.4000	             -576
  762.6000	             -519
  762.8000	             -602
  763.0000	             -583
  763.2000	             -586
  763.4000	             -495
  763.6000	             -584
  763.8000	             -525
  764.0000	             -584
  764.2000	             -535
  764.4000	             -601
  764.6000	             -573
  764.8000	             -577
  765.0000	             -579
  765.2000	             -600
  765.4000	             -579
  765.6000	             -578
  765.8000	             -588
  766.0000	             -572
  766.2000	             -586
  766.4000	             -591
  766.6000	             -525
  766.8000	             -583
  767.0000	             -586
  767.2000	             -576
  767.4000	             -553
  767.6000	             -553
  767.8000	             -585
  768.0000	             -531
  768.2000	             -555
  768.4000	             -592
  768.6000	             -553
  768.8000	             -581
  769.0000	             -541
  769.2000	             -588
  769.4000	             -582
  769.6000	             -596
  769.8000	             -584
  770.0000	             -577
  770.2000	             -579
  770.4000	             -569
  770.6000	             -575
  770.8000	             -585
  771.0000	             -553
  771.2000	             -575
  771.4000	             -575
  771.6000	             -586
  771.8000	             -572
  772.0000	             -577
  772.2000	             -582
  772.4000	             -428
  772.6000	             -588
  772.8000	             -559
  773.0000	             -574
  773.2000	             -543
  773.4000	             -554
  773.6000	             -583
  773.8000	             -573
  774.0000	             -571
  774.2000	             -582
  774.4000	             -585
  774.6000	             -553
  774.8000	             -572
  775.0000	             -592
  775.2000	             -581
  775.4000	             -588
  775.6000	             -588
  775.8000	             -584
  776.0000	             -592
  776.2000	             -585
  776.4000	             -583
  776.6000	             -584
  776.8000	             -588
  777.0000	             -579
  777.2000	             -574
  777.4000	             -588
  777.6000	             -573
  777.8000	             -588
  778.0000	             -589
  778.2000	             -576
  778.4000	             -579
  778.6000	             -610
  778.8000	             -582
  779.0000	             -595
  779.2000	             -588
  779.4000	             -586
  779.6000	             -595
  779.8000	             -539
  780.0000	             -573
  780.2000	             -579
  780.4000	             -596
  780.6000	             -539
  780.8000	             -583
  781.0000	             -584
  781.2000	             -585
  781.4000	             -568
  781.6000	             -554
  781.8000	             -577
  782.0000	             -594
  782.2000	             -589
  782.4000	             -593
  782.6000	             -558
  782.8000	             -571
  783.0000	             -562
  783.2000	             -583
  783.4000	             -585
  783.6000	             -601
  783.8000	             -588
  784.0000	             -573
  784.2000	             -525
  784.4000	             -588
  784.6000	             -573
  784.8000	             -589
  785.0000	             -588
  785.2000	             -593
  785.4000	             -588
  785.6000	             -580
  785.8000	             -570
  786.0000	             -583
  786.2000	             -583
  786.4000	             -554
  786.6000	             -584
  786.8000	             -603
  787.0000	             -564
  787.2000	             -572
  787.4000	             -595
  787.6000	             -607
  787.8000	             -592
  788.0000	             -596
  788.2000	             -572
  788.4000	             -577
  788.6000	             -579
  788.8000	             -584
  789.0000	             -593
  789.2000	             -585
  789.4000	             -583
  789.6000	             -590
  789.8000	             -589
  790.0000	             -584
  790.2000	             -582
  790.4000	             -564
  790.6000	             -564
  790.8000	             -562
  791.0000	             -576
  791.2000	             -583
  791.4000	             -581
  791.6000	             -584
  791.8000	             -579
  792.0000	             -582
  792.2000	             -584
  792.4000	             -583
  792.6000	             -579
  792.8000	             -564
  793.0000	             -600
  793.2000	             -528
  793.4000	             -588
  793.6000	             -577
  793.8000	             -588
  794.0000	             -592
  794.2000	             -600
  794.4000	             -577
  794.6000	             -593
  794.8000	             -428
  795.0000	             -593
  795.2000	             -583
  795.4000	             -588
  795.6000	             -577
  795.8000	             -598
  796.0000	             -581
  796.2000	             -576
  796.4000	             -577
  796.6000	             -603
  796.8000	             -569
  797.0000	             -587
  797.2000	             -578
  797.4000	             -586
  797.6000	             -546
  797.8000	             -571
  798.0000	             -586
  798.2000	             -589
  798.4000	             -596
  798.6000	             -576
  798.8000	             -574
  799.0000	             -588
  799.2000	             -585
  799.4000	             -588
  799.6000	             -560
  799.8000	             -602
  800.0000	             -583
  800.2000	             -576
  800.4000	             -585
  800.6000	             -540
  800.8000	             -600
  801.0000	             -579
  801.2000	             -583
  801.4000	             -545
  801.6000	             -598
  801.8000	             -571
  802.0000	             -579
  802.2000	             -590
  802.4000	             -577
  802.6000	             -602
  802.8000	             -575
  803.0000	             -588
  803.2000	             -582
  803.4000	             -576
  803.6000	             -577
  803.8000	             -575
  804.0000	             -588
  804.2000	             -597
  804.4000	             -578
  804.6000	             -577
  804.8000	             -574
  805.0000	             -591
