  600.0000	             -476
  600.2000	             -469
  600.4000	             -485
  600.6000	             -462
  600.8000	             -474
  601.0000	             -469
  601.2000	             -474
  601.4000	             -474
  601.6000	             -489
  601.8000	             -457
  602.0000	             -474
  602.2000	             -485
  602.4000	             -485
  602.6000	             -427
  602.8000	             -474
  603.0000	             -468
  603.2000	             -477
  603.4000	             -480
  603.6000	             -458
  603.8000	             -496
  604.0000	             -494
  604.2000	             -445
  604.4000	             -469
  604.6000	             -494
  604.8000	             -425
  605.0000	             -473
  605.2000	             -487
  605.4000	             -458
  605.6000	             -480
  605.8000	             -469
  606.0000	             -458
  606.2000	             -473
  606.4000	             -467
  606.6000	             -499
  606.8000	             -476
  607.0000	             -408
  607.2000	             -455
  607.4000	             -462
  607.6000	             -485
  607.8000	             -493
  608.0000	             -474
  608.2000	             -499
  608.4000	             -437
  608.6000	             -504
  608.8000	             -485
  609.0000	             -482
  609.2000	             -457
  609.4000	             -474
  609.6000	             -474
  609.8000	             -469
  610.0000	             -429
  610.2000	             -462
  610.4000	             -427
  610.6000	             -471
  610.8000	             -468
  611.0000	             -445
  611.2000	             -462
  611.4000	             -473
  611.6000	             -470
  611.8000	             -436
  612.0000	             -480
  612.2000	             -487
  612.4000	             -455
  612.6000	             -437
  612.8000	             -435
  613.0000	             -399
  613.2000	             -508
  613.4000	             -467
  613.6000	             -418
  613.8000	             -475
  614.0000	             -498
  614.2000	             -486
  614.4000	             -481
  614.6000	             -420
  614.8000	             -474
  615.0000	             -476
  615.2000	             -487
  615.4000	             -495
  615.6000	             -462
  615.8000	             -471
  616.0000	             -473
  616.2000	             -481
  616.4000	             -462
  616.6000	             -474
  616.8000	             -485
  617.0000	             -471
  617.2000	             -490
  617.4000	             -487
  617.6000	             -498
  617.8000	             -464
  618.0000	             -482
  618.2000	             -466
  618.4000	             -493
  618.6000	             -408
  618.8000	             -467
  619.0000	             -422
  619.2000	             -408
  619.4000	             -462
  619.6000	             -462
  619.8000	             -469
  620.0000	             -404
  620.2000	             -484
  620.4000	             -474
  620.6000	             -487
  620.8000	             -462
  621.0000	             -401
  621.2000	             -458
  621.4000	             -436
  621.6000	             -477
  621.8000	             -475
  622.0000	             -498
  622.2000	             -474
  622.4000	             -480
  622.6000	             -472
  622.8000	             -476
  623.0000	             -463
  623.2000	             -503
  623.4000	             -483
  623.6000	             -420
  623.8000	             -436
  624.0000	             -471
  624.2000	             -496
  624.4000	             -473
  624.6000	             -475
  624.8000	             -408
  625.0000	             -436
  625.2000	             -479
  625.4000	             -489
  625.6000	             -470
  625.8000	             -487
  626.0000	             -389
  626.2000	             -404
  626.4000	             -467
  626.6000	             -487
  626.8000	             -462
  627.0000	             -471
  627.2000	             -471
  627.4000	             -470
  627.6000	             -487
  627.8000	             -475
  628.0000	             -474
  628.2000	             -484
  628.4000	             -467
  628.6000	             -484
  628.8000	             -459
  629.0000	             -418
  629.2000	             -471
  629.4000	             -454
  629.6000	             -487
  629.8000	             -427
  630.0000	             -474
  630.2000	             -420
  630.4000	             -455
  630.6000	             -420
  630.8000	             -481
  631.0000	             -419
  631.2000	             -485
  631.4000	             -444
  631.6000	             -488
  631.8000	             -475
  632.0000	             -475
  632.2000	             -384
  632.4000	             -429
  632.6000	             -462
  632.8000	             -425
  633.0000	             -474
  633.2000	             -462
  633.4000	             -472
  633.6000	             -477
  633.8000	             -445
  634.0000	             -488
  634.2000	             -479
  634.4000	             -474
  634.6000	             -457
  634.8000	             -474
  635.0000	             -482
  635.2000	             -471
  635.4000	             -447
  635.6000	             -482
  635.8000	             -434
  636.0000	             -474
  636.2000	             -476
  636.4000	             -440
  636.6000	             -489
  636.8000	             -477
  637.0000	             -474
  637.2000	             -462
  637.4000	             -471
  637.6000	             -468
  637.8000	             -474
  638.0000	             -474
  638.2000	             -486
  638.4000	             -479
  638.6000	             -500
  638.8000	             -437
  639.0000	             -470
  639.2000	             -475
  639.4000	             -462
  639.6000	             -472
  639.8000	             -459
  640.0000	             -404
  640.2000	             -474
  640.4000	             -436
  640.6000	             -433
  640.8000	             -477
  641.0000	             -434
  641.2000	             -497
  641.4000	             -429
  641.6000	             -474
  641.8000	             -474
  642.0000	             -436
  642.2000	             -434
  642.4000	             -487
  642.6000	             -454
  642.8000	             -493
  643.0000	             -456
  643.2000	             -475
  643.4000	             -473
  643.6000	             -471
  643.8000	             -419
  644.0000	             -473
  644.2000	             -474
  644.4000	             -462
  644.6000	             -404
  644.8000	             -455
  645.0000	             -404
  645.2000	             -481
  645.4000	             -476
  645.6000	             -502
  645.8000	             -474
  646.0000	             -467
  646.2000	             -474
  646.4000	             -482
  646.6000	             -487
  646.8000	             -487
  647.0000	             -484
  647.2000	             -430
  647.4000	             -487
  647.6000	             -477
  647.8000	             -468
  648.0000	             -434
  648.2000	             -487
  648.4000	             -462
  648.6000	             -434
  648.8000	             -390
  649.0000	             -471
  649.2000	             -474
  649.4000	             -462
  649.6000	             -471
  649.8000	             -436
  650.0000	             -436
  650.2000	             -480
  650.4000	             -455
  650.6000	             -436
  650.8000	             -420
  651.0000	             -470
  651.2000	             -462
  651.4000	             -474
  651.6000	             -475
  651.8000	             -474
  652.0000	             -427
  652.2000	             -484
  652.4000	             -468
  652.6000	             -427
  652.8000	             -418
  653.0000	             -484
  653.2000	             -454
  653.4000	             -436
  653.6000	             -479
  653.8000	             -423
  654.0000	             -454
  654.2000	             -478
  654.4000	             -471
  654.6000	             -484
  654.8000	             -474
  655.0000	             -476
  655.2000	             -487
  655.4000	             -474
  655.6000	             -503
  655.8000	             -464
  656.0000	             -474
  656.2000	             -420
  656.4000	             -473
  656.6000	             -473
  656.8000	             -423
  657.0000	             -481
  657.2000	             -474
  657.4000	             -471
  657.6000	             -472
  657.8000	             -460
  658.0000	             -436
  658.2000	             -436
  658.4000	             -458
  658.6000	             -436
  658.8000	             -458
  659.0000	             -456
  659.2000	             -471
  659.4000	             -433
  659.6000	             -436
  659.8000	             -475
  660.0000	             -451
  660.2000	             -469
  660.4000	             -433
  660.6000	             -487
  660.8000	             -473
  661.0000	             -418
  661.2000	             -473
  661.4000	             -426
  661.6000	             -474
  661.8000	             -437
  662.0000	             -481
  662.2000	             -426
  662.4000	             -478
  662.6000	             -475
  662.8000	             -463
  663.0000	             -483
  663.2000	             -469
  663.4000	             -427
  663.6000	             -474
  663.8000	             -488
  664.0000	             -473
  664.2000	             -487
  664.4000	             -472
  664.6000	             -448
  664.8000	             -457
  665.0000	             -467
  665.2000	             -442
  665.4000	             -467
  665.6000	             -434
  665.8000	             -474
  666.0000	             -475
  666.2000	             -445
  666.4000	             -423
  666.6000	             -484
  666.8000	             -475
  667.0000	             -486
  667.2000	             -471
  667.4000	             -458
  667.6000	             -474
  667.8000	             -462
  668.0000	             -465
  668.2000	             -433
  668.4000	             -475
  668.6000	             -475
  668.8000	             -462
  669.0000	             -423
  669.2000	             -434
  669.4000	             -436
  669.6000	             -473
  669.8000	             -484
  670.0000	             -487
  670.2000	             -433
  670.4000	             -409
  670.6000	             -472
  670.8000	             -468
  671.0000	             -472
  671.2000	             -458
  671.4000	             -458
  671.6000	             -420
  671.8000	             -470
  672.0000	             -429
  672.2000	             -447
  672.4000	             -427
  672.6000	             -429
  672.8000	             -462
  673.0000	             -404
  673.2000	             -469
  673.4000	             -445
  673.6000	             -474
  673.8000	             -471
  674.0000	             -474
  674.2000	             -434
  674.4000	             -471
  674.6000	             -489
  674.8000	             -430
  675.0000	             -446
  675.2000	             -498
  675.4000	             -434
  675.6000	             -489
  675.8000	             -481
  676.0000	             -482
  676.2000	             -487
  676.4000	             -462
  676.6000	             -462
  676.8000	             -485
  677.0000	             -436
  677.2000	             -462
  677.4000	             -475
  677.6000	             -469
  677.8000	             -474
  678.0000	             -485
  678.2000	             -423
  678.4000	             -462
  678.6000	             -462
  678.8000	             -417
  679.0000	             -462
  679.2000	             -389
  679.4000	             -479
  679.6000	             -458
  679.8000	             -481
  680.0000	             -434
  680.2000	             -440
  680.4000	             -477
  680.6000	             -489
  680.8000	             -462
  681.0000	             -488
  681.2000	             -487
  681.4000	             -453
  681.6000	             -489
  681.8000	             -484
  682.0000	             -493
  682.2000	             -433
  682.4000	             -444
  682.6000	             -475
  682.8000	             -471
  683.0000	             -462
  683.2000	             -454
  683.4000	             -438
  683.6000	             -475
  683.8000	             -476
  684.0000	             -469
  684.2000	             -435
  684.4000	             -471
  684.6000	             -473
  684.8000	             -495
  685.0000	             -460
  685.2000	             -485
  685.4000	             -462
  685.6000	             -481
  685.8000	             -474
  686.0000	             -475
  686.2000	             -400
  686.4000	             -490
  686.6000	             -462
  686.8000	             -445
  687.0000	             -419
  687.2000	             -474
  687.4000	             -474
  687.6000	             -487
  687.8000	             -475
  688.0000	             -487
  688.2000	             -436
  688.4000	             -404
  688.6000	             -482
  688.8000	             -436
  689.0000	             -494
  689.2000	             -490
  689.4000	             -418
  689.6000	             -444
  689.8000	             -470
  690.0000	             -433
  690.2000	             -435
  690.4000	             -475
  690.6000	             -472
  690.8000	             -455
  691.0000	             -496
  691.2000	             -489
  691.4000	             -425
  691.6000	             -496
  691.8000	             -390
  692.0000	             -467
  692.2000	             -474
  692.4000	             -429
  692.6000	             -462
  692.8000	             -438
  693.0000	             -470
  693.2000	             -462
  693.4000	             -476
  693.6000	             -487
  693.8000	             -469
  694.0000	             -427
  694.2000	             -471
  694.4000	             -467
  694.6000	             -444
  694.8000	             -482
  695.0000	             -473
  695.2000	             -480
  695.4000	             -451
  695.6000	             -496
  695.8000	             -469
  696.0000	             -485
  696.2000	             -475
  696.4000	             -462
  696.6000	             -411
  696.8000	             -436
  697.0000	             -474
  697.2000	             -495
  697.4000	             -458
  697.6000	             -485
  697.8000	             -487
  698.0000	             -454
  698.2000	             -434
  698.4000	             -463
  698.6000	             -474
  698.8000	             -475
  699.0000	             -495
  699.2000	             -474
  699.4000	             -486
  699.6000	             -479
  699.8000	             -485
  700.0000	             -487
  700.2000	             -419
  700.4000	             -473
  700.6000	             -475
  700.8000	             -484
  701.0000	             -454
  701.2000	             -471
  701.4000	             -487
  701.6000	             -496
  701.8000	             -476
  702.0000	             -474
  702.2000	             -479
  702.4000	             -480
  702.6000	             -469
  702.8000	             -408
  703.0000	             -475
  703.2000	             -476
  703.4000	             -484
  703.6000	             -456
  703.8000	             -461
  704.0000	             -488
  704.2000	             -436
  704.4000	             -455
  704.6000	             -467
  704.8000	             -459
  705.0000	             -475
  705.2000	             -462
  705.4000	             -462
  705.6000	             -478
  705.8000	             -455
  706.0000	             -487
  706.2000	             -437
  706.4000	             -497
  706.6000	             -491
  706.8000	             -457
  707.0000	             -482
  707.2000	             -474
  707.4000	             -463
  707.6000	             -473
  707.8000	             -476
  708.0000	             -475
  708.2000	             -484
  708.4000	             -474
  708.6000	             -459
  708.8000	             -476
  709.0000	             -503
  709.2000	             -430
  709.4000	             -457
  709.6000	             -483
  709.8000	             -470
  710.0000	             -475
  710.2000	             -467
  710.4000	             -427
  710.6000	             -494
  710.8000	             -500
  711.0000	             -456
  711.2000	             -473
  711.4000	             -462
  711.6000	             -471
  711.8000	             -462
  712.0000	             -420
  712.2000	             -438
  712.4000	             -470
  712.6000	             -489
  712.8000	             -462
  713.0000	             -482
  713.2000	             -436
  713.4000	             -474
  713.6000	             -473
  713.8000	             -481
  714.0000	             -489
  714.2000	             -464
  714.4000	             -474
  714.6000	             -486
  714.8000	             -471
  715.0000	             -482
  715.2000	             -432
  715.4000	             -493
  715.6000	             -476
  715.8000	             -440
  716.0000	             -462
  716.2000	             -467
  716.4000	             -437
  716.6000	             -464
  716.8000	             -470
  717.0000	             -438
  717.2000	             -455
  717.4000	             -474
  717.6000	             -474
  717.8000	             -429
  718.0000	             -465
  718.2000	             -474
  718.4000	             -455
  718.6000	             -458
  718.8000	             -462
  719.0000	             -489
  719.2000	             -467
  719.4000	             -445
  719.6000	             -456
  719.8000	             -404
  720.0000	             -482
  720.2000	             -474
  720.4000	             -451
  720.6000	             -404
  720.8000	             -456
  721.0000	             -456
  721.2000	             -476
  721.4000	             -445
  721.6000	             -476
  721.8000	             -491
  722.0000	             -484
  722.2000	             -445
  722.4000	             -474
  722.6000	             -420
  722.8000	             -488
  723.0000	             -474
  723.2000	             -487
  723.4000	             -467
  723.6000	             -502
  723.8000	             -475
  724.0000	             -480
  724.2000	             -462
  724.4000	             -437
  724.6000	             -462
  724.8000	             -418
  725.0000	             -418
  725.2000	             -484
  725.4000	             -462
  725.6000	             -454
  725.8000	             -487
  726.0000	             -425
  726.2000	             -489
  726.4000	             -475
  726.6000	             -490
  726.8000	             -462
  727.0000	             -456
  727.2000	             -470
  727.4000	             -474
  727.6000	             -445
  727.8000	             -475
  728.0000	             -487
  728.2000	             -476
  728.4000	             -471
  728.6000	             -429
  728.8000	             -437
  729.0000	             -436
  729.2000	             -476
  729.4000	             -474
  729.6000	             -475
  729.8000	             -477
  730.0000	             -482
  730.2000	             -472
  730.4000	             -474
  730.6000	             -480
  730.8000	             -437
  731.0000	             -435
  731.2000	             -437
  731.4000	             -451
  731.6000	             -482
  731.8000	             -481
  732.0000	             -476
  732.2000	             -435
  732.4000	             -487
  732.6000	             -437
  732.8000	             -473
  733.0000	             -487
  733.2000	             -487
  733.4000	             -475
  733.6000	             -433
  733.8000	             -419
  734.0000	             -462
  734.2000	             -455
  734.4000	             -427
  734.6000	             -488
  734.8000	             -465
  735.0000	             -427
  735.2000	             -419
  735.4000	             -435
  735.6000	             -485
  735.8000	             -465
  736.0000	             -469
  736.2000	             -490
  736.4000	             -469
  736.6000	             -420
  736.8000	             -420
  737.0000	             -483
  737.2000	             -433
  737.4000	             -494
  737.6000	             -436
  737.8000	             -455
  738.0000	             -473
  738.2000	             -474
  738.4000	             -420
  738.6000	             -438
  738.8000	             -493
  739.0000	             -494
  739.2000	             -487
  739.4000	             -475
  739.6000	             -474
  739.8000	             -474
  740.0000	             -474
  740.2000	             -436
  740.4000	             -462
  740.6000	             -462
  740.8000	             -472
  741.0000	             -436
  741.2000	             -487
  741.4000	             -487
  741.6000	             -474
  741.8000	             -487
  742.0000	             -469
  742.2000	             -474
  742.4000	             -474
  742.6000	             -455
  742.8000	             -481
  743.0000	             -467
  743.2000	             -462
  743.4000	             -454
  743.6000	             -462
  743.8000	             -476
  744.0000	             -451
  744.2000	             -488
  744.4000	             -462
  744.6000	             -462
  744.8000	             -473
  745.0000	             -420
  745.2000	             -475
  745.4000	             -455
  745.6000	             -456
  745.8000	             -469
  746.0000	             -427
  746.2000	             -423
  746.4000	             -462
  746.6000	             -473
  746.8000	             -427
  747.0000	             -501
  747.2000	             -420
  747.4000	             -468
  747.6000	             -471
  747.8000	             -462
  748.0000	             -485
  748.2000	             -427
  748.4000	             -485
  748.6000	             -472
  748.8000	             -433
  749.0000	             -474
  749.2000	             -451
  749.4000	             -485
  749.6000	             -475
  749.8000	             -462
  750.0000	             -440
  750.2000	             -412
  750.4000	             -170
  750.6000	             -451
  750.8000	             -473
  751.0000	             -469
  751.2000	             -401
  751.4000	             -399
  751.6000	             -473
  751.8000	             -404
  752.0000	             -437
  752.2000	             -467
  752.4000	             -462
  752.6000	             -475
  752.8000	             -436
  753.0000	             -384
  753.2000	             -467
  753.4000	             -436
  753.6000	             -401
  753.8000	             -487
  754.0000	             -495
  754.2000	             -462
  754.4000	             -474
  754.6000	             -477
  754.8000	             -476
  755.0000	             -461
  755.2000	             -484
  755.4000	             -462
  755.6000	             -459
  755.8000	             -472
  756.0000	             -471
  756.2000	             -437
  756.4000	             -408
  756.6000	             -456
  756.8000	             -470
  757.0000	             -484
  757.2000	             -465
  757.4000	             -485
  757.6000	             -474
  757.8000	             -429
  758.0000	             -487
  758.2000	             -434
  758.4000	             -437
  758.6000	             -463
  758.8000	             -465
  759.0000	             -471
  759.2000	             -451
  759.4000	             -408
  759.6000	             -485
  759.8000	             -475
  760.0000	             -466
  760.2000	             -455
  760.4000	             -493
  760.6000	             -474
  760.8000	             -456
  761.0000	             -500
  761.2000	             -436
  761.4000	             -469
  761.6000	             -483
  761.8000	             -474
  762.0000	             -474
  762.2000	             -462
  762.4000	             -474
  762.6000	             -462
  762.8000	             -437
  763.0000	             -456
  763.2000	             -462
  763.4000	             -448
  763.6000	             -464
  763.8000	             -491
  764.0000	             -474
  764.2000	             -474
  764.4000	             -480
  764.6000	             -483
  764.8000	             -462
  765.0000	             -456
  765.2000	             -486
  765.4000	             -474
  765.6000	             -474
  765.8000	             -496
  766.0000	             -487
  766.2000	             -480
  766.4000	             -458
  766.6000	             -485
  766.8000	             -470
  767.0000	             -418
  767.2000	             -470
  767.4000	             -482
  767.6000	             -419
  767.8000	             -499
  768.0000	             -473
  768.2000	             -469
  768.4000	             -455
  768.6000	             -492
  768.8000	             -471
  769.0000	             -462
  769.2000	             -487
  769.4000	             -474
  769.6000	             -458
  769.8000	             -496
  770.0000	             -457
  770.2000	             -465
  770.4000	             -484
  770.6000	             -488
  770.8000	             -451
  771.0000	             -419
  771.2000	             -394
  771.4000	             -438
  771.6000	             -474
  771.8000	             -450
  772.0000	             -474
  772.2000	             -489
  772.4000	             -378
  772.6000	             -462
  772.8000	             -484
  773.0000	             -440
  773.2000	             -474
  773.4000	             -462
  773.6000	             -474
  773.8000	             -474
  774.0000	             -478
  774.2000	             -474
  774.4000	             -487
  774.6000	             -467
  774.8000	             -473
  775.0000	             -469
  775.2000	             -456
  775.4000	             -438
  775.6000	             -462
  775.8000	             -462
  776.0000	             -476
  776.2000	             -437
  776.4000	             -469
  776.6000	             -474
  776.8000	             -471
  777.0000	             -496
  777.2000	             -484
  777.4000	             -465
  777.6000	             -489
  777.8000	             -474
  778.0000	             -478
  778.2000	             -489
  778.4000	             -462
  778.6000	             -484
  778.8000	             -480
  779.0000	             -458
  779.2000	             -474
  779.4000	             -408
  779.6000	             -473
  779.8000	             -471
  780.0000	             -481
  780.2000	             -476
  780.4000	             -449
  780.6000	             -468
  780.8000	             -476
  781.0000	             -487
  781.2000	             -429
  781.4000	             -440
  781.6000	             -465
  781.8000	             -487
  782.0000	             -462
  782.2000	             -498
  782.4000	             -451
  782.6000	             -469
  782.8000	             -438
  783.0000	             -475
  783.2000	             -462
  783.4000	             -437
  783.6000	             -445
  783.8000	             -480
  784.0000	             -475
  784.2000	             -447
  784.4000	             -481
  784.6000	             -475
  784.8000	             -488
  785.0000	             -475
  785.2000	             -474
  785.4000	             -462
  785.6000	             -496
  785.8000	             -487
  786.0000	             -471
  786.2000	             -423
  786.4000	             -471
  786.6000	             -485
  786.8000	             -475
  787.0000	             -459
  787.2000	             -423
  787.4000	             -471
  787.6000	             -423
  787.8000	             -487
  788.0000	             -474
  788.2000	             -471
  788.4000	             -496
  788.6000	             -481
  788.8000	             -443
  789.0000	             -494
  789.2000	             -462
  789.4000	             -471
  789.6000	             -513
  789.8000	             -461
  790.0000	             -474
  790.2000	             -484
  790.4000	             -504
  790.6000	             -482
  790.8000	             -485
  791.0000	             -472
  791.2000	             -474
  791.4000	             -423
  791.6000	             -462
  791.8000	             -473
  792.0000	             -455
  792.2000	             -485
  792.4000	             -462
  792.6000	             -462
  792.8000	             -427
  793.0000	             -491
  793.2000	             -473
  793.4000	             -429
  793.6000	             -462
  793.8000	             -476
  794.0000	             -496
  794.2000	             -474
  794.4000	             -475
  794.6000	             -487
  794.8000	             -411
  795.0000	             -475
  795.2000	             -470
  795.4000	             -427
  795.6000	             -442
  795.8000	             -462
  796.0000	             -435
  796.2000	             -484
  796.4000	             -454
  796.6000	             -474
  796.8000	             -474
  797.0000	             -462
  797.2000	             -485
  797.4000	             -474
  797.6000	             -474
  797.8000	             -442
  798.0000	             -471
  798.2000	             -474
  798.4000	             -494
  798.6000	             -462
  798.8000	             -473
  799.0000	             -433
  799.2000	             -469
  799.4000	             -463
  799.6000	             -487
  799.8000	             -476
  800.0000	             -420
  800.2000	             -476
  800.4000	             -423
  800.6000	             -460
  800.8000	             -480
  801.0000	             -455
  801.2000	             -456
  801.4000	             -445
  801.6000	             -491
  801.8000	             -481
  802.0000	             -477
  802.2000	             -474
  802.4000	             -487
  802.6000	             -462
  802.8000	             -497
  803.0000	             -475
  803.2000	             -474
  803.4000	             -483
  803.6000	             -483
  803.8000	             -473
  804.0000	             -435
  804.2000	             -420
  804.4000	             -482
  804.6000	             -481
  804.8000	             -494
  805.0000	             -474
