  600.0000	             -469
  600.2000	             -462
  600.4000	             -473
  600.6000	             -471
  600.8000	             -501
  601.0000	             -487
  601.2000	             -482
  601.4000	             -438
  601.6000	             -419
  601.8000	             -480
  602.0000	             -477
  602.2000	             -471
  602.4000	             -445
  602.6000	             -467
  602.8000	             -471
  603.0000	             -419
  603.2000	             -475
  603.4000	             -457
  603.6000	             -473
  603.8000	             -476
  604.0000	             -474
  604.2000	             -462
  604.4000	             -473
  604.6000	             -487
  604.8000	             -471
  605.0000	             -495
  605.2000	             -420
  605.4000	             -480
  605.6000	             -474
  605.8000	             -474
  606.0000	             -473
  606.2000	             -436
  606.4000	             -458
  606.6000	             -497
  606.8000	             -462
  607.0000	             -488
  607.2000	             -462
  607.4000	             -481
  607.6000	             -434
  607.8000	             -462
  608.0000	             -438
  608.2000	             -462
  608.4000	             -474
  608.6000	             -487
  608.8000	             -470
  609.0000	             -471
  609.2000	             -475
  609.4000	             -496
  609.6000	             -419
  609.8000	             -494
  610.0000	             -471
  610.2000	             -482
  610.4000	             -485
  610.6000	             -484
  610.8000	             -429
  611.0000	             -473
  611.2000	             -437
  611.4000	             -453
  611.6000	             -470
  611.8000	             -476
  612.0000	             -456
  612.2000	             -474
  612.4000	             -436
  612.6000	             -474
  612.8000	             -453
  613.0000	             -476
  613.2000	             -505
  613.4000	             -427
  613.6000	             -481
  613.8000	             -420
  614.0000	             -458
  614.2000	             -479
  614.4000	             -434
  614.6000	             -474
  614.8000	             -404
  615.0000	             -476
  615.2000	             -425
  615.4000	             -427
  615.6000	             -474
  615.8000	             -455
  616.0000	             -485
  616.2000	             -469
  616.4000	             -477
  616.6000	             -487
  616.8000	             -499
  617.0000	             -475
  617.2000	             -487
  617.4000	             -494
  617.6000	             -503
  617.8000	             -491
  618.0000	             -462
  618.2000	             -480
  618.4000	             -494
  618.6000	             -475
  618.8000	             -462
  619.0000	             -474
  619.2000	             -472
  619.4000	             -455
  619.6000	             -502
  619.8000	             -486
  620.0000	             -487
  620.2000	             -467
  620.4000	             -482
  620.6000	             -456
  620.8000	             -471
  621.0000	             -469
  621.2000	             -471
  621.4000	             -401
  621.6000	             -418
  621.8000	             -482
  622.0000	             -440
  622.2000	             -471
  622.4000	             -497
  622.6000	             -487
  622.8000	             -471
  623.0000	             -499
  623.2000	             -457
  623.4000	             -462
  623.6000	             -462
  623.8000	             -475
  624.0000	             -455
  624.2000	             -460
  624.4000	             -482
  624.6000	             -478
  624.8000	             -437
  625.0000	             -458
  625.2000	             -471
  625.4000	             -487
  625.6000	             -455
  625.8000	             -451
  626.0000	             -498
  626.2000	             -420
  626.4000	             -462
  626.6000	             -460
  626.8000	             -480
  627.0000	             -459
  627.2000	             -480
  627.4000	             -462
  627.6000	             -479
  627.8000	             -484
  628.0000	             -475
  628.2000	             -474
  628.4000	             -468
  628.6000	             -485
  628.8000	             -487
  629.0000	             -423
  629.2000	             -474
  629.4000	             -487
  629.6000	             -423
  629.8000	             -485
  630.0000	             -482
  630.2000	             -459
  630.4000	             -462
  630.6000	             -418
  630.8000	             -497
  631.0000	             -497
  631.2000	             -470
  631.4000	             -476
  631.6000	             -475
  631.8000	             -471
  632.0000	             -474
  632.2000	             -487
  632.4000	             -475
  632.6000	             -483
  632.8000	             -499
  633.0000	             -462
  633.2000	             -474
  633.4000	             -436
  633.6000	             -495
  633.8000	             -423
  634.0000	             -423
  634.2000	             -486
  634.4000	             -419
  634.6000	             -475
  634.8000	             -499
  635.0000	             -498
  635.2000	             -423
  635.4000	             -481
  635.6000	             -482
  635.8000	             -469
  636.0000	             -465
  636.2000	             -484
  636.4000	             -475
  636.6000	             -434
  636.8000	             -456
  637.0000	             -436
  637.2000	             -445
  637.4000	             -495
  637.6000	             -475
  637.8000	             -475
  638.0000	             -436
  638.2000	             -461
  638.4000	             -474
  638.6000	             -492
  638.8000	             -469
  639.0000	             -487
  639.2000	             -485
  639.4000	             -488
  639.6000	             -462
  639.8000	             -437
  640.0000	             -474
  640.2000	             -469
  640.4000	             -436
  640.6000	             -469
  640.8000	             -487
  641.0000	             -420
  641.2000	             -482
  641.4000	             -474
  641.6000	             -475
  641.8000	             -420
  642.0000	             -474
  642.2000	             -487
  642.4000	             -455
  642.6000	             -464
  642.8000	             -416
  643.0000	             -451
  643.2000	             -461
  643.4000	             -474
  643.6000	             -484
  643.8000	             -455
  644.0000	             -418
  644.2000	             -419
  644.4000	             -458
  644.6000	             -456
  644.8000	             -474
  645.0000	             -488
  645.2000	             -485
  645.4000	             -474
  645.6000	             -471
  645.8000	             -460
  646.0000	             -473
  646.2000	             -455
  646.4000	             -437
  646.6000	             -467
  646.8000	             -480
  647.0000	             -419
  647.2000	             -436
  647.4000	             -458
  647.6000	             -462
  647.8000	             -425
  648.0000	             -482
  648.2000	             -462
  648.4000	             -484
  648.6000	             -487
  648.8000	             -487
  649.0000	             -384
  649.2000	             -457
  649.4000	             -436
  649.6000	             -481
  649.8000	             -427
  650.0000	             -471
  650.2000	             -487
  650.4000	             -423
  650.6000	             -471
  650.8000	             -474
  651.0000	             -474
  651.2000	             -474
  651.4000	             -502
  651.6000	             -474
  651.8000	             -462
  652.0000	             -494
  652.2000	             -425
  652.4000	             -476
  652.6000	             -463
  652.8000	             -494
  653.0000	             -416
  653.2000	             -494
  653.4000	             -494
  653.6000	             -436
  653.8000	             -462
  654.0000	             -462
  654.2000	             -476
  654.4000	             -435
  654.6000	             -487
  654.8000	             -455
  655.0000	             -484
  655.2000	             -419
  655.4000	             -476
  655.6000	             -455
  655.8000	             -480
  656.0000	             -475
  656.2000	             -462
  656.4000	             -482
  656.6000	             -427
  656.8000	             -486
  657.0000	             -459
  657.2000	             -477
  657.4000	             -477
  657.6000	             -477
  657.8000	             -444
  658.0000	             -477
  658.2000	             -445
  658.4000	             -489
  658.6000	             -433
  658.8000	             -448
  659.0000	             -426
  659.2000	             -458
  659.4000	             -474
  659.6000	             -474
  659.8000	             -461
  660.0000	             -475
  660.2000	             -427
  660.4000	             -471
  660.6000	             -420
  660.8000	             -473
  661.0000	             -465
  661.2000	             -488
  661.4000	             -474
  661.6000	             -502
  661.8000	             -454
  662.0000	             -475
  662.2000	             -475
  662.4000	             -416
  662.6000	             -487
  662.8000	             -471
  663.0000	             -435
  663.2000	             -475
  663.4000	             -474
  663.6000	             -483
  663.8000	             -473
  664.0000	             -406
  664.2000	             -465
  664.4000	             -487
  664.6000	             -437
  664.8000	             -463
  665.0000	             -487
  665.2000	             -482
  665.4000	             -418
  665.6000	             -462
  665.8000	             -457
  666.0000	             -497
  666.2000	             -440
  666.4000	             -484
  666.6000	             -481
  666.8000	             -459
  667.0000	             -485
  667.2000	             -479
  667.4000	             -427
  667.6000	             -481
  667.8000	             -476
  668.0000	             -436
  668.2000	             -472
  668.4000	             -475
  668.6000	             -455
  668.8000	             -433
  669.0000	             -436
  669.2000	             -462
  669.4000	             -434
  669.6000	             -475
  669.8000	             -484
  670.0000	             -494
  670.2000	             -474
  670.4000	             -475
  670.6000	             -476
  670.8000	             -462
  671.0000	             -436
  671.2000	             -470
  671.4000	             -434
  671.6000	             -468
  671.8000	             -487
  672.0000	             -437
  672.2000	             -474
  672.4000	             -474
  672.6000	             -420
  672.8000	             -436
  673.0000	             -469
  673.2000	             -420
  673.4000	             -487
  673.6000	             -433
  673.8000	             -462
  674.0000	             -404
  674.2000	             -469
  674.4000	             -490
  674.6000	             -477
  674.8000	             -472
  675.0000	             -487
  675.2000	             -462
  675.4000	             -458
  675.6000	             -474
  675.8000	             -455
  676.0000	             -474
  676.2000	             -419
  676.4000	             -468
  676.6000	             -475
  676.8000	             -459
  677.0000	             -438
  677.2000	             -434
  677.4000	             -436
  677.6000	             -404
  677.8000	             -455
  678.0000	             -419
  678.2000	             -471
  678.4000	             -494
  678.6000	             -469
  678.8000	             -433
  679.0000	             -427
  679.2000	             -475
  679.4000	             -499
  679.6000	             -445
  679.8000	             -420
  680.0000	             -476
  680.2000	             -481
  680.4000	             -474
  680.6000	             -434
  680.8000	             -427
  681.0000	             -462
  681.2000	             -481
  681.4000	             -497
  681.6000	             -471
  681.8000	             -420
  682.0000	             -419
  682.2000	             -487
  682.4000	             -463
  682.6000	             -465
  682.8000	             -484
  683.0000	             -500
  683.2000	             -437
  683.4000	             -443
  683.6000	             -476
  683.8000	             -463
  684.0000	             -501
  684.2000	             -475
  684.4000	             -487
  684.6000	             -479
  684.8000	             -484
  685.0000	             -451
  685.2000	             -475
  685.4000	             -449
  685.6000	             -470
  685.8000	             -482
  686.0000	             -487
  686.2000	             -427
  686.4000	             -477
  686.6000	             -462
  686.8000	             -474
  687.0000	             -471
  687.2000	             -487
  687.4000	             -467
  687.6000	             -487
  687.8000	             -436
  688.0000	             -419
  688.2000	             -489
  688.4000	             -479
  688.6000	             -427
  688.8000	             -481
  689.0000	             -433
  689.2000	             -418
  689.4000	             -475
  689.6000	             -484
  689.8000	             -485
  690.0000	             -458
  690.2000	             -491
  690.4000	             -474
  690.6000	             -471
  690.8000	             -423
  691.0000	             -474
  691.2000	             -487
  691.4000	             -475
  691.6000	             -485
  691.8000	             -473
  692.0000	             -487
  692.2000	             -462
  692.4000	             -474
  692.6000	             -474
  692.8000	             -436
  693.0000	             -429
  693.2000	             -437
  693.4000	             -489
  693.6000	             -485
  693.8000	             -470
  694.0000	             -471
  694.2000	             -454
  694.4000	             -476
  694.6000	             -478
  694.8000	             -455
  695.0000	             -418
  695.2000	             -440
  695.4000	             -427
  695.6000	             -473
  695.8000	             -475
  696.0000	             -474
  696.2000	             -412
  696.4000	             -470
  696.6000	             -433
  696.8000	             -460
  697.0000	             -445
  697.2000	             -476
  697.4000	             -474
  697.6000	             -471
  697.8000	             -462
  698.0000	             -471
  698.2000	             -487
  698.4000	             -487
  698.6000	             -480
  698.8000	             -499
  699.0000	             -423
  699.2000	             -427
  699.4000	             -482
  699.6000	             -488
  699.8000	             -482
  700.0000	             -436
  700.2000	             -475
  700.4000	             -488
  700.6000	             -474
  700.8000	             -487
  701.0000	             -463
  701.2000	             -476
  701.4000	             -487
  701.6000	             -471
  701.8000	             -484
  702.0000	             -497
  702.2000	             -462
  702.4000	             -469
  702.6000	             -462
  702.8000	             -465
  703.0000	             -475
  703.2000	             -489
  703.4000	             -416
  703.6000	             -459
  703.8000	             -462
  704.0000	             -436
  704.2000	             -427
  704.4000	             -482
  704.6000	             -404
  704.8000	             -489
  705.0000	             -473
  705.2000	             -471
  705.4000	             -476
  705.6000	             -469
  705.8000	             -472
  706.0000	             -423
  706.2000	             -458
  706.4000	             -476
  706.6000	             -472
  706.8000	             -429
  707.0000	             -487
  707.2000	             -501
  707.4000	             -500
  707.6000	             -496
  707.8000	             -434
  708.0000	             -483
  708.2000	             -476
  708.4000	             -484
  708.6000	             -487
  708.8000	             -476
  709.0000	             -487
  709.2000	             -474
  709.4000	             -429
  709.6000	             -474
  709.8000	             -459
  710.0000	             -474
  710.2000	             -474
  710.4000	             -463
  710.6000	             -459
  710.8000	             -455
  711.0000	             -494
  711.2000	             -420
  711.4000	             -481
  711.6000	             -458
  711.8000	             -469
  712.0000	             -473
  712.2000	             -480
  712.4000	             -487
  712.6000	             -467
  712.8000	             -462
  713.0000	             -499
  713.2000	             -472
  713.4000	             -459
  713.6000	             -420
  713.8000	             -442
  714.0000	             -485
  714.2000	             -455
  714.4000	             -471
  714.6000	             -471
  714.8000	             -489
  715.0000	             -471
  715.2000	             -436
  715.4000	             -462
  715.6000	             -456
  715.8000	             -436
  716.0000	             -471
  716.2000	             -472
  716.4000	             -455
  716.6000	             -472
  716.8000	             -494
  717.0000	             -476
  717.2000	             -433
  717.4000	             -455
  717.6000	             -489
  717.8000	             -489
  718.0000	             -475
  718.2000	             -457
  718.4000	             -429
  718.6000	             -476
  718.8000	             -482
  719.0000	             -472
  719.2000	             -474
  719.4000	             -455
  719.6000	             -423
  719.8000	             -408
  720.0000	             -462
  720.2000	             -487
  720.4000	             -481
  720.6000	             -406
  720.8000	             -434
  721.0000	             -496
  721.2000	             -503
  721.4000	             -485
  721.6000	             -436
  721.8000	             -469
  722.0000	             -494
  722.2000	             -462
  722.4000	             -489
  722.6000	             -494
  722.8000	             -438
  723.0000	             -454
  723.2000	             -470
  723.4000	             -485
  723.6000	             -462
  723.8000	             -472
  724.0000	             -494
  724.2000	             -434
  724.4000	             -473
  724.6000	             -471
  724.8000	             -492
  725.0000	             -483
  725.2000	             -469
  725.4000	             -462
  725.6000	             -475
  725.8000	             -476
  726.0000	             -478
  726.2000	             -457
  726.4000	             -476
  726.6000	             -480
  726.8000	             -487
  727.0000	             -485
  727.2000	             -474
  727.4000	             -466
  727.6000	             -487
  727.8000	             -419
  728.0000	             -455
  728.2000	             -451
  728.4000	             -462
  728.6000	             -489
  728.8000	             -487
  729.0000	             -472
  729.2000	             -437
  729.4000	             -472
  729.6000	             -487
  729.8000	             -475
  730.0000	             -472
  730.2000	             -462
  730.4000	             -482
  730.6000	             -462
  730.8000	             -389
  731.0000	             -455
  731.2000	             -435
  731.4000	             -474
  731.6000	             -471
  731.8000	             -477
  732.0000	             -472
  732.2000	             -434
  732.4000	             -481
  732.6000	             -463
  732.8000	             -457
  733.0000	             -433
  733.2000	             -462
  733.4000	             -399
  733.6000	             -476
  733.8000	             -494
  734.0000	             -479
  734.2000	             -464
  734.4000	             -404
  734.6000	             -474
  734.8000	             -471
  735.0000	             -475
  735.2000	             -437
  735.4000	             -470
  735.6000	             -427
  735.8000	             -501
  736.0000	             -412
  736.2000	             -436
  736.4000	             -475
  736.6000	             -481
  736.8000	             -480
  737.0000	             -477
  737.2000	             -480
  737.4000	             -457
  737.6000	             -475
  737.8000	             -496
  738.0000	             -475
  738.2000	             -473
  738.4000	             -421
  738.6000	             -475
  738.8000	             -476
  739.0000	             -500
  739.2000	             -475
  739.4000	             -440
  739.6000	             -483
  739.8000	             -484
  740.0000	             -489
  740.2000	             -469
  740.4000	             -493
  740.6000	             -437
  740.8000	             -451
  741.0000	             -475
  741.2000	             -429
  741.4000	             -462
  741.6000	             -471
  741.8000	             -485
  742.0000	             -468
  742.2000	             -460
  742.4000	             -465
  742.6000	             -475
  742.8000	             -432
  743.0000	             -436
  743.2000	             -462
  743.4000	             -427
  743.6000	             -497
  743.8000	             -425
  744.0000	             -477
  744.2000	             -427
  744.4000	             -475
  744.6000	             -483
  744.8000	             -465
  745.0000	             -475
  745.2000	             -474
  745.4000	             -474
  745.6000	             -476
  745.8000	             -482
  746.0000	             -456
  746.2000	             -474
  746.4000	             -474
  746.6000	             -474
  746.8000	             -416
  747.0000	             -458
  747.2000	             -400
  747.4000	             -462
  747.6000	             -433
  747.8000	             -482
  748.0000	             -433
  748.2000	             -462
  748.4000	             -434
  748.6000	             -487
  748.8000	             -445
  749.0000	             -450
  749.2000	             -482
  749.4000	             -474
  749.6000	             -472
  749.8000	             -436
  750.0000	             -455
  750.2000	             -438
  750.4000	             -236
  750.6000	             -427
  750.8000	             -471
  751.0000	             -450
  751.2000	             -476
  751.4000	             -369
  751.6000	             -472
  751.8000	             -487
  752.0000	             -470
  752.2000	             -435
  752.4000	             -488
  752.6000	             -467
  752.8000	             -469
  753.0000	             -477
  753.2000	             -486
  753.4000	             -474
  753.6000	             -482
  753.8000	             -487
  754.0000	             -476
  754.2000	             -485
  754.4000	             -455
  754.6000	             -487
  754.8000	             -462
  755.0000	             -493
  755.2000	             -487
  755.4000	             -462
  755.6000	             -469
  755.8000	             -445
  756.0000	             -488
  756.2000	             -468
  756.4000	             -474
  756.6000	             -475
  756.8000	             -422
  757.0000	             -434
  757.2000	             -467
  757.4000	             -423
  757.6000	             -404
  757.8000	             -462
  758.0000	             -427
  758.2000	             -468
  758.4000	             -484
  758.6000	             -459
  758.8000	             -418
  759.0000	             -489
  759.2000	             -474
  759.4000	             -462
  759.6000	             -462
  759.8000	             -471
  760.0000	             -485
  760.2000	             -472
  760.4000	             -436
  760.6000	             -477
  760.8000	             -453
  761.0000	             -427
  761.2000	             -502
  761.4000	             -462
  761.6000	             -474
  761.8000	             -474
  762.0000	             -474
  762.2000	             -470
  762.4000	             -432
  762.6000	             -476
  762.8000	             -470
  763.0000	             -489
  763.2000	             -474
  763.4000	             -424
  763.6000	             -456
  763.8000	             -462
  764.0000	             -473
  764.2000	             -462
  764.4000	             -474
  764.6000	             -486
  764.8000	             -495
  765.0000	             -394
  765.2000	             -427
  765.4000	             -458
  765.6000	             -437
  765.8000	             -423
  766.0000	             -451
  766.2000	             -499
  766.4000	             -475
  766.6000	             -401
  766.8000	             -489
  767.0000	             -437
  767.2000	             -406
  767.4000	             -419
  767.6000	             -437
  767.8000	             -474
  768.0000	             -477
  768.2000	             -436
  768.4000	             -455
  768.6000	             -476
  768.8000	             -420
  769.0000	             -478
  769.2000	             -489
  769.4000	             -487
  769.6000	             -435
  769.8000	             -474
  770.0000	             -434
  770.2000	             -490
  770.4000	             -496
  770.6000	             -449
  770.8000	             -446
  771.0000	             -462
  771.2000	             -487
  771.4000	             -487
  771.6000	             -470
  771.8000	             -469
  772.0000	             -475
  772.2000	             -456
  772.4000	             -415
  772.6000	             -462
  772.8000	             -496
  773.0000	             -477
  773.2000	             -495
  773.4000	             -454
  773.6000	             -488
  773.8000	             -487
  774.0000	             -437
  774.2000	             -480
  774.4000	             -462
  774.6000	             -489
  774.8000	             -437
  775.0000	             -435
  775.2000	             -487
  775.4000	             -474
  775.6000	             -434
  775.8000	             -475
  776.0000	             -462
  776.2000	             -487
  776.4000	             -475
  776.6000	             -487
  776.8000	             -484
  777.0000	             -462
  777.2000	             -404
  777.4000	             -474
  777.6000	             -462
  777.8000	             -494
  778.0000	             -462
  778.2000	             -451
  778.4000	             -462
  778.6000	             -471
  778.8000	             -468
  779.0000	             -483
  779.2000	             -476
  779.4000	             -462
  779.6000	             -491
  779.8000	             -425
  780.0000	             -419
  780.2000	             -453
  780.4000	             -470
  780.6000	             -473
  780.8000	             -475
  781.0000	             -462
  781.2000	             -455
  781.4000	             -471
  781.6000	             -487
  781.8000	             -474
  782.0000	             -464
  782.2000	             -475
  782.4000	             -476
  782.6000	             -477
  782.8000	             -436
  783.0000	             -420
  783.2000	             -434
  783.4000	             -474
  783.6000	             -487
  783.8000	             -459
  784.0000	             -487
  784.2000	             -482
  784.4000	             -450
  784.6000	             -476
  784.8000	             -499
  785.0000	             -482
  785.2000	             -474
  785.4000	             -437
  785.6000	             -488
  785.8000	             -479
  786.0000	             -434
  786.2000	             -408
  786.4000	             -462
  786.6000	             -462
  786.8000	             -480
  787.0000	             -476
  787.2000	             -473
  787.4000	             -423
  787.6000	             -496
  787.8000	             -474
  788.0000	             -474
  788.2000	             -470
  788.4000	             -425
  788.6000	             -451
  788.8000	             -483
  789.0000	             -490
  789.2000	             -487
  789.4000	             -457
  789.6000	             -451
  789.8000	             -429
  790.0000	             -436
  790.2000	             -462
  790.4000	             -471
  790.6000	             -472
  790.8000	             -500
  791.0000	             -474
  791.2000	             -476
  791.4000	             -429
  791.6000	             -476
  791.8000	             -472
  792.0000	             -436
  792.2000	             -497
  792.4000	             -457
  792.6000	             -418
  792.8000	             -479
  793.0000	             -498
  793.2000	             -491
  793.4000	             -489
  793.6000	             -423
  793.8000	             -396
  794.0000	             -457
  794.2000	             -481
  794.4000	             -473
  794.6000	             -480
  794.8000	             -447
  795.0000	             -482
  795.2000	             -436
  795.4000	             -481
  795.6000	             -499
  795.8000	             -462
  796.0000	             -504
  796.2000	             -474
  796.4000	             -458
  796.6000	             -436
  796.8000	             -496
  797.0000	             -473
  797.2000	             -480
  797.4000	             -501
  797.6000	             -496
  797.8000	             -429
  798.0000	             -472
  798.2000	             -494
  798.4000	             -467
  798.6000	             -490
  798.8000	             -477
  799.0000	             -487
  799.2000	             -495
  799.4000	             -390
  799.6000	             -473
  799.8000	             -481
  800.0000	             -481
  800.2000	             -463
  800.4000	             -453
  800.6000	             -442
  800.8000	             -474
  801.0000	             -454
  801.2000	             -469
  801.4000	             -474
  801.6000	             -440
  801.8000	             -475
  802.0000	             -475
  802.2000	             -458
  802.4000	             -465
  802.6000	             -476
  802.8000	             -466
  803.0000	             -487
  803.2000	             -408
  803.4000	             -487
  803.6000	             -471
  803.8000	             -436
  804.0000	             -471
  804.2000	             -475
  804.4000	             -474
  804.6000	             -481
  804.8000	             -484
  805.0000	             -458
