  600.0000	             -462
  600.2000	             -477
  600.4000	             -497
  600.6000	             -404
  600.8000	             -482
  601.0000	             -474
  601.2000	             -437
  601.4000	             -500
  601.6000	             -488
  601.8000	             -469
  602.0000	             -476
  602.2000	             -480
  602.4000	             -482
  602.6000	             -485
  602.8000	             -481
  603.0000	             -471
  603.2000	             -479
  603.4000	             -455
  603.6000	             -470
  603.8000	             -418
  604.0000	             -487
  604.2000	             -476
  604.4000	             -499
  604.6000	             -471
  604.8000	             -463
  605.0000	             -462
  605.2000	             -462
  605.4000	             -425
  605.6000	             -471
  605.8000	             -477
  606.0000	             -455
  606.2000	             -473
  606.4000	             -476
  606.6000	             -485
  606.8000	             -469
  607.0000	             -499
  607.2000	             -484
  607.4000	             -436
  607.6000	             -474
  607.8000	             -440
  608.0000	             -471
  608.2000	             -462
  608.4000	             -496
  608.6000	             -480
  608.8000	             -476
  609.0000	             -487
  609.2000	             -420
  609.4000	             -473
  609.6000	             -462
  609.8000	             -487
  610.0000	             -480
  610.2000	             -488
  610.4000	             -494
  610.6000	             -474
  610.8000	             -493
  611.0000	             -438
  611.2000	             -479
  611.4000	             -420
  611.6000	             -476
  611.8000	             -462
  612.0000	             -474
  612.2000	             -471
  612.4000	             -469
  612.6000	             -476
  612.8000	             -419
  613.0000	             -481
  613.2000	             -476
  613.4000	             -459
  613.6000	             -483
  613.8000	             -471
  614.0000	             -496
  614.2000	             -429
  614.4000	             -471
  614.6000	             -476
  614.8000	             -472
  615.0000	             -496
  615.2000	             -501
  615.4000	             -451
  615.6000	             -482
  615.8000	             -447
  616.0000	             -476
  616.2000	             -488
  616.4000	             -425
  616.6000	             -445
  616.8000	             -501
  617.0000	             -478
  617.2000	             -487
  617.4000	             -479
  617.6000	             -469
  617.8000	             -437
  618.0000	             -462
  618.2000	             -501
  618.4000	             -487
  618.6000	             -475
  618.8000	             -473
  619.0000	             -435
  619.2000	             -436
  619.4000	             -418
  619.6000	             -408
  619.8000	             -463
  620.0000	             -499
  620.2000	             -389
  620.4000	             -489
  620.6000	             -496
  620.8000	             -420
  621.0000	             -499
  621.2000	             -474
  621.4000	             -482
  621.6000	             -469
  621.8000	             -474
  622.0000	             -437
  622.2000	             -468
  622.4000	             -487
  622.6000	             -434
  622.8000	             -466
  623.0000	             -485
  623.2000	             -493
  623.4000	             -471
  623.6000	             -424
  623.8000	             -495
  624.0000	             -495
  624.2000	             -490
  624.4000	             -475
  624.6000	             -455
  624.8000	             -487
  625.0000	             -427
  625.2000	             -461
  625.4000	             -496
  625.6000	             -419
  625.8000	             -475
  626.0000	             -494
  626.2000	             -470
  626.4000	             -487
  626.6000	             -463
  626.8000	             -474
  627.0000	             -420
  627.2000	             -473
  627.4000	             -438
  627.6000	             -482
  627.8000	             -418
  628.0000	             -480
  628.2000	             -473
  628.4000	             -479
  628.6000	             -484
  628.8000	             -478
  629.0000	             -473
  629.2000	             -494
  629.4000	             -494
  629.6000	             -494
  629.8000	             -476
  630.0000	             -458
  630.2000	             -473
  630.4000	             -469
  630.6000	             -479
  630.8000	             -474
  631.0000	             -487
  631.2000	             -494
  631.4000	             -482
  631.6000	             -462
  631.8000	             -426
  632.0000	             -488
  632.2000	             -474
  632.4000	             -496
  632.6000	             -482
  632.8000	             -476
  633.0000	             -482
  633.2000	             -474
  633.4000	             -419
  633.6000	             -458
  633.8000	             -418
  634.0000	             -474
  634.2000	             -456
  634.4000	             -476
  634.6000	             -481
  634.8000	             -419
  635.0000	             -423
  635.2000	             -473
  635.4000	             -458
  635.6000	             -487
  635.8000	             -487
  636.0000	             -477
  636.2000	             -490
  636.4000	             -480
  636.6000	             -437
  636.8000	             -474
  637.0000	             -469
  637.2000	             -454
  637.4000	             -494
  637.6000	             -474
  637.8000	             -462
  638.0000	             -477
  638.2000	             -487
  638.4000	             -474
  638.6000	             -456
  638.8000	             -462
  639.0000	             -474
  639.2000	             -487
  639.4000	             -462
  639.6000	             -436
  639.8000	             -471
  640.0000	             -475
  640.2000	             -476
  640.4000	             -457
  640.6000	             -497
  640.8000	             -453
  641.0000	             -427
  641.2000	             -406
  641.4000	             -482
  641.6000	             -463
  641.8000	             -462
  642.0000	             -474
  642.2000	             -489
  642.4000	             -445
  642.6000	             -485
  642.8000	             -474
  643.0000	             -474
  643.2000	             -474
  643.4000	             -458
  643.6000	             -469
  643.8000	             -429
  644.0000	             -462
  644.2000	             -434
  644.4000	             -436
  644.6000	             -471
  644.8000	             -484
  645.0000	             -474
  645.2000	             -444
  645.4000	             -471
  645.6000	             -423
  645.8000	             -474
  646.0000	             -436
  646.2000	             -477
  646.4000	             -484
  646.6000	             -474
  646.8000	             -489
  647.0000	             -474
  647.2000	             -487
  647.4000	             -474
  647.6000	             -487
  647.8000	             -496
  648.0000	             -501
  648.2000	             -487
  648.4000	             -462
  648.6000	             -483
  648.8000	             -473
  649.0000	             -474
  649.2000	             -436
  649.4000	             -458
  649.6000	             -427
  649.8000	             -420
  650.0000	             -462
  650.2000	             -459
  650.4000	             -420
  650.6000	             -484
  650.8000	             -474
  651.0000	             -439
  651.2000	             -410
  651.4000	             -412
  651.6000	             -427
  651.8000	             -462
  652.0000	             -470
  652.2000	             -476
  652.4000	             -456
  652.6000	             -439
  652.8000	             -453
  653.0000	             -487
  653.2000	             -485
  653.4000	             -458
  653.6000	             -417
  653.8000	             -471
  654.0000	             -471
  654.2000	             -484
  654.4000	             -443
  654.6000	             -469
  654.8000	             -458
  655.0000	             -487
  655.2000	             -462
  655.4000	             -455
  655.6000	             -474
  655.8000	             -433
  656.0000	             -454
  656.2000	             -474
  656.4000	             -420
  656.6000	             -455
  656.8000	             -476
  657.0000	             -475
  657.2000	             -430
  657.4000	             -494
  657.6000	             -474
  657.8000	             -458
  658.0000	             -470
  658.2000	             -476
  658.4000	             -427
  658.6000	             -479
  658.8000	             -474
  659.0000	             -473
  659.2000	             -471
  659.4000	             -457
  659.6000	             -474
  659.8000	             -469
  660.0000	             -434
  660.2000	             -429
  660.4000	             -478
  660.6000	             -491
  660.8000	             -419
  661.0000	             -458
  661.2000	             -428
  661.4000	             -474
  661.6000	             -475
  661.8000	             -474
  662.0000	             -482
  662.2000	             -434
  662.4000	             -474
  662.6000	             -487
  662.8000	             -465
  663.0000	             -471
  663.2000	             -480
  663.4000	             -390
  663.6000	             -481
  663.8000	             -427
  664.0000	             -419
  664.2000	             -473
  664.4000	             -457
  664.6000	             -404
  664.8000	             -462
  665.0000	             -477
  665.2000	             -462
  665.4000	             -425
  665.6000	             -464
  665.8000	             -463
  666.0000	             -475
  666.2000	             -474
  666.4000	             -436
  666.6000	             -457
  666.8000	             -496
  667.0000	             -487
  667.2000	             -473
  667.4000	             -473
  667.6000	             -474
  667.8000	             -473
  668.0000	             -462
  668.2000	             -477
  668.4000	             -474
  668.6000	             -476
  668.8000	             -404
  669.0000	             -433
  669.2000	             -476
  669.4000	             -433
  669.6000	             -468
  669.8000	             -454
  670.0000	             -473
  670.2000	             -475
  670.4000	             -424
  670.6000	             -470
  670.8000	             -471
  671.0000	             -445
  671.2000	             -491
  671.4000	             -436
  671.6000	             -494
  671.8000	             -475
  672.0000	             -494
  672.2000	             -458
  672.4000	             -457
  672.6000	             -449
  672.8000	             -425
  673.0000	             -456
  673.2000	             -430
  673.4000	             -487
  673.6000	             -487
  673.8000	             -401
  674.0000	             -453
  674.2000	             -436
  674.4000	             -422
  674.6000	             -455
  674.8000	             -485
  675.0000	             -445
  675.2000	             -495
  675.4000	             -474
  675.6000	             -477
  675.8000	             -460
  676.0000	             -474
  676.2000	             -455
  676.4000	             -436
  676.6000	             -491
  676.8000	             -438
  677.0000	             -474
  677.2000	             -462
  677.4000	             -462
  677.6000	             -404
  677.8000	             -488
  678.0000	             -475
  678.2000	             -475
  678.4000	             -472
  678.6000	             -468
  678.8000	             -475
  679.0000	             -475
  679.2000	             -481
  679.4000	             -457
  679.6000	             -462
  679.8000	             -423
  680.0000	             -478
  680.2000	             -508
  680.4000	             -474
  680.6000	             -389
  680.8000	             -483
  681.0000	             -474
  681.2000	             -475
  681.4000	             -451
  681.6000	             -480
  681.8000	             -441
  682.0000	             -487
  682.2000	             -418
  682.4000	             -494
  682.6000	             -429
  682.8000	             -462
  683.0000	             -475
  683.2000	             -487
  683.4000	             -427
  683.6000	             -479
  683.8000	             -487
  684.0000	             -474
  684.2000	             -474
  684.4000	             -459
  684.6000	             -473
  684.8000	             -474
  685.0000	             -445
  685.2000	             -427
  685.4000	             -487
  685.6000	             -451
  685.8000	             -437
  686.0000	             -478
  686.2000	             -484
  686.4000	             -500
  686.6000	             -501
  686.8000	             -481
  687.0000	             -479
  687.2000	             -491
  687.4000	             -469
  687.6000	             -469
  687.8000	             -418
  688.0000	             -476
  688.2000	             -445
  688.4000	             -494
  688.6000	             -462
  688.8000	             -416
  689.0000	             -448
  689.2000	             -498
  689.4000	             -475
  689.6000	             -475
  689.8000	             -496
  690.0000	             -451
  690.2000	             -487
  690.4000	             -482
  690.6000	             -497
  690.8000	             -472
  691.0000	             -494
  691.2000	             -468
  691.4000	             -471
  691.6000	             -476
  691.8000	             -482
  692.0000	             -420
  692.2000	             -476
  692.4000	             -484
  692.6000	             -494
  692.8000	             -455
  693.0000	             -476
  693.2000	             -474
  693.4000	             -498
  693.6000	             -475
  693.8000	             -400
  694.0000	             -490
  694.2000	             -464
  694.4000	             -477
  694.6000	             -473
  694.8000	             -462
  695.0000	             -482
  695.2000	             -455
  695.4000	             -497
  695.6000	             -484
  695.8000	             -425
  696.0000	             -487
  696.2000	             -471
  696.4000	             -474
  696.6000	             -381
  696.8000	             -480
  697.0000	             -487
  697.2000	             -462
  697.4000	             -477
  697.6000	             -485
  697.8000	             -487
  698.0000	             -487
  698.2000	             -476
  698.4000	             -502
  698.6000	             -474
  698.8000	             -487
  699.0000	             -476
  699.2000	             -474
  699.4000	             -475
  699.6000	             -476
  699.8000	             -487
  700.0000	             -484
  700.2000	             -476
  700.4000	             -422
  700.6000	             -471
  700.8000	             -490
  701.0000	             -494
  701.2000	             -489
  701.4000	             -485
  701.6000	             -476
  701.8000	             -491
  702.0000	             -501
  702.2000	             -404
  702.4000	             -473
  702.6000	             -469
  702.8000	             -425
  703.0000	             -474
  703.2000	             -462
  703.4000	             -418
  703.6000	             -462
  703.8000	             -499
  704.0000	             -463
  704.2000	             -475
  704.4000	             -429
  704.6000	             -426
  704.8000	             -455
  705.0000	             -487
  705.2000	             -419
  705.4000	             -495
  705.6000	             -475
  705.8000	             -455
  706.0000	             -503
  706.2000	             -474
  706.4000	             -461
  706.6000	             -476
  706.8000	             -474
  707.0000	             -488
  707.2000	             -489
  707.4000	             -408
  707.6000	             -471
  707.8000	             -503
  708.0000	             -487
  708.2000	             -455
  708.4000	             -474
  708.6000	             -436
  708.8000	             -476
  709.0000	             -471
  709.2000	             -485
  709.4000	             -458
  709.6000	             -480
  709.8000	             -479
  710.0000	             -487
  710.2000	             -473
  710.4000	             -494
  710.6000	             -487
  710.8000	             -487
  711.0000	             -475
  711.2000	             -445
  711.4000	             -476
  711.6000	             -458
  711.8000	             -416
  712.0000	             -418
  712.2000	             -482
  712.4000	             -496
  712.6000	             -462
  712.8000	             -469
  713.0000	             -438
  713.2000	             -472
  713.4000	             -488
  713.6000	             -482
  713.8000	             -423
  714.0000	             -469
  714.2000	             -476
  714.4000	             -471
  714.6000	             -451
  714.8000	             -462
  715.0000	             -498
  715.2000	             -482
  715.4000	             -485
  715.6000	             -472
  715.8000	             -455
  716.0000	             -489
  716.2000	             -503
  716.4000	             -472
  716.6000	             -489
  716.8000	             -479
  717.0000	             -423
  717.2000	             -500
  717.4000	             -489
  717.6000	             -479
  717.8000	             -425
  718.0000	             -389
  718.2000	             -480
  718.4000	             -474
  718.6000	             -470
  718.8000	             -445
  719.0000	             -429
  719.2000	             -485
  719.4000	             -485
  719.6000	             -433
  719.8000	             -497
  720.0000	             -469
  720.2000	             -455
  720.4000	             -485
  720.6000	             -481
  720.8000	             -487
  721.0000	             -480
  721.2000	             -484
  721.4000	             -474
  721.6000	             -476
  721.8000	             -497
  722.0000	             -462
  722.2000	             -487
  722.4000	             -425
  722.6000	             -462
  722.8000	             -459
  723.0000	             -499
  723.2000	             -496
  723.4000	             -476
  723.6000	             -462
  723.8000	             -471
  724.0000	             -390
  724.2000	             -445
  724.4000	             -444
  724.6000	             -475
  724.8000	             -427
  725.0000	             -429
  725.2000	             -455
  725.4000	             -462
  725.6000	             -493
  725.8000	             -471
  726.0000	             -420
  726.2000	             -487
  726.4000	             -487
  726.6000	             -462
  726.8000	             -462
  727.0000	             -425
  727.2000	             -440
  727.4000	             -472
  727.6000	             -508
  727.8000	             -499
  728.0000	             -489
  728.2000	             -464
  728.4000	             -419
  728.6000	             -497
  728.8000	             -414
  729.0000	             -510
  729.2000	             -462
  729.4000	             -418
  729.6000	             -451
  729.8000	             -476
  730.0000	             -476
  730.2000	             -436
  730.4000	             -479
  730.6000	             -471
  730.8000	             -496
  731.0000	             -460
  731.2000	             -450
  731.4000	             -455
  731.6000	             -482
  731.8000	             -493
  732.0000	             -471
  732.2000	             -445
  732.4000	             -471
  732.6000	             -462
  732.8000	             -462
  733.0000	             -474
  733.2000	             -487
  733.4000	             -451
  733.6000	             -471
  733.8000	             -476
  734.0000	             -473
  734.2000	             -476
  734.4000	             -482
  734.6000	             -469
  734.8000	             -484
  735.0000	             -470
  735.2000	             -498
  735.4000	             -427
  735.6000	             -455
  735.8000	             -425
  736.0000	             -462
  736.2000	             -471
  736.4000	             -425
  736.6000	             -469
  736.8000	             -488
  737.0000	             -455
  737.2000	             -487
  737.4000	             -467
  737.6000	             -474
  737.8000	             -468
  738.0000	             -427
  738.2000	             -482
  738.4000	             -409
  738.6000	             -473
  738.8000	             -473
  739.0000	             -476
  739.2000	             -470
  739.4000	             -481
  739.6000	             -475
  739.8000	             -456
  740.0000	             -419
  740.2000	             -485
  740.4000	             -473
  740.6000	             -459
  740.8000	             -454
  741.0000	             -469
  741.2000	             -476
  741.4000	             -423
  741.6000	             -481
  741.8000	             -499
  742.0000	             -473
  742.2000	             -469
  742.4000	             -476
  742.6000	             -436
  742.8000	             -472
  743.0000	             -437
  743.2000	             -466
  743.4000	             -423
  743.6000	             -503
  743.8000	             -487
  744.0000	             -474
  744.2000	             -434
  744.4000	             -495
  744.6000	             -462
  744.8000	             -481
  745.0000	             -483
  745.2000	             -470
  745.4000	             -482
  745.6000	             -446
  745.8000	             -485
  746.0000	             -472
  746.2000	             -455
  746.4000	             -420
  746.6000	             -474
  746.8000	             -469
  747.0000	             -474
  747.2000	             -420
  747.4000	             -459
  747.6000	             -480
  747.8000	             -496
  748.0000	             -471
  748.2000	             -480
  748.4000	             -489
  748.6000	             -462
  748.8000	             -474
  749.0000	             -473
  749.2000	             -476
  749.4000	             -487
  749.6000	             -473
  749.8000	             -474
  750.0000	             -462
  750.2000	             -404
  750.4000	               -7
  750.6000	             -462
  750.8000	             -458
  751.0000	             -484
  751.2000	             -474
  751.4000	             -402
  751.6000	             -475
  751.8000	             -422
  752.0000	             -437
  752.2000	             -468
  752.4000	             -466
  752.6000	             -451
  752.8000	             -470
  753.0000	             -498
  753.2000	             -476
  753.4000	             -455
  753.6000	             -462
  753.8000	             -423
  754.0000	             -462
  754.2000	             -475
  754.4000	             -436
  754.6000	             -474
  754.8000	             -474
  755.0000	             -456
  755.2000	             -473
  755.4000	             -474
  755.6000	             -436
  755.8000	             -474
  756.0000	             -496
  756.2000	             -487
  756.4000	             -455
  756.6000	             -475
  756.8000	             -480
  757.0000	             -487
  757.2000	             -469
  757.4000	             -427
  757.6000	             -475
  757.8000	             -456
  758.0000	             -474
  758.2000	             -471
  758.4000	             -470
  758.6000	             -473
  758.8000	             -494
  759.0000	             -462
  759.2000	             -487
  759.4000	             -493
  759.6000	             -459
  759.8000	             -436
  760.0000	             -469
  760.2000	             -460
  760.4000	             -462
  760.6000	             -463
  760.8000	             -462
  761.0000	             -478
  761.2000	             -462
  761.4000	             -445
  761.6000	             -474
  761.8000	             -487
  762.0000	             -482
  762.2000	             -456
  762.4000	             -436
  762.6000	             -484
  762.8000	             -487
  763.0000	             -471
  763.2000	             -454
  763.4000	             -412
  763.6000	             -471
  763.8000	             -473
  764.0000	             -455
  764.2000	             -418
  764.4000	             -437
  764.6000	             -474
  764.8000	             -498
  765.0000	             -496
  765.2000	             -418
  765.4000	             -474
  765.6000	             -474
  765.8000	             -497
  766.0000	             -399
  766.2000	             -487
  766.4000	             -474
  766.6000	             -423
  766.8000	             -494
  767.0000	             -437
  767.2000	             -494
  767.4000	             -475
  767.6000	             -388
  767.8000	             -416
  768.0000	             -487
  768.2000	             -457
  768.4000	             -427
  768.6000	             -487
  768.8000	             -473
  769.0000	             -485
  769.2000	             -489
  769.4000	             -470
  769.6000	             -453
  769.8000	             -436
  770.0000	             -471
  770.2000	             -454
  770.4000	             -475
  770.6000	             -467
  770.8000	             -403
  771.0000	             -472
  771.2000	             -476
  771.4000	             -462
  771.6000	             -485
  771.8000	             -455
  772.0000	             -501
  772.2000	             -427
  772.4000	             -333
  772.6000	             -474
  772.8000	             -462
  773.0000	             -484
  773.2000	             -488
  773.4000	             -462
  773.6000	             -483
  773.8000	             -406
  774.0000	             -440
  774.2000	             -480
  774.4000	             -482
  774.6000	             -455
  774.8000	             -496
  775.0000	             -479
  775.2000	             -401
  775.4000	             -487
  775.6000	             -477
  775.8000	             -462
  776.0000	             -401
  776.2000	             -475
  776.4000	             -471
  776.6000	             -482
  776.8000	             -473
  777.0000	             -471
  777.2000	             -433
  777.4000	             -446
  777.6000	             -434
  777.8000	             -476
  778.0000	             -456
  778.2000	             -480
  778.4000	             -475
  778.6000	             -473
  778.8000	             -404
  779.0000	             -478
  779.2000	             -440
  779.4000	             -489
  779.6000	             -462
  779.8000	             -470
  780.0000	             -458
  780.2000	             -469
  780.4000	             -476
  780.6000	             -470
  780.8000	             -480
  781.0000	             -471
  781.2000	             -487
  781.4000	             -487
  781.6000	             -423
  781.8000	             -474
  782.0000	             -436
  782.2000	             -416
  782.4000	             -459
  782.6000	             -421
  782.8000	             -470
  783.0000	             -462
  783.2000	             -474
  783.4000	             -472
  783.6000	             -471
  783.8000	             -485
  784.0000	             -419
  784.2000	             -479
  784.4000	             -497
  784.6000	             -489
  784.8000	             -420
  785.0000	             -487
  785.2000	             -455
  785.4000	             -445
  785.6000	             -493
  785.8000	             -471
  786.0000	             -474
  786.2000	             -477
  786.4000	             -418
  786.6000	             -481
  786.8000	             -480
  787.0000	             -499
  787.2000	             -488
  787.4000	             -474
  787.6000	             -472
  787.8000	             -517
  788.0000	             -475
  788.2000	             -462
  788.4000	             -459
  788.6000	             -493
  788.8000	             -475
  789.0000	             -477
  789.2000	             -420
  789.4000	             -438
  789.6000	             -474
  789.8000	             -480
  790.0000	             -455
  790.2000	             -476
  790.4000	             -465
  790.6000	             -420
  790.8000	             -437
  791.0000	             -471
  791.2000	             -474
  791.4000	             -462
  791.6000	             -487
  791.8000	             -475
  792.0000	             -502
  792.2000	             -458
  792.4000	             -434
  792.6000	             -473
  792.8000	             -495
  793.0000	             -474
  793.2000	             -475
  793.4000	             -476
  793.6000	             -467
  793.8000	             -468
  794.0000	             -459
  794.2000	             -455
  794.4000	             -474
  794.6000	             -466
  794.8000	             -420
  795.0000	             -489
  795.2000	             -475
  795.4000	             -462
  795.6000	             -419
  795.8000	             -452
  796.0000	             -471
  796.2000	             -477
  796.4000	             -487
  796.6000	             -487
  796.8000	             -472
  797.0000	             -462
  797.2000	             -475
  797.4000	             -459
  797.6000	             -483
  797.8000	             -480
  798.0000	             -462
  798.2000	             -501
  798.4000	             -487
  798.6000	             -444
  798.8000	             -497
  799.0000	             -491
  799.2000	             -448
  799.4000	             -471
  799.6000	             -500
  799.8000	             -487
  800.0000	             -420
  800.2000	             -475
  800.4000	             -493
  800.6000	             -404
  800.8000	             -500
  801.0000	             -498
  801.2000	             -437
  801.4000	             -469
  801.6000	             -498
  801.8000	             -498
  802.0000	             -471
  802.2000	             -455
  802.4000	             -389
  802.6000	             -429
  802.8000	             -474
  803.0000	             -474
  803.2000	             -480
  803.4000	             -472
  803.6000	             -504
  803.8000	             -475
  804.0000	             -487
  804.2000	             -469
  804.4000	             -503
  804.6000	             -494
  804.8000	             -478
  805.0000	             -455
