  600.0000	             -414
  600.2000	             -437
  600.4000	             -440
  600.6000	             -373
  600.8000	             -438
  601.0000	             -376
  601.2000	             -432
  601.4000	             -401
  601.6000	             -379
  601.8000	             -438
  602.0000	             -420
  602.2000	             -436
  602.4000	             -410
  602.6000	             -409
  602.8000	             -409
  603.0000	             -403
  603.2000	             -413
  603.4000	             -435
  603.6000	             -432
  603.8000	             -425
  604.0000	             -425
  604.2000	             -428
  604.4000	             -401
  604.6000	             -366
  604.8000	             -403
  605.0000	             -433
  605.2000	             -436
  605.4000	             -434
  605.6000	             -413
  605.8000	             -438
  606.0000	             -417
  606.2000	             -376
  606.4000	             -424
  606.6000	             -444
  606.8000	             -376
  607.0000	             -375
  607.2000	             -437
  607.4000	             -389
  607.6000	             -434
  607.8000	             -402
  608.0000	             -417
  608.2000	             -432
  608.4000	             -418
  608.6000	             -373
  608.8000	             -375
  609.0000	             -432
  609.2000	             -376
  609.4000	             -438
  609.6000	             -419
  609.8000	             -420
  610.0000	             -376
  610.2000	             -420
  610.4000	             -376
  610.6000	             -422
  610.8000	             -400
  611.0000	             -436
  611.2000	             -416
  611.4000	             -376
  611.6000	             -402
  611.8000	             -422
  612.0000	             -371
  612.2000	             -421
  612.4000	             -416
  612.6000	             -409
  612.8000	             -424
  613.0000	             -420
  613.2000	             -426
  613.4000	             -432
  613.6000	             -410
  613.8000	             -389
  614.0000	             -437
  614.2000	             -425
  614.4000	             -435
  614.6000	             -383
  614.8000	             -424
  615.0000	             -392
  615.2000	             -421
  615.4000	             -423
  615.6000	             -436
  615.8000	             -428
  616.0000	             -432
  616.2000	             -442
  616.4000	             -379
  616.6000	             -378
  616.8000	             -394
  617.0000	             -432
  617.2000	             -425
  617.4000	             -376
  617.6000	             -435
  617.8000	             -429
  618.0000	             -422
  618.2000	             -403
  618.4000	             -435
  618.6000	             -430
  618.8000	             -404
  619.0000	             -439
  619.2000	             -440
  619.4000	             -380
  619.6000	             -425
  619.8000	             -431
  620.0000	             -381
  620.2000	             -406
  620.4000	             -433
  620.6000	             -429
  620.8000	             -432
  621.0000	             -435
  621.2000	             -368
  621.4000	             -375
  621.6000	             -432
  621.8000	             -404
  622.0000	             -381
  622.2000	             -399
  622.4000	             -421
  622.6000	             -394
  622.8000	             -426
  623.0000	             -409
  623.2000	             -434
  623.4000	             -376
  623.6000	             -422
  623.8000	             -414
  624.0000	             -433
  624.2000	             -399
  624.4000	             -375
  624.6000	             -432
  624.8000	             -375
  625.0000	             -420
  625.2000	             -427
  625.4000	             -396
  625.6000	             -428
  625.8000	             -425
  626.0000	             -406
  626.2000	             -419
  626.4000	             -403
  626.6000	             -421
  626.8000	             -375
  627.0000	             -402
  627.2000	             -424
  627.4000	             -422
  627.6000	             -433
  627.8000	             -376
  628.0000	             -425
  628.2000	             -438
  628.4000	             -438
  628.6000	             -393
  628.8000	             -412
  629.0000	             -412
  629.2000	             -376
  629.4000	             -422
  629.6000	             -376
  629.8000	             -414
  630.0000	             -416
  630.2000	             -376
  630.4000	             -421
  630.6000	             -435
  630.8000	             -390
  631.0000	             -414
  631.2000	             -420
  631.4000	             -362
  631.6000	             -428
  631.8000	             -429
  632.0000	             -390
  632.2000	             -376
  632.4000	             -410
  632.6000	             -421
  632.8000	             -422
  633.0000	             -435
  633.2000	             -434
  633.4000	             -427
  633.6000	             -376
  633.8000	             -376
  634.0000	             -394
  634.2000	             -403
  634.4000	             -436
  634.6000	             -422
  634.8000	             -426
  635.0000	             -410
  635.2000	             -367
  635.4000	             -382
  635.6000	             -394
  635.8000	             -376
  636.0000	             -375
  636.2000	             -389
  636.4000	             -435
  636.6000	             -428
  636.8000	             -376
  637.0000	             -373
  637.2000	             -398
  637.4000	             -429
  637.6000	             -433
  637.8000	             -375
  638.0000	             -402
  638.2000	             -434
  638.4000	             -424
  638.6000	             -440
  638.8000	             -414
  639.0000	             -435
  639.2000	             -373
  639.4000	             -376
  639.6000	             -376
  639.8000	             -427
  640.0000	             -427
  640.2000	             -377
  640.4000	             -403
  640.6000	             -402
  640.8000	             -399
  641.0000	             -376
  641.2000	             -426
  641.4000	             -432
  641.6000	             -376
  641.8000	             -426
  642.0000	             -390
  642.2000	             -426
  642.4000	             -376
  642.6000	             -375
  642.8000	             -404
  643.0000	             -383
  643.2000	             -426
  643.4000	             -373
  643.6000	             -366
  643.8000	             -428
  644.0000	             -428
  644.2000	             -362
  644.4000	             -414
  644.6000	             -435
  644.8000	             -432
  645.0000	             -376
  645.2000	             -401
  645.4000	             -389
  645.6000	             -390
  645.8000	             -424
  646.0000	             -430
  646.2000	             -376
  646.4000	             -436
  646.6000	             -428
  646.8000	             -363
  647.0000	             -434
  647.2000	             -423
  647.4000	             -376
  647.6000	             -368
  647.8000	             -436
  648.0000	             -408
  648.2000	             -423
  648.4000	             -376
  648.6000	             -405
  648.8000	             -428
  649.0000	             -428
  649.2000	             -375
  649.4000	             -402
  649.6000	             -428
  649.8000	             -389
  650.0000	             -424
  650.2000	             -417
  650.4000	             -428
  650.6000	             -424
  650.8000	             -428
  651.0000	             -368
  651.2000	             -404
  651.4000	             -403
  651.6000	             -421
  651.8000	             -373
  652.0000	             -413
  652.2000	             -423
  652.4000	             -402
  652.6000	             -427
  652.8000	             -439
  653.0000	             -403
  653.2000	             -422
  653.4000	             -410
  653.6000	             -389
  653.8000	             -383
  654.0000	             -374
  654.2000	             -411
  654.4000	             -403
  654.6000	             -436
  654.8000	             -375
  655.0000	             -413
  655.2000	             -376
  655.4000	             -375
  655.6000	             -374
  655.8000	             -362
  656.0000	             -402
  656.2000	             -434
  656.4000	             -373
  656.6000	             -402
  656.8000	             -424
  657.0000	             -375
  657.2000	             -401
  657.4000	             -380
  657.6000	             -425
  657.8000	             -437
  658.0000	             -428
  658.2000	             -368
  658.4000	             -417
  658.6000	             -412
  658.8000	             -376
  659.0000	             -422
  659.2000	             -412
  659.4000	             -417
  659.6000	             -422
  659.8000	             -369
  660.0000	             -395
  660.2000	             -436
  660.4000	             -422
  660.6000	             -404
  660.8000	             -378
  661.0000	             -373
  661.2000	             -412
  661.4000	             -410
  661.6000	             -419
  661.8000	             -428
  662.0000	             -419
  662.2000	             -408
  662.4000	             -422
  662.6000	             -424
  662.8000	             -427
  663.0000	             -398
  663.2000	             -438
  663.4000	             -428
  663.6000	             -401
  663.8000	             -433
  664.0000	             -424
  664.2000	             -351
  664.4000	             -362
  664.6000	             -376
  664.8000	             -384
  665.0000	             -420
  665.2000	             -440
  665.4000	             -416
  665.6000	             -432
  665.8000	             -375
  666.0000	             -409
  666.2000	             -432
  666.4000	             -373
  666.6000	             -395
  666.8000	             -420
  667.0000	             -376
  667.2000	             -417
  667.4000	             -414
  667.6000	             -384
  667.8000	             -426
  668.0000	             -382
  668.2000	             -389
  668.4000	             -409
  668.6000	             -410
  668.8000	             -414
  669.0000	             -375
  669.2000	             -424
  669.4000	             -363
  669.6000	             -382
  669.8000	             -424
  670.0000	             -429
  670.2000	             -409
  670.4000	             -422
  670.6000	             -437
  670.8000	             -389
  671.0000	             -438
  671.2000	             -435
  671.4000	             -392
  671.6000	             -419
  671.8000	             -378
  672.0000	             -424
  672.2000	             -376
  672.4000	             -422
  672.6000	             -376
  672.8000	             -428
  673.0000	             -426
  673.2000	             -389
  673.4000	             -436
  673.6000	             -368
  673.8000	             -428
  674.0000	             -413
  674.2000	             -428
  674.4000	             -405
  674.6000	             -399
  674.8000	             -405
  675.0000	             -425
  675.2000	             -428
  675.4000	             -437
  675.6000	             -376
  675.8000	             -414
  676.0000	             -395
  676.2000	             -438
  676.4000	             -432
  676.6000	             -376
  676.8000	             -375
  677.0000	             -421
  677.2000	             -360
  677.4000	             -376
  677.6000	             -417
  677.8000	             -424
  678.0000	             -375
  678.2000	             -426
  678.4000	             -376
  678.6000	             -428
  678.8000	             -404
  679.0000	             -416
  679.2000	             -399
  679.4000	             -422
  679.6000	             -432
  679.8000	             -373
  680.0000	             -414
  680.2000	             -430
  680.4000	             -403
  680.6000	             -368
  680.8000	             -437
  681.0000	             -450
  681.2000	             -444
  681.4000	             -397
  681.6000	             -425
  681.8000	             -375
  682.0000	             -416
  682.2000	             -427
  682.4000	             -412
  682.6000	             -368
  682.8000	             -428
  683.0000	             -432
  683.2000	             -426
  683.4000	             -412
  683.6000	             -402
  683.8000	             -389
  684.0000	             -387
  684.2000	             -376
  684.4000	             -440
  684.6000	             -371
  684.8000	             -387
  685.0000	             -399
  685.2000	             -422
  685.4000	             -426
  685.6000	             -440
  685.8000	             -429
  686.0000	             -366
  686.2000	             -400
  686.4000	             -376
  686.6000	             -373
  686.8000	             -423
  687.0000	             -439
  687.2000	             -424
  687.4000	             -423
  687.6000	             -416
  687.8000	             -435
  688.0000	             -426
  688.2000	             -427
  688.4000	             -389
  688.6000	             -412
  688.8000	             -415
  689.0000	             -421
  689.2000	             -446
  689.4000	             -377
  689.6000	             -404
  689.8000	             -428
  690.0000	             -423
  690.2000	             -436
  690.4000	             -376
  690.6000	             -437
  690.8000	             -391
  691.0000	             -412
  691.2000	             -376
  691.4000	             -437
  691.6000	             -376
  691.8000	             -437
  692.0000	             -437
  692.2000	             -388
  692.4000	             -418
  692.6000	             -434
  692.8000	             -414
  693.0000	             -428
  693.2000	             -426
  693.4000	             -421
  693.6000	             -433
  693.8000	             -416
  694.0000	             -438
  694.2000	             -386
  694.4000	             -389
  694.6000	             -426
  694.8000	             -415
  695.0000	             -404
  695.2000	             -368
  695.4000	             -435
  695.6000	             -429
  695.8000	             -435
  696.0000	             -437
  696.2000	             -403
  696.4000	             -376
  696.6000	             -368
  696.8000	             -438
  697.0000	             -414
  697.2000	             -428
  697.4000	             -428
  697.6000	             -421
  697.8000	             -424
  698.0000	             -425
  698.2000	             -435
  698.4000	             -435
  698.6000	             -362
  698.8000	             -436
  699.0000	             -438
  699.2000	             -402
  699.4000	             -373
  699.6000	             -433
  699.8000	             -436
  700.0000	             -422
  700.2000	             -435
  700.4000	             -425
  700.6000	             -428
  700.8000	             -426
  701.0000	             -425
  701.2000	             -444
  701.4000	             -424
  701.6000	             -376
  701.8000	             -402
  702.0000	             -397
  702.2000	             -425
  702.4000	             -363
  702.6000	             -426
  702.8000	             -434
  703.0000	             -424
  703.2000	             -395
  703.4000	             -376
  703.6000	             -427
  703.8000	             -399
  704.0000	             -432
  704.2000	             -417
  704.4000	             -388
  704.6000	             -418
  704.8000	             -376
  705.0000	             -425
  705.2000	             -368
  705.4000	             -405
  705.6000	             -375
  705.8000	             -376
  706.0000	             -396
  706.2000	             -424
  706.4000	             -438
  706.6000	             -327
  706.8000	             -426
  707.0000	             -376
  707.2000	             -363
  707.4000	             -402
  707.6000	             -416
  707.8000	             -438
  708.0000	             -426
  708.2000	             -426
  708.4000	             -419
  708.6000	             -368
  708.8000	             -422
  709.0000	             -370
  709.2000	             -412
  709.4000	             -446
  709.6000	             -433
  709.8000	             -433
  710.0000	             -387
  710.2000	             -351
  710.4000	             -422
  710.6000	             -376
  710.8000	             -419
  711.0000	             -373
  711.2000	             -373
  711.4000	             -434
  711.6000	             -433
  711.8000	             -402
  712.0000	             -430
  712.2000	             -420
  712.4000	             -420
  712.6000	             -426
  712.8000	             -418
  713.0000	             -419
  713.2000	             -419
  713.4000	             -376
  713.6000	             -387
  713.8000	             -389
  714.0000	             -402
  714.2000	             -402
  714.4000	             -414
  714.6000	             -354
  714.8000	             -391
  715.0000	             -405
  715.2000	             -400
  715.4000	             -402
  715.6000	             -375
  715.8000	             -431
  716.0000	             -413
  716.2000	             -387
  716.4000	             -424
  716.6000	             -377
  716.8000	             -430
  717.0000	             -376
  717.2000	             -358
  717.4000	             -402
  717.6000	             -430
  717.8000	             -421
  718.0000	             -375
  718.2000	             -403
  718.4000	             -402
  718.6000	             -368
  718.8000	             -367
  719.0000	             -437
  719.2000	             -376
  719.4000	             -430
  719.6000	             -428
  719.8000	             -423
  720.0000	             -373
  720.2000	             -424
  720.4000	             -432
  720.6000	             -422
  720.8000	             -402
  721.0000	             -393
  721.2000	             -428
  721.4000	             -435
  721.6000	             -428
  721.8000	             -433
  722.0000	             -433
  722.2000	             -397
  722.4000	             -391
  722.6000	             -438
  722.8000	             -412
  723.0000	             -362
  723.2000	             -375
  723.4000	             -402
  723.6000	             -384
  723.8000	             -399
  724.0000	             -389
  724.2000	             -382
  724.4000	             -439
  724.6000	             -432
  724.8000	             -377
  725.0000	             -399
  725.2000	             -434
  725.4000	             -413
  725.6000	             -443
  725.8000	             -429
  726.0000	             -423
  726.2000	             -450
  726.4000	             -419
  726.6000	             -431
  726.8000	             -411
  727.0000	             -436
  727.2000	             -385
  727.4000	             -398
  727.6000	             -402
  727.8000	             -400
  728.0000	             -435
  728.2000	             -411
  728.4000	             -433
  728.6000	             -423
  728.8000	             -418
  729.0000	             -406
  729.2000	             -375
  729.4000	             -411
  729.6000	             -420
  729.8000	             -363
  730.0000	             -366
  730.2000	             -437
  730.4000	             -428
  730.6000	             -427
  730.8000	             -376
  731.0000	             -434
  731.2000	             -418
  731.4000	             -423
  731.6000	             -376
  731.8000	             -401
  732.0000	             -433
  732.2000	             -426
  732.4000	             -405
  732.6000	             -436
  732.8000	             -368
  733.0000	             -376
  733.2000	             -433
  733.4000	             -423
  733.6000	             -395
  733.8000	             -405
  734.0000	             -376
  734.2000	             -375
  734.4000	             -421
  734.6000	             -417
  734.8000	             -413
  735.0000	             -380
  735.2000	             -436
  735.4000	             -404
  735.6000	             -422
  735.8000	             -440
  736.0000	             -403
  736.2000	             -390
  736.4000	             -422
  736.6000	             -414
  736.8000	             -384
  737.0000	             -440
  737.2000	             -393
  737.4000	             -370
  737.6000	             -395
  737.8000	             -437
  738.0000	             -421
  738.2000	             -431
  738.4000	             -347
  738.6000	             -424
  738.8000	             -373
  739.0000	             -427
  739.2000	             -420
  739.4000	             -417
  739.6000	             -393
  739.8000	             -373
  740.0000	             -375
  740.2000	             -434
  740.4000	             -399
  740.6000	             -395
  740.8000	             -402
  741.0000	             -415
  741.2000	             -375
  741.4000	             -376
  741.6000	             -437
  741.8000	             -378
  742.0000	             -436
  742.2000	             -419
  742.4000	             -376
  742.6000	             -408
  742.8000	             -437
  743.0000	             -406
  743.2000	             -417
  743.4000	             -376
  743.6000	             -370
  743.8000	             -434
  744.0000	             -409
  744.2000	             -433
  744.4000	             -403
  744.6000	             -375
  744.8000	             -403
  745.0000	             -368
  745.2000	             -412
  745.4000	             -403
  745.6000	             -402
  745.8000	             -435
  746.0000	             -423
  746.2000	             -417
  746.4000	             -376
  746.6000	             -376
  746.8000	             -422
  747.0000	             -440
  747.2000	             -433
  747.4000	             -376
  747.6000	             -410
  747.8000	             -413
  748.0000	             -380
  748.2000	             -440
  748.4000	             -402
  748.6000	             -358
  748.8000	             -368
  749.0000	             -432
  749.2000	             -399
  749.4000	             -384
  749.6000	             -428
  749.8000	             -376
  750.0000	             -375
  750.2000	             -370
  750.4000	                2
  750.6000	             -361
  750.8000	             -424
  751.0000	             -422
  751.2000	             -399
  751.4000	             -194
  751.6000	             -376
  751.8000	             -375
  752.0000	             -428
  752.2000	             -376
  752.4000	             -375
  752.6000	             -422
  752.8000	             -402
  753.0000	             -437
  753.2000	             -351
  753.4000	             -417
  753.6000	             -424
  753.8000	             -424
  754.0000	             -424
  754.2000	             -361
  754.4000	             -446
  754.6000	             -375
  754.8000	             -376
  755.0000	             -428
  755.2000	             -396
  755.4000	             -398
  755.6000	             -423
  755.8000	             -423
  756.0000	             -375
  756.2000	             -376
  756.4000	             -423
  756.6000	             -436
  756.8000	             -434
  757.0000	             -424
  757.2000	             -404
  757.4000	             -432
  757.6000	             -421
  757.8000	             -438
  758.0000	             -376
  758.2000	             -429
  758.4000	             -376
  758.6000	             -417
  758.8000	             -362
  759.0000	             -389
  759.2000	             -389
  759.4000	             -430
  759.6000	             -422
  759.8000	             -423
  760.0000	             -418
  760.2000	             -376
  760.4000	             -422
  760.6000	             -416
  760.8000	             -404
  761.0000	             -373
  761.2000	             -404
  761.4000	             -384
  761.6000	             -443
  761.8000	             -402
  762.0000	             -428
  762.2000	             -430
  762.4000	             -355
  762.6000	             -406
  762.8000	             -417
  763.0000	             -360
  763.2000	             -417
  763.4000	             -132
  763.6000	             -416
  763.8000	             -409
  764.0000	             -429
  764.2000	             -402
  764.4000	             -375
  764.6000	             -436
  764.8000	             -402
  765.0000	             -367
  765.2000	             -408
  765.4000	             -368
  765.6000	             -412
  765.8000	             -414
  766.0000	             -437
  766.2000	             -404
  766.4000	             -426
  766.6000	             -426
  766.8000	             -412
  767.0000	             -442
  767.2000	             -379
  767.4000	             -376
  767.6000	             -376
  767.8000	             -424
  768.0000	             -351
  768.2000	             -434
  768.4000	             -374
  768.6000	             -434
  768.8000	             -442
  769.0000	             -376
  769.2000	             -428
  769.4000	             -429
  769.6000	             -376
  769.8000	             -444
  770.0000	             -425
  770.2000	             -426
  770.4000	             -407
  770.6000	             -432
  770.8000	             -440
  771.0000	             -375
  771.2000	             -398
  771.4000	             -373
  771.6000	             -402
  771.8000	             -418
  772.0000	             -417
  772.2000	             -426
  772.4000	             -260
  772.6000	             -427
  772.8000	             -412
  773.0000	             -399
  773.2000	             -376
  773.4000	             -404
  773.6000	             -424
  773.8000	             -403
  774.0000	             -395
  774.2000	             -404
  774.4000	             -421
  774.6000	             -434
  774.8000	             -404
  775.0000	             -395
  775.2000	             -413
  775.4000	             -427
  775.6000	             -422
  775.8000	             -376
  776.0000	             -376
  776.2000	             -391
  776.4000	             -434
  776.6000	             -377
  776.8000	             -366
  777.0000	             -401
  777.2000	             -419
  777.4000	             -376
  777.6000	             -402
  777.8000	             -443
  778.0000	             -418
  778.2000	             -373
  778.4000	             -404
  778.6000	             -420
  778.8000	             -408
  779.0000	             -414
  779.2000	             -436
  779.4000	             -425
  779.6000	             -384
  779.8000	             -389
  780.0000	             -428
  780.2000	             -363
  780.4000	             -394
  780.6000	             -376
  780.8000	             -422
  781.0000	             -421
  781.2000	             -420
  781.4000	             -423
  781.6000	             -437
  781.8000	             -375
  782.0000	             -376
  782.2000	             -425
  782.4000	             -395
  782.6000	             -433
  782.8000	             -388
  783.0000	             -375
  783.2000	             -398
  783.4000	             -376
  783.6000	             -422
  783.8000	             -423
  784.0000	             -422
  784.2000	             -414
  784.4000	             -370
  784.6000	             -392
  784.8000	             -383
  785.0000	             -425
  785.2000	             -434
  785.4000	             -437
  785.6000	             -376
  785.8000	             -414
  786.0000	             -383
  786.2000	             -402
  786.4000	             -432
  786.6000	             -426
  786.8000	             -428
  787.0000	             -368
  787.2000	             -368
  787.4000	             -433
  787.6000	             -368
  787.8000	             -376
  788.0000	             -375
  788.2000	             -434
  788.4000	             -409
  788.6000	             -440
  788.8000	             -426
  789.0000	             -414
  789.2000	             -376
  789.4000	             -432
  789.6000	             -411
  789.8000	             -387
  790.0000	             -408
  790.2000	             -391
  790.4000	             -368
  790.6000	             -401
  790.8000	             -422
  791.0000	             -375
  791.2000	             -432
  791.4000	             -402
  791.6000	             -418
  791.8000	             -444
  792.0000	             -388
  792.2000	             -375
  792.4000	             -427
  792.6000	             -404
  792.8000	             -375
  793.0000	             -376
  793.2000	             -408
  793.4000	             -389
  793.6000	             -389
  793.8000	             -436
  794.0000	             -355
  794.2000	             -429
  794.4000	             -424
  794.6000	             -419
  794.8000	             -322
  795.0000	             -423
  795.2000	             -426
  795.4000	             -381
  795.6000	             -403
  795.8000	             -389
  796.0000	             -416
  796.2000	             -431
  796.4000	             -434
  796.6000	             -428
  796.8000	             -413
  797.0000	             -376
  797.2000	             -450
  797.4000	             -425
  797.6000	             -358
  797.8000	             -373
  798.0000	             -389
  798.2000	             -433
  798.4000	             -397
  798.6000	             -428
  798.8000	             -419
  799.0000	             -428
  799.2000	             -376
  799.4000	             -368
  799.6000	             -409
  799.8000	             -427
  800.0000	             -389
  800.2000	             -432
  800.4000	             -406
  800.6000	             -381
  800.8000	             -405
  801.0000	             -433
  801.2000	             -376
  801.4000	             -359
  801.6000	             -430
  801.8000	             -404
  802.0000	             -422
  802.2000	             -424
  802.4000	             -436
  802.6000	             -423
  802.8000	             -376
  803.0000	             -399
  803.2000	             -448
  803.4000	             -433
  803.6000	             -435
  803.8000	             -435
  804.0000	             -421
  804.2000	             -377
  804.4000	             -440
  804.6000	             -428
  804.8000	             -432
  805.0000	             -402
