  600.0000	             -433
  600.2000	             -424
  600.4000	             -444
  600.6000	             -376
  600.8000	             -404
  601.0000	             -425
  601.2000	             -432
  601.4000	             -414
  601.6000	             -399
  601.8000	             -430
  602.0000	             -388
  602.2000	             -426
  602.4000	             -414
  602.6000	             -414
  602.8000	             -375
  603.0000	             -406
  603.2000	             -427
  603.4000	             -434
  603.6000	             -419
  603.8000	             -436
  604.0000	             -409
  604.2000	             -377
  604.4000	             -376
  604.6000	             -376
  604.8000	             -422
  605.0000	             -375
  605.2000	             -438
  605.4000	             -408
  605.6000	             -413
  605.8000	             -427
  606.0000	             -403
  606.2000	             -398
  606.4000	             -375
  606.6000	             -438
  606.8000	             -395
  607.0000	             -434
  607.2000	             -424
  607.4000	             -377
  607.6000	             -376
  607.8000	             -436
  608.0000	             -403
  608.2000	             -368
  608.4000	             -402
  608.6000	             -403
  608.8000	             -387
  609.0000	             -376
  609.2000	             -396
  609.4000	             -402
  609.6000	             -409
  609.8000	             -373
  610.0000	             -428
  610.2000	             -390
  610.4000	             -422
  610.6000	             -362
  610.8000	             -420
  611.0000	             -373
  611.2000	             -420
  611.4000	             -424
  611.6000	             -430
  611.8000	             -373
  612.0000	             -416
  612.2000	             -368
  612.4000	             -376
  612.6000	             -424
  612.8000	             -424
  613.0000	             -429
  613.2000	             -376
  613.4000	             -422
  613.6000	             -377
  613.8000	             -376
  614.0000	             -422
  614.2000	             -431
  614.4000	             -430
  614.6000	             -395
  614.8000	             -375
  615.0000	             -436
  615.2000	             -417
  615.4000	             -419
  615.6000	             -424
  615.8000	             -370
  616.0000	             -426
  616.2000	             -402
  616.4000	             -376
  616.6000	             -359
  616.8000	             -436
  617.0000	             -376
  617.2000	             -439
  617.4000	             -445
  617.6000	             -436
  617.8000	             -433
  618.0000	             -438
  618.2000	             -430
  618.4000	             -427
  618.6000	             -430
  618.8000	             -376
  619.0000	             -427
  619.2000	             -423
  619.4000	             -427
  619.6000	             -427
  619.8000	             -435
  620.0000	             -416
  620.2000	             -404
  620.4000	             -435
  620.6000	             -434
  620.8000	             -420
  621.0000	             -423
  621.2000	             -368
  621.4000	             -409
  621.6000	             -373
  621.8000	             -376
  622.0000	             -389
  622.2000	             -422
  622.4000	             -425
  622.6000	             -425
  622.8000	             -423
  623.0000	             -422
  623.2000	             -438
  623.4000	             -376
  623.6000	             -428
  623.8000	             -438
  624.0000	             -433
  624.2000	             -377
  624.4000	             -429
  624.6000	             -375
  624.8000	             -426
  625.0000	             -426
  625.2000	             -429
  625.4000	             -427
  625.6000	             -376
  625.8000	             -393
  626.0000	             -433
  626.2000	             -425
  626.4000	             -438
  626.6000	             -374
  626.8000	             -367
  627.0000	             -434
  627.2000	             -434
  627.4000	             -414
  627.6000	             -376
  627.8000	             -428
  628.0000	             -420
  628.2000	             -375
  628.4000	             -434
  628.6000	             -427
  628.8000	             -436
  629.0000	             -424
  629.2000	             -421
  629.4000	             -376
  629.6000	             -432
  629.8000	             -361
  630.0000	             -440
  630.2000	             -399
  630.4000	             -407
  630.6000	             -428
  630.8000	             -402
  631.0000	             -437
  631.2000	             -384
  631.4000	             -376
  631.6000	             -436
  631.8000	             -368
  632.0000	             -416
  632.2000	             -392
  632.4000	             -392
  632.6000	             -438
  632.8000	             -376
  633.0000	             -418
  633.2000	             -373
  633.4000	             -427
  633.6000	             -403
  633.8000	             -427
  634.0000	             -402
  634.2000	             -402
  634.4000	             -373
  634.6000	             -418
  634.8000	             -418
  635.0000	             -405
  635.2000	             -424
  635.4000	             -435
  635.6000	             -435
  635.8000	             -431
  636.0000	             -366
  636.2000	             -423
  636.4000	             -375
  636.6000	             -404
  636.8000	             -418
  637.0000	             -436
  637.2000	             -394
  637.4000	             -376
  637.6000	             -425
  637.8000	             -422
  638.0000	             -394
  638.2000	             -363
  638.4000	             -419
  638.6000	             -377
  638.8000	             -438
  639.0000	             -433
  639.2000	             -426
  639.4000	             -432
  639.6000	             -430
  639.8000	             -366
  640.0000	             -403
  640.2000	             -416
  640.4000	             -376
  640.6000	             -391
  640.8000	             -362
  641.0000	             -403
  641.2000	             -433
  641.4000	             -399
  641.6000	             -432
  641.8000	             -409
  642.0000	             -418
  642.2000	             -403
  642.4000	             -403
  642.6000	             -370
  642.8000	             -410
  643.0000	             -423
  643.2000	             -405
  643.4000	             -403
  643.6000	             -428
  643.8000	             -433
  644.0000	             -403
  644.2000	             -427
  644.4000	             -428
  644.6000	             -403
  644.8000	             -435
  645.0000	             -373
  645.2000	             -416
  645.4000	             -437
  645.6000	             -435
  645.8000	             -395
  646.0000	             -446
  646.2000	             -426
  646.4000	             -376
  646.6000	             -375
  646.8000	             -403
  647.0000	             -442
  647.2000	             -444
  647.4000	             -425
  647.6000	             -367
  647.8000	             -375
  648.0000	             -367
  648.2000	             -406
  648.4000	             -392
  648.6000	             -432
  648.8000	             -371
  649.0000	             -422
  649.2000	             -399
  649.4000	             -437
  649.6000	             -392
  649.8000	             -421
  650.0000	             -433
  650.2000	             -375
  650.4000	             -428
  650.6000	             -376
  650.8000	             -424
  651.0000	             -420
  651.2000	             -436
  651.4000	             -424
  651.6000	             -392
  651.8000	             -421
  652.0000	             -375
  652.2000	             -376
  652.4000	             -418
  652.6000	             -374
  652.8000	             -404
  653.0000	             -413
  653.2000	             -379
  653.4000	             -397
  653.6000	             -389
  653.8000	             -440
  654.0000	             -413
  654.2000	             -417
  654.4000	             -360
  654.6000	             -438
  654.8000	             -424
  655.0000	             -376
  655.2000	             -398
  655.4000	             -367
  655.6000	             -435
  655.8000	             -402
  656.0000	             -434
  656.2000	             -430
  656.4000	             -437
  656.6000	             -426
  656.8000	             -402
  657.0000	             -429
  657.2000	             -375
  657.4000	             -376
  657.6000	             -404
  657.8000	             -370
  658.0000	             -376
  658.2000	             -380
  658.4000	             -394
  658.6000	             -389
  658.8000	             -414
  659.0000	             -354
  659.2000	             -411
  659.4000	             -424
  659.6000	             -424
  659.8000	             -430
  660.0000	             -410
  660.2000	             -410
  660.4000	             -360
  660.6000	             -419
  660.8000	             -373
  661.0000	             -348
  661.2000	             -376
  661.4000	             -421
  661.6000	             -424
  661.8000	             -435
  662.0000	             -424
  662.2000	             -371
  662.4000	             -376
  662.6000	             -413
  662.8000	             -434
  663.0000	             -436
  663.2000	             -434
  663.4000	             -419
  663.6000	             -375
  663.8000	             -373
  664.0000	             -444
  664.2000	             -376
  664.4000	             -408
  664.6000	             -404
  664.8000	             -399
  665.0000	             -428
  665.2000	             -425
  665.4000	             -376
  665.6000	             -404
  665.8000	             -402
  666.0000	             -419
  666.2000	             -375
  666.4000	             -403
  666.6000	             -417
  666.8000	             -420
  667.0000	             -407
  667.2000	             -403
  667.4000	             -405
  667.6000	             -392
  667.8000	             -424
  668.0000	             -421
  668.2000	             -410
  668.4000	             -389
  668.6000	             -401
  668.8000	             -354
  669.0000	             -375
  669.2000	             -401
  669.4000	             -415
  669.6000	             -428
  669.8000	             -432
  670.0000	             -440
  670.2000	             -417
  670.4000	             -401
  670.6000	             -432
  670.8000	             -392
  671.0000	             -422
  671.2000	             -375
  671.4000	             -426
  671.6000	             -389
  671.8000	             -366
  672.0000	             -423
  672.2000	             -406
  672.4000	             -386
  672.6000	             -376
  672.8000	             -404
  673.0000	             -406
  673.2000	             -376
  673.4000	             -381
  673.6000	             -358
  673.8000	             -418
  674.0000	             -373
  674.2000	             -436
  674.4000	             -403
  674.6000	             -376
  674.8000	             -424
  675.0000	             -406
  675.2000	             -398
  675.4000	             -438
  675.6000	             -368
  675.8000	             -362
  676.0000	             -438
  676.2000	             -377
  676.4000	             -423
  676.6000	             -432
  676.8000	             -399
  677.0000	             -398
  677.2000	             -428
  677.4000	             -375
  677.6000	             -432
  677.8000	             -413
  678.0000	             -389
  678.2000	             -389
  678.4000	             -376
  678.6000	             -421
  678.8000	             -413
  679.0000	             -438
  679.2000	             -436
  679.4000	             -376
  679.6000	             -422
  679.8000	             -408
  680.0000	             -373
  680.2000	             -427
  680.4000	             -432
  680.6000	             -406
  680.8000	             -428
  681.0000	             -419
  681.2000	             -397
  681.4000	             -422
  681.6000	             -395
  681.8000	             -362
  682.0000	             -427
  682.2000	             -424
  682.4000	             -411
  682.6000	             -375
  682.8000	             -425
  683.0000	             -450
  683.2000	             -435
  683.4000	             -376
  683.6000	             -403
  683.8000	             -401
  684.0000	             -375
  684.2000	             -427
  684.4000	             -389
  684.6000	             -362
  684.8000	             -432
  685.0000	             -428
  685.2000	             -404
  685.4000	             -422
  685.6000	             -401
  685.8000	             -403
  686.0000	             -410
  686.2000	             -429
  686.4000	             -414
  686.6000	             -453
  686.8000	             -389
  687.0000	             -433
  687.2000	             -411
  687.4000	             -374
  687.6000	             -422
  687.8000	             -435
  688.0000	             -416
  688.2000	             -376
  688.4000	             -417
  688.6000	             -427
  688.8000	             -392
  689.0000	             -413
  689.2000	             -424
  689.4000	             -375
  689.6000	             -437
  689.8000	             -440
  690.0000	             -368
  690.2000	             -422
  690.4000	             -428
  690.6000	             -425
  690.8000	             -411
  691.0000	             -438
  691.2000	             -389
  691.4000	             -391
  691.6000	             -450
  691.8000	             -397
  692.0000	             -414
  692.2000	             -376
  692.4000	             -424
  692.6000	             -373
  692.8000	             -435
  693.0000	             -376
  693.2000	             -436
  693.4000	             -421
  693.6000	             -412
  693.8000	             -433
  694.0000	             -434
  694.2000	             -362
  694.4000	             -434
  694.6000	             -426
  694.8000	             -438
  695.0000	             -402
  695.2000	             -438
  695.4000	             -392
  695.6000	             -434
  695.8000	             -402
  696.0000	             -422
  696.2000	             -376
  696.4000	             -359
  696.6000	             -364
  696.8000	             -422
  697.0000	             -423
  697.2000	             -387
  697.4000	             -434
  697.6000	             -368
  697.8000	             -384
  698.0000	             -414
  698.2000	             -398
  698.4000	             -433
  698.6000	             -422
  698.8000	             -375
  699.0000	             -423
  699.2000	             -438
  699.4000	             -403
  699.6000	             -436
  699.8000	             -423
  700.0000	             -421
  700.2000	             -404
  700.4000	             -389
  700.6000	             -425
  700.8000	             -418
  701.0000	             -436
  701.2000	             -362
  701.4000	             -396
  701.6000	             -416
  701.8000	             -403
  702.0000	             -395
  702.2000	             -406
  702.4000	             -414
  702.6000	             -376
  702.8000	             -376
  703.0000	             -391
  703.2000	             -376
  703.4000	             -421
  703.6000	             -450
  703.8000	             -374
  704.0000	             -376
  704.2000	             -423
  704.4000	             -399
  704.6000	             -376
  704.8000	             -412
  705.0000	             -376
  705.2000	             -406
  705.4000	             -403
  705.6000	             -436
  705.8000	             -426
  706.0000	             -406
  706.2000	             -433
  706.4000	             -431
  706.6000	             -317
  706.8000	             -363
  707.0000	             -418
  707.2000	             -422
  707.4000	             -399
  707.6000	             -423
  707.8000	             -380
  708.0000	             -373
  708.2000	             -437
  708.4000	             -425
  708.6000	             -392
  708.8000	             -435
  709.0000	             -387
  709.2000	             -432
  709.4000	             -376
  709.6000	             -430
  709.8000	             -440
  710.0000	             -408
  710.2000	             -376
  710.4000	             -401
  710.6000	             -431
  710.8000	             -437
  711.0000	             -432
  711.2000	             -405
  711.4000	             -422
  711.6000	             -404
  711.8000	             -382
  712.0000	             -404
  712.2000	             -376
  712.4000	             -435
  712.6000	             -445
  712.8000	             -384
  713.0000	             -428
  713.2000	             -424
  713.4000	             -422
  713.6000	             -389
  713.8000	             -394
  714.0000	             -401
  714.2000	             -371
  714.4000	             -424
  714.6000	             -376
  714.8000	             -406
  715.0000	             -383
  715.2000	             -422
  715.4000	             -419
  715.6000	             -436
  715.8000	             -428
  716.0000	             -426
  716.2000	             -406
  716.4000	             -422
  716.6000	             -399
  716.8000	             -402
  717.0000	             -413
  717.2000	             -431
  717.4000	             -375
  717.6000	             -389
  717.8000	             -425
  718.0000	             -395
  718.2000	             -384
  718.4000	             -434
  718.6000	             -436
  718.8000	             -402
  719.0000	             -423
  719.2000	             -428
  719.4000	             -376
  719.6000	             -420
  719.8000	             -437
  720.0000	             -384
  720.2000	             -368
  720.4000	             -443
  720.6000	             -361
  720.8000	             -428
  721.0000	             -430
  721.2000	             -428
  721.4000	             -434
  721.6000	             -376
  721.8000	             -399
  722.0000	             -425
  722.2000	             -399
  722.4000	             -376
  722.6000	             -381
  722.8000	             -442
  723.0000	             -420
  723.2000	             -402
  723.4000	             -417
  723.6000	             -413
  723.8000	             -394
  724.0000	             -438
  724.2000	             -433
  724.4000	             -419
  724.6000	             -402
  724.8000	             -426
  725.0000	             -428
  725.2000	             -376
  725.4000	             -376
  725.6000	             -376
  725.8000	             -425
  726.0000	             -409
  726.2000	             -408
  726.4000	             -392
  726.6000	             -427
  726.8000	             -402
  727.0000	             -409
  727.2000	             -359
  727.4000	             -424
  727.6000	             -433
  727.8000	             -427
  728.0000	             -384
  728.2000	             -437
  728.4000	             -423
  728.6000	             -434
  728.8000	             -436
  729.0000	             -402
  729.2000	             -398
  729.4000	             -362
  729.6000	             -379
  729.8000	             -428
  730.0000	             -435
  730.2000	             -424
  730.4000	             -399
  730.6000	             -376
  730.8000	             -427
  731.0000	             -368
  731.2000	             -426
  731.4000	             -376
  731.6000	             -431
  731.8000	             -368
  732.0000	             -389
  732.2000	             -420
  732.4000	             -417
  732.6000	             -389
  732.8000	             -410
  733.0000	             -438
  733.2000	             -438
  733.4000	             -423
  733.6000	             -391
  733.8000	             -376
  734.0000	             -375
  734.2000	             -424
  734.4000	             -373
  734.6000	             -377
  734.8000	             -437
  735.0000	             -376
  735.2000	             -428
  735.4000	             -433
  735.6000	             -402
  735.8000	             -399
  736.0000	             -437
  736.2000	             -383
  736.4000	             -384
  736.6000	             -418
  736.8000	             -375
  737.0000	             -424
  737.2000	             -401
  737.4000	             -430
  737.6000	             -389
  737.8000	             -389
  738.0000	             -422
  738.2000	             -410
  738.4000	             -201
  738.6000	             -356
  738.8000	             -373
  739.0000	             -415
  739.2000	             -421
  739.4000	             -430
  739.6000	             -427
  739.8000	             -436
  740.0000	             -375
  740.2000	             -368
  740.4000	             -375
  740.6000	             -399
  740.8000	             -403
  741.0000	             -372
  741.2000	             -434
  741.4000	             -437
  741.6000	             -434
  741.8000	             -421
  742.0000	             -434
  742.2000	             -402
  742.4000	             -404
  742.6000	             -405
  742.8000	             -404
  743.0000	             -423
  743.2000	             -404
  743.4000	             -436
  743.6000	             -426
  743.8000	             -378
  744.0000	             -428
  744.2000	             -413
  744.4000	             -407
  744.6000	             -432
  744.8000	             -376
  745.0000	             -431
  745.2000	             -404
  745.4000	             -389
  745.6000	             -417
  745.8000	             -384
  746.0000	             -410
  746.2000	             -423
  746.4000	             -431
  746.6000	             -393
  746.8000	             -409
  747.0000	             -426
  747.2000	             -424
  747.4000	             -441
  747.6000	             -421
  747.8000	             -414
  748.0000	             -412
  748.2000	             -421
  748.4000	             -376
  748.6000	             -396
  748.8000	             -384
  749.0000	             -387
  749.2000	             -425
  749.4000	             -424
  749.6000	             -404
  749.8000	             -424
  750.0000	             -401
  750.2000	             -320
  750.4000	              583
  750.6000	             -410
  750.8000	             -376
  751.0000	             -422
  751.2000	             -404
  751.4000	               60
  751.6000	             -433
  751.8000	             -365
  752.0000	             -440
  752.2000	             -440
  752.4000	             -375
  752.6000	             -425
  752.8000	             -423
  753.0000	             -403
  753.2000	             -376
  753.4000	             -376
  753.6000	             -436
  753.8000	             -373
  754.0000	             -422
  754.2000	             -440
  754.4000	             -376
  754.6000	             -425
  754.8000	             -413
  755.0000	             -373
  755.2000	             -418
  755.4000	             -384
  755.6000	             -399
  755.8000	             -416
  756.0000	             -362
  756.2000	             -435
  756.4000	             -412
  756.6000	             -389
  756.8000	             -389
  757.0000	             -423
  757.2000	             -424
  757.4000	             -377
  757.6000	             -422
  757.8000	             -403
  758.0000	             -405
  758.2000	             -437
  758.4000	             -426
  758.6000	             -423
  758.8000	             -416
  759.0000	             -409
  759.2000	             -424
  759.4000	             -414
  759.6000	             -430
  759.8000	             -424
  760.0000	             -427
  760.2000	             -376
  760.4000	             -395
  760.6000	             -375
  760.8000	             -393
  761.0000	             -365
  761.2000	             -375
  761.4000	             -376
  761.6000	             -423
  761.8000	             -377
  762.0000	             -414
  762.2000	             -434
  762.4000	             -398
  762.6000	             -421
  762.8000	             -429
  763.0000	             -376
  763.2000	             -376
  763.4000	               39
  763.6000	             -376
  763.8000	             -435
  764.0000	             -376
  764.2000	             -389
  764.4000	             -430
  764.6000	             -437
  764.8000	             -402
  765.0000	             -434
  765.2000	             -437
  765.4000	             -376
  765.6000	             -416
  765.8000	             -417
  766.0000	             -404
  766.2000	             -422
  766.4000	             -389
  766.6000	             -376
  766.8000	             -424
  767.0000	             -424
  767.2000	             -414
  767.4000	             -402
  767.6000	             -386
  767.8000	             -391
  768.0000	             -436
  768.2000	             -407
  768.4000	             -373
  768.6000	             -376
  768.8000	             -414
  769.0000	             -365
  769.2000	             -395
  769.4000	             -431
  769.6000	             -394
  769.8000	             -388
  770.0000	             -419
  770.2000	             -415
  770.4000	             -401
  770.6000	             -426
  770.8000	             -386
  771.0000	             -404
  771.2000	             -409
  771.4000	             -380
  771.6000	             -435
  771.8000	             -419
  772.0000	             -425
  772.2000	             -391
  772.4000	             -146
  772.6000	             -390
  772.8000	             -412
  773.0000	             -386
  773.2000	             -426
  773.4000	             -404
  773.6000	             -424
  773.8000	             -400
  774.0000	             -376
  774.2000	             -433
  774.4000	             -390
  774.6000	             -423
  774.8000	             -419
  775.0000	             -413
  775.2000	             -392
  775.4000	             -379
  775.6000	             -426
  775.8000	             -435
  776.0000	             -437
  776.2000	             -403
  776.4000	             -392
  776.6000	             -417
  776.8000	             -391
  777.0000	             -402
  777.2000	             -376
  777.4000	             -399
  777.6000	             -438
  777.8000	             -391
  778.0000	             -389
  778.2000	             -433
  778.4000	             -368
  778.6000	             -389
  778.8000	             -435
  779.0000	             -373
  779.2000	             -424
  779.4000	             -376
  779.6000	             -437
  779.8000	             -375
  780.0000	             -442
  780.2000	             -423
  780.4000	             -376
  780.6000	             -367
  780.8000	             -376
  781.0000	             -384
  781.2000	             -368
  781.4000	             -408
  781.6000	             -387
  781.8000	             -444
  782.0000	             -433
  782.2000	             -373
  782.4000	             -439
  782.6000	             -433
  782.8000	             -429
  783.0000	             -444
  783.2000	             -428
  783.4000	             -419
  783.6000	             -376
  783.8000	             -378
  784.0000	             -375
  784.2000	             -406
  784.4000	             -430
  784.6000	             -376
  784.8000	             -436
  785.0000	             -416
  785.2000	             -376
  785.4000	             -422
  785.6000	             -399
  785.8000	             -403
  786.0000	             -408
  786.2000	             -427
  786.4000	             -376
  786.6000	             -417
  786.8000	             -435
  787.0000	             -438
  787.2000	             -376
  787.4000	             -370
  787.6000	             -423
  787.8000	             -376
  788.0000	             -384
  788.2000	             -425
  788.4000	             -413
  788.6000	             -432
  788.8000	             -438
  789.0000	             -409
  789.2000	             -438
  789.4000	             -426
  789.6000	             -414
  789.8000	             -399
  790.0000	             -417
  790.2000	             -433
  790.4000	             -396
  790.6000	             -362
  790.8000	             -432
  791.0000	             -450
  791.2000	             -402
  791.4000	             -428
  791.6000	             -444
  791.8000	             -433
  792.0000	             -376
  792.2000	             -432
  792.4000	             -422
  792.6000	             -373
  792.8000	             -415
  793.0000	             -425
  793.2000	             -376
  793.4000	             -437
  793.6000	             -419
  793.8000	             -433
  794.0000	             -376
  794.2000	             -419
  794.4000	             -376
  794.6000	             -440
  794.8000	             -286
  795.0000	             -439
  795.2000	             -410
  795.4000	             -376
  795.6000	             -375
  795.8000	             -366
  796.0000	             -376
  796.2000	             -429
  796.4000	             -402
  796.6000	             -436
  796.8000	             -368
  797.0000	             -408
  797.2000	             -434
  797.4000	             -428
  797.6000	             -406
  797.8000	             -426
  798.0000	             -428
  798.2000	             -390
  798.4000	             -389
  798.6000	             -437
  798.8000	             -407
  799.0000	             -396
  799.2000	             -387
  799.4000	             -414
  799.6000	             -394
  799.8000	             -410
  800.0000	             -404
  800.2000	             -426
  800.4000	             -431
  800.6000	             -323
  800.8000	             -433
  801.0000	             -376
  801.2000	             -416
  801.4000	             -311
  801.6000	             -433
  801.8000	             -438
  802.0000	             -440
  802.2000	             -450
  802.4000	             -440
  802.6000	             -413
  802.8000	             -376
  803.0000	             -437
  803.2000	             -406
  803.4000	             -431
  803.6000	             -426
  803.8000	             -377
  804.0000	             -368
  804.2000	             -421
  804.4000	             -426
  804.6000	             -375
  804.8000	             -405
  805.0000	             -440
