  600.0000	             -382
  600.2000	             -424
  600.4000	             -386
  600.6000	             -376
  600.8000	             -417
  601.0000	             -377
  601.2000	             -416
  601.4000	             -421
  601.6000	             -375
  601.8000	             -391
  602.0000	             -428
  602.2000	             -373
  602.4000	             -424
  602.6000	             -404
  602.8000	             -424
  603.0000	             -410
  603.2000	             -419
  603.4000	             -373
  603.6000	             -421
  603.8000	             -432
  604.0000	             -440
  604.2000	             -375
  604.4000	             -407
  604.6000	             -366
  604.8000	             -376
  605.0000	             -414
  605.2000	             -376
  605.4000	             -414
  605.6000	             -380
  605.8000	             -415
  606.0000	             -419
  606.2000	             -393
  606.4000	             -424
  606.6000	             -428
  606.8000	             -391
  607.0000	             -432
  607.2000	             -417
  607.4000	             -434
  607.6000	             -416
  607.8000	             -366
  608.0000	             -402
  608.2000	             -424
  608.4000	             -406
  608.6000	             -418
  608.8000	             -429
  609.0000	             -436
  609.2000	             -436
  609.4000	             -361
  609.6000	             -434
  609.8000	             -424
  610.0000	             -434
  610.2000	             -374
  610.4000	             -428
  610.6000	             -433
  610.8000	             -417
  611.0000	             -424
  611.2000	             -426
  611.4000	             -387
  611.6000	             -413
  611.8000	             -418
  612.0000	             -383
  612.2000	             -425
  612.4000	             -412
  612.6000	             -420
  612.8000	             -424
  613.0000	             -428
  613.2000	             -408
  613.4000	             -420
  613.6000	             -387
  613.8000	             -375
  614.0000	             -432
  614.2000	             -431
  614.4000	             -351
  614.6000	             -376
  614.8000	             -373
  615.0000	             -376
  615.2000	             -438
  615.4000	             -424
  615.6000	             -409
  615.8000	             -404
  616.0000	             -412
  616.2000	             -376
  616.4000	             -419
  616.6000	             -436
  616.8000	             -427
  617.0000	             -428
  617.2000	             -401
  617.4000	             -436
  617.6000	             -416
  617.8000	             -399
  618.0000	             -394
  618.2000	             -428
  618.4000	             -413
  618.6000	             -360
  618.8000	             -426
  619.0000	             -403
  619.2000	             -376
  619.4000	             -412
  619.6000	             -383
  619.8000	             -374
  620.0000	             -433
  620.2000	             -424
  620.4000	             -391
  620.6000	             -391
  620.8000	             -437
  621.0000	             -395
  621.2000	             -404
  621.4000	             -409
  621.6000	             -427
  621.8000	             -417
  622.0000	             -375
  622.2000	             -373
  622.4000	             -414
  622.6000	             -412
  622.8000	             -435
  623.0000	             -399
  623.2000	             -428
  623.4000	             -420
  623.6000	             -414
  623.8000	             -398
  624.0000	             -376
  624.2000	             -413
  624.4000	             -411
  624.6000	             -375
  624.8000	             -404
  625.0000	             -413
  625.2000	             -428
  625.4000	             -399
  625.6000	             -432
  625.8000	             -402
  626.0000	             -373
  626.2000	             -422
  626.4000	             -403
  626.6000	             -376
  626.8000	             -394
  627.0000	             -399
  627.2000	             -411
  627.4000	             -383
  627.6000	             -394
  627.8000	             -426
  628.0000	             -389
  628.2000	             -424
  628.4000	             -388
  628.6000	             -404
  628.8000	             -426
  629.0000	             -424
  629.2000	             -376
  629.4000	             -376
  629.6000	             -425
  629.8000	             -360
  630.0000	             -428
  630.2000	             -419
  630.4000	             -373
  630.6000	             -424
  630.8000	             -415
  631.0000	             -417
  631.2000	             -424
  631.4000	             -423
  631.6000	             -432
  631.8000	             -373
  632.0000	             -427
  632.2000	             -415
  632.4000	             -429
  632.6000	             -384
  632.8000	             -432
  633.0000	             -415
  633.2000	             -430
  633.4000	             -434
  633.6000	             -398
  633.8000	             -375
  634.0000	             -424
  634.2000	             -427
  634.4000	             -428
  634.6000	             -425
  634.8000	             -421
  635.0000	             -421
  635.2000	             -405
  635.4000	             -439
  635.6000	             -376
  635.8000	             -375
  636.0000	             -403
  636.2000	             -413
  636.4000	             -428
  636.6000	             -351
  636.8000	             -436
  637.0000	             -360
  637.2000	             -389
  637.4000	             -433
  637.6000	             -408
  637.8000	             -409
  638.0000	             -410
  638.2000	             -376
  638.4000	             -351
  638.6000	             -384
  638.8000	             -423
  639.0000	             -421
  639.2000	             -417
  639.4000	             -426
  639.6000	             -375
  639.8000	             -411
  640.0000	             -417
  640.2000	             -398
  640.4000	             -405
  640.6000	             -450
  640.8000	             -376
  641.0000	             -425
  641.2000	             -375
  641.4000	             -429
  641.6000	             -432
  641.8000	             -384
  642.0000	             -376
  642.2000	             -428
  642.4000	             -428
  642.6000	             -398
  642.8000	             -424
  643.0000	             -428
  643.2000	             -419
  643.4000	             -392
  643.6000	             -433
  643.8000	             -419
  644.0000	             -376
  644.2000	             -422
  644.4000	             -407
  644.6000	             -398
  644.8000	             -389
  645.0000	             -420
  645.2000	             -415
  645.4000	             -420
  645.6000	             -421
  645.8000	             -401
  646.0000	             -373
  646.2000	             -424
  646.4000	             -363
  646.6000	             -388
  646.8000	             -383
  647.0000	             -434
  647.2000	             -430
  647.4000	             -434
  647.6000	             -401
  647.8000	             -425
  648.0000	             -434
  648.2000	             -366
  648.4000	             -376
  648.6000	             -373
  648.8000	             -402
  649.0000	             -433
  649.2000	             -422
  649.4000	             -370
  649.6000	             -420
  649.8000	             -376
  650.0000	             -394
  650.2000	             -399
  650.4000	             -403
  650.6000	             -404
  650.8000	             -416
  651.0000	             -426
  651.2000	             -403
  651.4000	             -407
  651.6000	             -396
  651.8000	             -388
  652.0000	             -376
  652.2000	             -398
  652.4000	             -414
  652.6000	             -415
  652.8000	             -369
  653.0000	             -404
  653.2000	             -412
  653.4000	             -392
  653.6000	             -412
  653.8000	             -404
  654.0000	             -376
  654.2000	             -424
  654.4000	             -402
  654.6000	             -376
  654.8000	             -427
  655.0000	             -420
  655.2000	             -402
  655.4000	             -404
  655.6000	             -421
  655.8000	             -392
  656.0000	             -406
  656.2000	             -398
  656.4000	             -424
  656.6000	             -393
  656.8000	             -419
  657.0000	             -432
  657.2000	             -401
  657.4000	             -410
  657.6000	             -397
  657.8000	             -357
  658.0000	             -394
  658.2000	             -424
  658.4000	             -383
  658.6000	             -413
  658.8000	             -414
  659.0000	             -371
  659.2000	             -396
  659.4000	             -415
  659.6000	             -354
  659.8000	             -404
  660.0000	             -412
  660.2000	             -369
  660.4000	             -387
  660.6000	             -377
  660.8000	             -420
  661.0000	             -395
  661.2000	             -375
  661.4000	             -421
  661.6000	             -375
  661.8000	             -407
  662.0000	             -406
  662.2000	             -394
  662.4000	             -384
  662.6000	             -402
  662.8000	             -401
  663.0000	             -426
  663.2000	             -392
  663.4000	             -433
  663.6000	             -375
  663.8000	             -362
  664.0000	             -415
  664.2000	             -416
  664.4000	             -432
  664.6000	             -428
  664.8000	             -419
  665.0000	             -376
  665.2000	             -417
  665.4000	             -359
  665.6000	             -396
  665.8000	             -414
  666.0000	             -380
  666.2000	             -421
  666.4000	             -401
  666.6000	             -424
  666.8000	             -402
  667.0000	             -406
  667.2000	             -406
  667.4000	             -361
  667.6000	             -405
  667.8000	             -351
  668.0000	             -376
  668.2000	             -361
  668.4000	             -417
  668.6000	             -428
  668.8000	             -367
  669.0000	             -409
  669.2000	             -419
  669.4000	             -392
  669.6000	             -419
  669.8000	             -413
  670.0000	             -417
  670.2000	             -398
  670.4000	             -323
  670.6000	             -417
  670.8000	             -362
  671.0000	             -398
  671.2000	             -410
  671.4000	             -402
  671.6000	             -377
  671.8000	             -413
  672.0000	             -428
  672.2000	             -376
  672.4000	             -373
  672.6000	             -402
  672.8000	             -431
  673.0000	             -406
  673.2000	             -429
  673.4000	             -424
  673.6000	             -428
  673.8000	             -428
  674.0000	             -403
  674.2000	             -389
  674.4000	             -423
  674.6000	             -423
  674.8000	             -424
  675.0000	             -383
  675.2000	             -392
  675.4000	             -413
  675.6000	             -428
  675.8000	             -375
  676.0000	             -413
  676.2000	             -378
  676.4000	             -424
  676.6000	             -407
  676.8000	             -417
  677.0000	             -412
  677.2000	             -369
  677.4000	             -365
  677.6000	             -393
  677.8000	             -383
  678.0000	             -417
  678.2000	             -424
  678.4000	             -428
  678.6000	             -376
  678.8000	             -391
  679.0000	             -375
  679.2000	             -428
  679.4000	             -425
  679.6000	             -395
  679.8000	             -422
  680.0000	             -413
  680.2000	             -399
  680.4000	             -433
  680.6000	             -407
  680.8000	             -381
  681.0000	             -418
  681.2000	             -402
  681.4000	             -414
  681.6000	             -421
  681.8000	             -431
  682.0000	             -421
  682.2000	             -376
  682.4000	             -430
  682.6000	             -376
  682.8000	             -424
  683.0000	             -426
  683.2000	             -424
  683.4000	             -435
  683.6000	             -376
  683.8000	             -420
  684.0000	             -360
  684.2000	             -413
  684.4000	             -428
  684.6000	             -376
  684.8000	             -426
  685.0000	             -418
  685.2000	             -376
  685.4000	             -427
  685.6000	             -426
  685.8000	             -395
  686.0000	             -376
  686.2000	             -417
  686.4000	             -376
  686.6000	             -416
  686.8000	             -373
  687.0000	             -422
  687.2000	             -363
  687.4000	             -408
  687.6000	             -421
  687.8000	             -384
  688.0000	             -394
  688.2000	             -402
  688.4000	             -419
  688.6000	             -387
  688.8000	             -414
  689.0000	             -429
  689.2000	             -402
  689.4000	             -404
  689.6000	             -377
  689.8000	             -383
  690.0000	             -358
  690.2000	             -425
  690.4000	             -389
  690.6000	             -422
  690.8000	             -384
  691.0000	             -376
  691.2000	             -417
  691.4000	             -422
  691.6000	             -384
  691.8000	             -424
  692.0000	             -436
  692.2000	             -402
  692.4000	             -376
  692.6000	             -387
  692.8000	             -434
  693.0000	             -426
  693.2000	             -387
  693.4000	             -368
  693.6000	             -417
  693.8000	             -428
  694.0000	             -434
  694.2000	             -425
  694.4000	             -433
  694.6000	             -395
  694.8000	             -432
  695.0000	             -404
  695.2000	             -408
  695.4000	             -428
  695.6000	             -393
  695.8000	             -424
  696.0000	             -428
  696.2000	             -376
  696.4000	             -330
  696.6000	             -309
  696.8000	             -428
  697.0000	             -389
  697.2000	             -433
  697.4000	             -419
  697.6000	             -424
  697.8000	             -362
  698.0000	             -424
  698.2000	             -426
  698.4000	             -416
  698.6000	             -416
  698.8000	             -428
  699.0000	             -399
  699.2000	             -399
  699.4000	             -416
  699.6000	             -426
  699.8000	             -434
  700.0000	             -409
  700.2000	             -376
  700.4000	             -417
  700.6000	             -428
  700.8000	             -428
  701.0000	             -420
  701.2000	             -410
  701.4000	             -427
  701.6000	             -411
  701.8000	             -413
  702.0000	             -424
  702.2000	             -417
  702.4000	             -422
  702.6000	             -422
  702.8000	             -401
  703.0000	             -376
  703.2000	             -437
  703.4000	             -384
  703.6000	             -436
  703.8000	             -376
  704.0000	             -433
  704.2000	             -399
  704.4000	             -403
  704.6000	             -403
  704.8000	             -376
  705.0000	             -424
  705.2000	             -424
  705.4000	             -436
  705.6000	             -427
  705.8000	             -397
  706.0000	             -416
  706.2000	             -375
  706.4000	             -426
  706.6000	             -325
  706.8000	             -415
  707.0000	             -427
  707.2000	             -410
  707.4000	             -414
  707.6000	             -424
  707.8000	             -421
  708.0000	             -435
  708.2000	             -403
  708.4000	             -373
  708.6000	             -376
  708.8000	             -408
  709.0000	             -376
  709.2000	             -376
  709.4000	             -419
  709.6000	             -376
  709.8000	             -430
  710.0000	             -412
  710.2000	             -431
  710.4000	             -436
  710.6000	             -412
  710.8000	             -429
  711.0000	             -373
  711.2000	             -373
  711.4000	             -424
  711.6000	             -427
  711.8000	             -428
  712.0000	             -376
  712.2000	             -446
  712.4000	             -424
  712.6000	             -418
  712.8000	             -429
  713.0000	             -403
  713.2000	             -367
  713.4000	             -384
  713.6000	             -432
  713.8000	             -376
  714.0000	             -389
  714.2000	             -414
  714.4000	             -429
  714.6000	             -360
  714.8000	             -416
  715.0000	             -376
  715.2000	             -428
  715.4000	             -433
  715.6000	             -421
  715.8000	             -409
  716.0000	             -423
  716.2000	             -418
  716.4000	             -417
  716.6000	             -425
  716.8000	             -399
  717.0000	             -418
  717.2000	             -414
  717.4000	             -376
  717.6000	             -428
  717.8000	             -417
  718.0000	             -399
  718.2000	             -368
  718.4000	             -389
  718.6000	             -368
  718.8000	             -437
  719.0000	             -428
  719.2000	             -375
  719.4000	             -417
  719.6000	             -388
  719.8000	             -373
  720.0000	             -435
  720.2000	             -403
  720.4000	             -374
  720.6000	             -436
  720.8000	             -418
  721.0000	             -402
  721.2000	             -376
  721.4000	             -410
  721.6000	             -423
  721.8000	             -404
  722.0000	             -402
  722.2000	             -395
  722.4000	             -387
  722.6000	             -426
  722.8000	             -427
  723.0000	             -366
  723.2000	             -426
  723.4000	             -375
  723.6000	             -360
  723.8000	             -416
  724.0000	             -413
  724.2000	             -435
  724.4000	             -432
  724.6000	             -421
  724.8000	             -365
  725.0000	             -428
  725.2000	             -424
  725.4000	             -435
  725.6000	             -414
  725.8000	             -374
  726.0000	             -416
  726.2000	             -382
  726.4000	             -416
  726.6000	             -404
  726.8000	             -432
  727.0000	             -382
  727.2000	             -323
  727.4000	             -389
  727.6000	             -423
  727.8000	             -402
  728.0000	             -427
  728.2000	             -410
  728.4000	             -388
  728.6000	             -420
  728.8000	             -439
  729.0000	             -427
  729.2000	             -419
  729.4000	             -377
  729.6000	             -379
  729.8000	             -363
  730.0000	             -430
  730.2000	             -399
  730.4000	             -426
  730.6000	             -428
  730.8000	             -380
  731.0000	             -426
  731.2000	             -376
  731.4000	             -376
  731.6000	             -376
  731.8000	             -433
  732.0000	             -376
  732.2000	             -410
  732.4000	             -418
  732.6000	             -424
  732.8000	             -419
  733.0000	             -362
  733.2000	             -434
  733.4000	             -399
  733.6000	             -377
  733.8000	             -404
  734.0000	             -383
  734.2000	             -424
  734.4000	             -381
  734.6000	             -376
  734.8000	             -405
  735.0000	             -365
  735.2000	             -406
  735.4000	             -362
  735.6000	             -409
  735.8000	             -370
  736.0000	             -398
  736.2000	             -428
  736.4000	             -405
  736.6000	             -404
  736.8000	             -398
  737.0000	             -396
  737.2000	             -380
  737.4000	             -382
  737.6000	             -398
  737.8000	             -375
  738.0000	             -432
  738.2000	             -363
  738.4000	             -124
  738.6000	             -398
  738.8000	             -396
  739.0000	             -440
  739.2000	             -424
  739.4000	             -424
  739.6000	             -419
  739.8000	             -389
  740.0000	             -375
  740.2000	             -432
  740.4000	             -404
  740.6000	             -426
  740.8000	             -428
  741.0000	             -383
  741.2000	             -376
  741.4000	             -387
  741.6000	             -376
  741.8000	             -416
  742.0000	             -376
  742.2000	             -371
  742.4000	             -376
  742.6000	             -404
  742.8000	             -425
  743.0000	             -420
  743.2000	             -375
  743.4000	             -414
  743.6000	             -420
  743.8000	             -375
  744.0000	             -437
  744.2000	             -404
  744.4000	             -416
  744.6000	             -375
  744.8000	             -383
  745.0000	             -415
  745.2000	             -412
  745.4000	             -408
  745.6000	             -421
  745.8000	             -420
  746.0000	             -408
  746.2000	             -421
  746.4000	             -401
  746.6000	             -413
  746.8000	             -419
  747.0000	             -399
  747.2000	             -388
  747.4000	             -413
  747.6000	             -376
  747.8000	             -386
  748.0000	             -424
  748.2000	             -398
  748.4000	             -374
  748.6000	             -402
  748.8000	             -384
  749.0000	             -365
  749.2000	             -434
  749.4000	             -399
  749.6000	             -376
  749.8000	             -388
  750.0000	             -420
  750.2000	             -296
  750.4000	             1278
  750.6000	             -406
  750.8000	             -418
  751.0000	             -424
  751.2000	             -420
  751.4000	              133
  751.6000	             -390
  751.8000	             -375
  752.0000	             -432
  752.2000	             -433
  752.4000	             -420
  752.6000	             -402
  752.8000	             -368
  753.0000	             -351
  753.2000	             -424
  753.4000	             -375
  753.6000	             -398
  753.8000	             -414
  754.0000	             -424
  754.2000	             -437
  754.4000	             -373
  754.6000	             -409
  754.8000	             -403
  755.0000	             -376
  755.2000	             -436
  755.4000	             -412
  755.6000	             -426
  755.8000	             -437
  756.0000	             -419
  756.2000	             -430
  756.4000	             -417
  756.6000	             -426
  756.8000	             -402
  757.0000	             -412
  757.2000	             -383
  757.4000	             -366
  757.6000	             -376
  757.8000	             -420
  758.0000	             -414
  758.2000	             -436
  758.4000	             -423
  758.6000	             -403
  758.8000	             -424
  759.0000	             -419
  759.2000	             -376
  759.4000	             -397
  759.6000	             -433
  759.8000	             -376
  760.0000	             -426
  760.2000	             -424
  760.4000	             -386
  760.6000	             -409
  760.8000	             -417
  761.0000	             -414
  761.2000	             -405
  761.4000	             -422
  761.6000	             -397
  761.8000	             -394
  762.0000	             -419
  762.2000	             -403
  762.4000	             -384
  762.6000	             -428
  762.8000	             -436
  763.0000	             -430
  763.2000	             -390
  763.4000	              159
  763.6000	             -413
  763.8000	             -425
  764.0000	             -402
  764.2000	             -403
  764.4000	             -402
  764.6000	             -412
  764.8000	             -375
  765.0000	             -389
  765.2000	             -404
  765.4000	             -412
  765.6000	             -393
  765.8000	             -424
  766.0000	             -395
  766.2000	             -402
  766.4000	             -428
  766.6000	             -402
  766.8000	             -424
  767.0000	             -406
  767.2000	             -356
  767.4000	             -389
  767.6000	             -421
  767.8000	             -444
  768.0000	             -413
  768.2000	             -420
  768.4000	             -436
  768.6000	             -424
  768.8000	             -406
  769.0000	             -396
  769.2000	             -417
  769.4000	             -376
  769.6000	             -384
  769.8000	             -421
  770.0000	             -384
  770.2000	             -368
  770.4000	             -407
  770.6000	             -392
  770.8000	             -411
  771.0000	             -413
  771.2000	             -390
  771.4000	             -370
  771.6000	             -403
  771.8000	             -419
  772.0000	             -392
  772.2000	             -400
  772.4000	              -29
  772.6000	             -420
  772.8000	             -403
  773.0000	             -386
  773.2000	             -420
  773.4000	             -364
  773.6000	             -403
  773.8000	             -398
  774.0000	             -388
  774.2000	             -394
  774.4000	             -358
  774.6000	             -374
  774.8000	             -369
  775.0000	             -389
  775.2000	             -401
  775.4000	             -404
  775.6000	             -401
  775.8000	             -414
  776.0000	             -428
  776.2000	             -426
  776.4000	             -429
  776.6000	             -434
  776.8000	             -404
  777.0000	             -404
  777.2000	             -436
  777.4000	             -428
  777.6000	             -392
  777.8000	             -389
  778.0000	             -425
  778.2000	             -439
  778.4000	             -416
  778.6000	             -389
  778.8000	             -429
  779.0000	             -422
  779.2000	             -409
  779.4000	             -398
  779.6000	             -429
  779.8000	             -421
  780.0000	             -422
  780.2000	             -405
  780.4000	             -427
  780.6000	             -376
  780.8000	             -375
  781.0000	             -438
  781.2000	             -399
  781.4000	             -428
  781.6000	             -376
  781.8000	             -409
  782.0000	             -368
  782.2000	             -424
  782.4000	             -443
  782.6000	             -373
  782.8000	             -436
  783.0000	             -410
  783.2000	             -426
  783.4000	             -413
  783.6000	             -427
  783.8000	             -373
  784.0000	             -440
  784.2000	             -437
  784.4000	             -428
  784.6000	             -436
  784.8000	             -434
  785.0000	             -402
  785.2000	             -359
  785.4000	             -423
  785.6000	             -410
  785.8000	             -375
  786.0000	             -448
  786.2000	             -436
  786.4000	             -400
  786.6000	             -402
  786.8000	             -432
  787.0000	             -437
  787.2000	             -426
  787.4000	             -401
  787.6000	             -375
  787.8000	             -422
  788.0000	             -421
  788.2000	             -368
  788.4000	             -431
  788.6000	             -424
  788.8000	             -425
  789.0000	             -376
  789.2000	             -395
  789.4000	             -427
  789.6000	             -432
  789.8000	             -414
  790.0000	             -395
  790.2000	             -432
  790.4000	             -396
  790.6000	             -373
  790.8000	             -433
  791.0000	             -432
  791.2000	             -426
  791.4000	             -373
  791.6000	             -424
  791.8000	             -417
  792.0000	             -376
  792.2000	             -425
  792.4000	             -435
  792.6000	             -368
  792.8000	             -389
  793.0000	             -375
  793.2000	             -394
  793.4000	             -375
  793.6000	             -402
  793.8000	             -440
  794.0000	             -405
  794.2000	             -422
  794.4000	             -424
  794.6000	             -389
  794.8000	             -166
  795.0000	             -428
  795.2000	             -423
  795.4000	             -398
  795.6000	             -419
  795.8000	             -373
  796.0000	             -434
  796.2000	             -436
  796.4000	             -367
  796.6000	             -380
  796.8000	             -418
  797.0000	             -404
  797.2000	             -436
  797.4000	             -394
  797.6000	             -389
  797.8000	             -421
  798.0000	             -418
  798.2000	             -424
  798.4000	             -376
  798.6000	             -396
  798.8000	             -421
  799.0000	             -410
  799.2000	             -410
  799.4000	             -413
  799.6000	             -375
  799.8000	             -428
  800.0000	             -375
  800.2000	             -424
  800.4000	             -402
  800.6000	             -276
  800.8000	             -426
  801.0000	             -430
  801.2000	             -356
  801.4000	             -257
  801.6000	             -440
  801.8000	             -392
  802.0000	             -362
  802.2000	             -435
  802.4000	             -424
  802.6000	             -358
  802.8000	             -418
  803.0000	             -420
  803.2000	             -419
  803.4000	             -366
  803.6000	             -384
  803.8000	             -389
  804.0000	             -424
  804.2000	             -376
  804.4000	             -433
  804.6000	             -423
  804.8000	             -402
  805.0000	             -410
