  600.0000	             -457
  600.2000	             -469
  600.4000	             -474
  600.6000	             -475
  600.8000	             -457
  601.0000	             -422
  601.2000	             -475
  601.4000	             -462
  601.6000	             -459
  601.8000	             -437
  602.0000	             -457
  602.2000	             -467
  602.4000	             -448
  602.6000	             -459
  602.8000	             -436
  603.0000	             -455
  603.2000	             -436
  603.4000	             -448
  603.6000	             -462
  603.8000	             -461
  604.0000	             -442
  604.2000	             -447
  604.4000	             -416
  604.6000	             -465
  604.8000	             -459
  605.0000	             -463
  605.2000	             -453
  605.4000	             -433
  605.6000	             -448
  605.8000	             -438
  606.0000	             -415
  606.2000	             -458
  606.4000	             -410
  606.6000	             -453
  606.8000	             -427
  607.0000	             -474
  607.2000	             -437
  607.4000	             -463
  607.6000	             -437
  607.8000	             -469
  608.0000	             -456
  608.2000	             -459
  608.4000	             -481
  608.6000	             -445
  608.8000	             -449
  609.0000	             -466
  609.2000	             -455
  609.4000	             -482
  609.6000	             -434
  609.8000	             -439
  610.0000	             -438
  610.2000	             -413
  610.4000	             -463
  610.6000	             -459
  610.8000	             -464
  611.0000	             -450
  611.2000	             -421
  611.4000	             -448
  611.6000	             -461
  611.8000	             -451
  612.0000	             -474
  612.2000	             -459
  612.4000	             -453
  612.6000	             -444
  612.8000	             -447
  613.0000	             -455
  613.2000	             -450
  613.4000	             -413
  613.6000	             -459
  613.8000	             -451
  614.0000	             -450
  614.2000	             -425
  614.4000	             -423
  614.6000	             -457
  614.8000	             -466
  615.0000	             -457
  615.2000	             -453
  615.4000	             -453
  615.6000	             -455
  615.8000	             -440
  616.0000	             -451
  616.2000	             -452
  616.4000	             -410
  616.6000	             -451
  616.8000	             -453
  617.0000	             -445
  617.2000	             -441
  617.4000	             -436
  617.6000	             -454
  617.8000	             -451
  618.0000	             -453
  618.2000	             -423
  618.4000	             -445
  618.6000	             -463
  618.8000	             -456
  619.0000	             -417
  619.2000	             -453
  619.4000	             -462
  619.6000	             -453
  619.8000	             -462
  620.0000	             -463
  620.2000	             -455
  620.4000	             -455
  620.6000	             -457
  620.8000	             -469
  621.0000	             -450
  621.2000	             -472
  621.4000	             -454
  621.6000	             -436
  621.8000	             -448
  622.0000	             -433
  622.2000	             -444
  622.4000	             -451
  622.6000	             -438
  622.8000	             -455
  623.0000	             -455
  623.2000	             -478
  623.4000	             -451
  623.6000	             -448
  623.8000	             -463
  624.0000	             -459
  624.2000	             -481
  624.4000	             -472
  624.6000	             -467
  624.8000	             -448
  625.0000	             -446
  625.2000	             -425
  625.4000	             -457
  625.6000	             -459
  625.8000	             -474
  626.0000	             -450
  626.2000	             -459
  626.4000	             -467
  626.6000	             -481
  626.8000	             -448
  627.0000	             -474
  627.2000	             -448
  627.4000	             -445
  627.6000	             -419
  627.8000	             -451
  628.0000	             -419
  628.2000	             -456
  628.4000	             -466
  628.6000	             -448
  628.8000	             -436
  629.0000	             -459
  629.2000	             -453
  629.4000	             -477
  629.6000	             -438
  629.8000	             -432
  630.0000	             -452
  630.2000	             -448
  630.4000	             -444
  630.6000	             -461
  630.8000	             -463
  631.0000	             -436
  631.2000	             -474
  631.4000	             -460
  631.6000	             -442
  631.8000	             -456
  632.0000	             -459
  632.2000	             -431
  632.4000	             -423
  632.6000	             -450
  632.8000	             -459
  633.0000	             -457
  633.2000	             -472
  633.4000	             -466
  633.6000	             -423
  633.8000	             -448
  634.0000	             -463
  634.2000	             -448
  634.4000	             -473
  634.6000	             -471
  634.8000	             -432
  635.0000	             -448
  635.2000	             -447
  635.4000	             -466
  635.6000	             -466
  635.8000	             -452
  636.0000	             -437
  636.2000	             -481
  636.4000	             -463
  636.6000	             -403
  636.8000	             -433
  637.0000	             -455
  637.2000	             -397
  637.4000	             -455
  637.6000	             -425
  637.8000	             -474
  638.0000	             -450
  638.2000	             -432
  638.4000	             -450
  638.6000	             -463
  638.8000	             -474
  639.0000	             -433
  639.2000	             -455
  639.4000	             -421
  639.6000	             -446
  639.8000	             -464
  640.0000	             -445
  640.2000	             -466
  640.4000	             -452
  640.6000	             -450
  640.8000	             -447
  641.0000	             -457
  641.2000	             -445
  641.4000	             -452
  641.6000	             -474
  641.8000	             -459
  642.0000	             -425
  642.2000	             -445
  642.4000	             -419
  642.6000	             -468
  642.8000	             -474
  643.0000	             -450
  643.2000	             -455
  643.4000	             -455
  643.6000	             -474
  643.8000	             -458
  644.0000	             -408
  644.2000	             -474
  644.4000	             -451
  644.6000	             -463
  644.8000	             -438
  645.0000	             -398
  645.2000	             -445
  645.4000	             -416
  645.6000	             -474
  645.8000	             -404
  646.0000	             -463
  646.2000	             -436
  646.4000	             -449
  646.6000	             -415
  646.8000	             -464
  647.0000	             -437
  647.2000	             -439
  647.4000	             -465
  647.6000	             -453
  647.8000	             -461
  648.0000	             -440
  648.2000	             -474
  648.4000	             -461
  648.6000	             -448
  648.8000	             -449
  649.0000	             -481
  649.2000	             -412
  649.4000	             -436
  649.6000	             -438
  649.8000	             -438
  650.0000	             -461
  650.2000	             -447
  650.4000	             -453
  650.6000	             -422
  650.8000	             -467
  651.0000	             -418
  651.2000	             -476
  651.4000	             -466
  651.6000	             -452
  651.8000	             -468
  652.0000	             -449
  652.2000	             -455
  652.4000	             -432
  652.6000	             -405
  652.8000	             -406
  653.0000	             -449
  653.2000	             -479
  653.4000	             -450
  653.6000	             -465
  653.8000	             -474
  654.0000	             -463
  654.2000	             -454
  654.4000	             -397
  654.6000	             -447
  654.8000	             -452
  655.0000	             -436
  655.2000	             -449
  655.4000	             -463
  655.6000	             -458
  655.8000	             -474
  656.0000	             -418
  656.2000	             -474
  656.4000	             -438
  656.6000	             -438
  656.8000	             -456
  657.0000	             -434
  657.2000	             -440
  657.4000	             -444
  657.6000	             -410
  657.8000	             -449
  658.0000	             -463
  658.2000	             -454
  658.4000	             -446
  658.6000	             -458
  658.8000	             -424
  659.0000	             -404
  659.2000	             -423
  659.4000	             -385
  659.6000	             -445
  659.8000	             -458
  660.0000	             -435
  660.2000	             -406
  660.4000	             -420
  660.6000	             -462
  660.8000	             -437
  661.0000	             -441
  661.2000	             -428
  661.4000	             -425
  661.6000	             -466
  661.8000	             -398
  662.0000	             -402
  662.2000	             -410
  662.4000	             -429
  662.6000	             -445
  662.8000	             -449
  663.0000	             -386
  663.2000	             -474
  663.4000	             -449
  663.6000	             -435
  663.8000	             -432
  664.0000	             -450
  664.2000	             -474
  664.4000	             -456
  664.6000	             -474
  664.8000	             -453
  665.0000	             -459
  665.2000	             -434
  665.4000	             -458
  665.6000	             -438
  665.8000	             -464
  666.0000	             -401
  666.2000	             -450
  666.4000	             -461
  666.6000	             -462
  666.8000	             -466
  667.0000	             -452
  667.2000	             -446
  667.4000	             -390
  667.6000	             -438
  667.8000	             -427
  668.0000	             -397
  668.2000	             -407
  668.4000	             -406
  668.6000	             -433
  668.8000	             -421
  669.0000	             -418
  669.2000	             -390
  669.4000	             -410
  669.6000	             -451
  669.8000	             -406
  670.0000	             -469
  670.2000	             -402
  670.4000	             -428
  670.6000	             -423
  670.8000	             -479
  671.0000	             -453
  671.2000	             -464
  671.4000	             -436
  671.6000	             -397
  671.8000	             -448
  672.0000	             -445
  672.2000	             -472
  672.4000	             -464
  672.6000	             -466
  672.8000	             -449
  673.0000	             -463
  673.2000	             -436
  673.4000	             -453
  673.6000	             -463
  673.8000	             -446
  674.0000	             -437
  674.2000	             -459
  674.4000	             -449
  674.6000	             -438
  674.8000	             -461
  675.0000	             -457
  675.2000	             -444
  675.4000	             -432
  675.6000	             -406
  675.8000	             -438
  676.0000	             -436
  676.2000	             -474
  676.4000	             -431
  676.6000	             -456
  676.8000	             -403
  677.0000	             -474
  677.2000	             -453
  677.4000	             -449
  677.6000	             -406
  677.8000	             -420
  678.0000	             -431
  678.2000	             -438
  678.4000	             -431
  678.6000	             -412
  678.8000	             -442
  679.0000	             -456
  679.2000	             -448
  679.4000	             -462
  679.6000	             -458
  679.8000	             -436
  680.0000	             -440
  680.2000	             -448
  680.4000	             -445
  680.6000	             -459
  680.8000	             -449
  681.0000	             -452
  681.2000	             -472
  681.4000	             -460
  681.6000	             -451
  681.8000	             -451
  682.0000	             -465
  682.2000	             -457
  682.4000	             -463
  682.6000	             -442
  682.8000	             -459
  683.0000	             -448
  683.2000	             -449
  683.4000	             -442
  683.6000	             -457
  683.8000	             -453
  684.0000	             -447
  684.2000	             -453
  684.4000	             -436
  684.6000	             -448
  684.8000	             -456
  685.0000	             -455
  685.2000	             -410
  685.4000	             -427
  685.6000	             -413
  685.8000	             -447
  686.0000	             -453
  686.2000	             -447
  686.4000	             -438
  686.6000	             -438
  686.8000	             -459
  687.0000	             -437
  687.2000	             -474
  687.4000	             -438
  687.6000	             -436
  687.8000	             -465
  688.0000	             -448
  688.2000	             -470
  688.4000	             -447
  688.6000	             -446
  688.8000	             -445
  689.0000	             -464
  689.2000	             -455
  689.4000	             -455
  689.6000	             -429
  689.8000	             -463
  690.0000	             -471
  690.2000	             -451
  690.4000	             -466
  690.6000	             -459
  690.8000	             -448
  691.0000	             -423
  691.2000	             -457
  691.4000	             -467
  691.6000	             -452
  691.8000	             -476
  692.0000	             -454
  692.2000	             -458
  692.4000	             -457
  692.6000	             -450
  692.8000	             -482
  693.0000	             -445
  693.2000	             -452
  693.4000	             -463
  693.6000	             -451
  693.8000	             -472
  694.0000	             -461
  694.2000	             -473
  694.4000	             -481
  694.6000	             -452
  694.8000	             -450
  695.0000	             -459
  695.2000	             -445
  695.4000	             -429
  695.6000	             -449
  695.8000	             -474
  696.0000	             -449
  696.2000	             -445
  696.4000	             -421
  696.6000	              -45
  696.8000	             -465
  697.0000	             -459
  697.2000	             -457
  697.4000	             -453
  697.6000	             -446
  697.8000	             -460
  698.0000	             -455
  698.2000	             -459
  698.4000	             -457
  698.6000	             -465
  698.8000	             -445
  699.0000	             -438
  699.2000	             -440
  699.4000	             -436
  699.6000	             -449
  699.8000	             -402
  700.0000	             -401
  700.2000	             -453
  700.4000	             -445
  700.6000	             -468
  700.8000	             -474
  701.0000	             -455
  701.2000	             -459
  701.4000	             -452
  701.6000	             -445
  701.8000	             -457
  702.0000	             -456
  702.2000	             -471
  702.4000	             -442
  702.6000	             -472
  702.8000	             -445
  703.0000	             -458
  703.2000	             -453
  703.4000	             -459
  703.6000	             -454
  703.8000	             -474
  704.0000	             -473
  704.2000	             -454
  704.4000	             -455
  704.6000	             -399
  704.8000	             -423
  705.0000	             -436
  705.2000	             -473
  705.4000	             -438
  705.6000	             -451
  705.8000	             -450
  706.0000	             -465
  706.2000	             -473
  706.4000	             -454
  706.6000	             -371
  706.8000	             -353
  707.0000	             -440
  707.2000	             -444
  707.4000	             -447
  707.6000	             -445
  707.8000	             -459
  708.0000	             -453
  708.2000	             -464
  708.4000	             -457
  708.6000	             -450
  708.8000	             -459
  709.0000	             -472
  709.2000	             -448
  709.4000	             -472
  709.6000	             -464
  709.8000	             -463
  710.0000	             -453
  710.2000	             -453
  710.4000	             -465
  710.6000	             -469
  710.8000	             -451
  711.0000	             -463
  711.2000	             -477
  711.4000	             -423
  711.6000	             -451
  711.8000	             -451
  712.0000	             -460
  712.2000	             -438
  712.4000	             -466
  712.6000	             -417
  712.8000	             -435
  713.0000	             -443
  713.2000	             -445
  713.4000	             -463
  713.6000	             -472
  713.8000	             -423
  714.0000	             -453
  714.2000	             -463
  714.4000	             -456
  714.6000	             -472
  714.8000	             -455
  715.0000	             -476
  715.2000	             -455
  715.4000	             -448
  715.6000	             -460
  715.8000	             -445
  716.0000	             -467
  716.2000	             -461
  716.4000	             -432
  716.6000	             -473
  716.8000	             -455
  717.0000	             -423
  717.2000	             -459
  717.4000	             -445
  717.6000	             -458
  717.8000	             -460
  718.0000	             -455
  718.2000	             -432
  718.4000	             -454
  718.6000	             -460
  718.8000	             -445
  719.0000	             -457
  719.2000	             -445
  719.4000	             -445
  719.6000	             -436
  719.8000	             -481
  720.0000	             -455
  720.2000	             -450
  720.4000	             -464
  720.6000	             -467
  720.8000	             -447
  721.0000	             -456
  721.2000	             -449
  721.4000	             -457
  721.6000	             -463
  721.8000	             -463
  722.0000	             -442
  722.2000	             -472
  722.4000	             -402
  722.6000	             -466
  722.8000	             -439
  723.0000	             -474
  723.2000	             -481
  723.4000	             -447
  723.6000	             -448
  723.8000	             -429
  724.0000	             -445
  724.2000	             -432
  724.4000	             -451
  724.6000	             -402
  724.8000	             -447
  725.0000	             -467
  725.2000	             -441
  725.4000	             -462
  725.6000	             -457
  725.8000	             -440
  726.0000	             -425
  726.2000	             -441
  726.4000	             -445
  726.6000	             -438
  726.8000	             -453
  727.0000	             -453
  727.2000	             -350
  727.4000	             -464
  727.6000	             -456
  727.8000	             -440
  728.0000	             -451
  728.2000	             -438
  728.4000	             -463
  728.6000	             -472
  728.8000	             -451
  729.0000	             -462
  729.2000	             -473
  729.4000	             -448
  729.6000	             -456
  729.8000	             -479
  730.0000	             -463
  730.2000	             -450
  730.4000	             -431
  730.6000	             -463
  730.8000	             -467
  731.0000	             -463
  731.2000	             -438
  731.4000	             -463
  731.6000	             -454
  731.8000	             -456
  732.0000	             -448
  732.2000	             -459
  732.4000	             -439
  732.6000	             -446
  732.8000	             -455
  733.0000	             -438
  733.2000	             -448
  733.4000	             -474
  733.6000	             -474
  733.8000	             -452
  734.0000	             -454
  734.2000	             -455
  734.4000	             -443
  734.6000	             -437
  734.8000	             -445
  735.0000	             -459
  735.2000	             -445
  735.4000	             -459
  735.6000	             -421
  735.8000	             -393
  736.0000	             -467
  736.2000	             -448
  736.4000	             -436
  736.6000	             -438
  736.8000	             -458
  737.0000	             -448
  737.2000	             -448
  737.4000	             -418
  737.6000	             -434
  737.8000	             -445
  738.0000	             -417
  738.2000	             -447
  738.4000	              204
  738.6000	             -428
  738.8000	             -445
  739.0000	             -448
  739.2000	             -436
  739.4000	             -452
  739.6000	             -439
  739.8000	             -462
  740.0000	             -453
  740.2000	             -418
  740.4000	             -452
  740.6000	             -438
  740.8000	             -455
  741.0000	             -445
  741.2000	             -445
  741.4000	             -418
  741.6000	             -466
  741.8000	             -460
  742.0000	             -455
  742.2000	             -475
  742.4000	             -451
  742.6000	             -444
  742.8000	             -440
  743.0000	             -448
  743.2000	             -415
  743.4000	             -399
  743.6000	             -474
  743.8000	             -456
  744.0000	             -417
  744.2000	             -452
  744.4000	             -445
  744.6000	             -474
  744.8000	             -444
  745.0000	             -417
  745.2000	             -445
  745.4000	             -463
  745.6000	             -426
  745.8000	             -464
  746.0000	             -464
  746.2000	             -468
  746.4000	             -474
  746.6000	             -457
  746.8000	             -467
  747.0000	             -433
  747.2000	             -463
  747.4000	             -433
  747.6000	             -431
  747.8000	             -398
  748.0000	             -468
  748.2000	             -465
  748.4000	             -453
  748.6000	             -438
  748.8000	             -466
  749.0000	             -443
  749.2000	             -451
  749.4000	             -451
  749.6000	             -440
  749.8000	             -439
  750.0000	             -406
  750.2000	             -349
  750.4000	             3519
  750.6000	             -421
  750.8000	             -481
  751.0000	             -468
  751.2000	             -448
  751.4000	              529
  751.6000	             -406
  751.8000	             -428
  752.0000	             -461
  752.2000	             -457
  752.4000	             -439
  752.6000	             -447
  752.8000	             -468
  753.0000	             -423
  753.2000	             -452
  753.4000	             -453
  753.6000	             -461
  753.8000	             -445
  754.0000	             -437
  754.2000	             -452
  754.4000	             -481
  754.6000	             -438
  754.8000	             -438
  755.0000	             -473
  755.2000	             -459
  755.4000	             -461
  755.6000	             -410
  755.8000	             -456
  756.0000	             -456
  756.2000	             -451
  756.4000	             -466
  756.6000	             -455
  756.8000	             -456
  757.0000	             -417
  757.2000	             -456
  757.4000	             -415
  757.6000	             -430
  757.8000	             -432
  758.0000	             -432
  758.2000	             -439
  758.4000	             -433
  758.6000	             -450
  758.8000	             -449
  759.0000	             -488
  759.2000	             -431
  759.4000	             -425
  759.6000	             -438
  759.8000	             -446
  760.0000	             -458
  760.2000	             -453
  760.4000	             -456
  760.6000	             -445
  760.8000	             -438
  761.0000	             -399
  761.2000	             -428
  761.4000	             -410
  761.6000	             -438
  761.8000	             -448
  762.0000	             -438
  762.2000	             -460
  762.4000	             -406
  762.6000	             -454
  762.8000	             -459
  763.0000	             -442
  763.2000	             -434
  763.4000	              324
  763.6000	             -434
  763.8000	             -461
  764.0000	             -459
  764.2000	             -446
  764.4000	             -459
  764.6000	             -461
  764.8000	             -448
  765.0000	             -445
  765.2000	             -458
  765.4000	             -445
  765.6000	             -462
  765.8000	             -423
  766.0000	             -436
  766.2000	             -452
  766.4000	             -452
  766.6000	             -459
  766.8000	             -399
  767.0000	             -466
  767.2000	             -448
  767.4000	             -445
  767.6000	             -461
  767.8000	             -474
  768.0000	             -461
  768.2000	             -468
  768.4000	             -434
  768.6000	             -412
  768.8000	             -464
  769.0000	             -413
  769.2000	             -433
  769.4000	             -456
  769.6000	             -439
  769.8000	             -438
  770.0000	             -436
  770.2000	             -403
  770.4000	             -460
  770.6000	             -411
  770.8000	             -442
  771.0000	             -431
  771.2000	             -421
  771.4000	             -406
  771.6000	             -430
  771.8000	             -439
  772.0000	             -443
  772.2000	             -403
  772.4000	              419
  772.6000	             -397
  772.8000	             -401
  773.0000	             -390
  773.2000	             -465
  773.4000	             -455
  773.6000	             -418
  773.8000	             -417
  774.0000	             -436
  774.2000	             -447
  774.4000	             -461
  774.6000	             -434
  774.8000	             -426
  775.0000	             -464
  775.2000	             -426
  775.4000	             -467
  775.6000	             -455
  775.8000	             -463
  776.0000	             -467
  776.2000	             -447
  776.4000	             -463
  776.6000	             -455
  776.8000	             -439
  777.0000	             -461
  777.2000	             -448
  777.4000	             -434
  777.6000	             -419
  777.8000	             -450
  778.0000	             -463
  778.2000	             -458
  778.4000	             -457
  778.6000	             -438
  778.8000	             -451
  779.0000	             -476
  779.2000	             -463
  779.4000	             -451
  779.6000	             -410
  779.8000	             -461
  780.0000	             -469
  780.2000	             -459
  780.4000	             -458
  780.6000	             -453
  780.8000	             -466
  781.0000	             -453
  781.2000	             -453
  781.4000	             -445
  781.6000	             -452
  781.8000	             -461
  782.0000	             -445
  782.2000	             -458
  782.4000	             -445
  782.6000	             -455
  782.8000	             -452
  783.0000	             -450
  783.2000	             -457
  783.4000	             -460
  783.6000	             -453
  783.8000	             -445
  784.0000	             -445
  784.2000	             -457
  784.4000	             -459
  784.6000	             -484
  784.8000	             -467
  785.0000	             -449
  785.2000	             -457
  785.4000	             -450
  785.6000	             -457
  785.8000	             -453
  786.0000	             -468
  786.2000	             -467
  786.4000	             -445
  786.6000	             -423
  786.8000	             -450
  787.0000	             -445
  787.2000	             -473
  787.4000	             -447
  787.6000	             -464
  787.8000	             -466
  788.0000	             -471
  788.2000	             -448
  788.4000	             -457
  788.6000	             -460
  788.8000	             -450
  789.0000	             -451
  789.2000	             -449
  789.4000	             -452
  789.6000	             -453
  789.8000	             -467
  790.0000	             -483
  790.2000	             -474
  790.4000	             -425
  790.6000	             -460
  790.8000	             -480
  791.0000	             -452
  791.2000	             -453
  791.4000	             -466
  791.6000	             -470
  791.8000	             -458
  792.0000	             -466
  792.2000	             -446
  792.4000	             -466
  792.6000	             -459
  792.8000	             -432
  793.0000	             -445
  793.2000	             -479
  793.4000	             -473
  793.6000	             -449
  793.8000	             -445
  794.0000	             -476
  794.2000	             -452
  794.4000	             -460
  794.6000	             -473
  794.8000	               66
  795.0000	             -457
  795.2000	             -471
  795.4000	             -451
  795.6000	             -445
  795.8000	             -445
  796.0000	             -445
  796.2000	             -406
  796.4000	             -466
  796.6000	             -457
  796.8000	             -432
  797.0000	             -457
  797.2000	             -457
  797.4000	             -460
  797.6000	             -448
  797.8000	             -467
  798.0000	             -459
  798.2000	             -461
  798.4000	             -473
  798.6000	             -456
  798.8000	             -462
  799.0000	             -451
  799.2000	             -470
  799.4000	             -481
  799.6000	             -463
  799.8000	             -477
  800.0000	             -445
  800.2000	             -468
  800.4000	             -462
  800.6000	             -242
  800.8000	             -453
  801.0000	             -490
  801.2000	             -457
  801.4000	             -227
  801.6000	             -455
  801.8000	             -457
  802.0000	             -445
  802.2000	             -468
  802.4000	             -445
  802.6000	             -453
  802.8000	             -450
  803.0000	             -467
  803.2000	             -480
  803.4000	             -466
  803.6000	             -451
  803.8000	             -454
  804.0000	             -449
  804.2000	             -445
  804.4000	             -463
  804.6000	             -453
  804.8000	             -439
  805.0000	             -453
