  600.0000	             -438
  600.2000	             -473
  600.4000	             -458
  600.6000	             -465
  600.8000	             -436
  601.0000	             -451
  601.2000	             -403
  601.4000	             -425
  601.6000	             -446
  601.8000	             -474
  602.0000	             -446
  602.2000	             -444
  602.4000	             -449
  602.6000	             -463
  602.8000	             -436
  603.0000	             -464
  603.2000	             -441
  603.4000	             -434
  603.6000	             -433
  603.8000	             -452
  604.0000	             -436
  604.2000	             -438
  604.4000	             -398
  604.6000	             -463
  604.8000	             -452
  605.0000	             -423
  605.2000	             -450
  605.4000	             -420
  605.6000	             -418
  605.8000	             -432
  606.0000	             -425
  606.2000	             -416
  606.4000	             -432
  606.6000	             -428
  606.8000	             -458
  607.0000	             -481
  607.2000	             -460
  607.4000	             -423
  607.6000	             -432
  607.8000	             -461
  608.0000	             -431
  608.2000	             -459
  608.4000	             -463
  608.6000	             -459
  608.8000	             -463
  609.0000	             -431
  609.2000	             -467
  609.4000	             -463
  609.6000	             -463
  609.8000	             -412
  610.0000	             -444
  610.2000	             -436
  610.4000	             -451
  610.6000	             -436
  610.8000	             -436
  611.0000	             -422
  611.2000	             -453
  611.4000	             -466
  611.6000	             -463
  611.8000	             -450
  612.0000	             -477
  612.2000	             -474
  612.4000	             -453
  612.6000	             -425
  612.8000	             -463
  613.0000	             -445
  613.2000	             -448
  613.4000	             -463
  613.6000	             -459
  613.8000	             -457
  614.0000	             -447
  614.2000	             -442
  614.4000	             -457
  614.6000	             -450
  614.8000	             -451
  615.0000	             -461
  615.2000	             -450
  615.4000	             -431
  615.6000	             -445
  615.8000	             -451
  616.0000	             -463
  616.2000	             -449
  616.4000	             -419
  616.6000	             -417
  616.8000	             -459
  617.0000	             -442
  617.2000	             -463
  617.4000	             -457
  617.6000	             -446
  617.8000	             -432
  618.0000	             -438
  618.2000	             -440
  618.4000	             -454
  618.6000	             -438
  618.8000	             -419
  619.0000	             -472
  619.2000	             -461
  619.4000	             -449
  619.6000	             -469
  619.8000	             -466
  620.0000	             -451
  620.2000	             -454
  620.4000	             -445
  620.6000	             -436
  620.8000	             -452
  621.0000	             -459
  621.2000	             -457
  621.4000	             -457
  621.6000	             -429
  621.8000	             -461
  622.0000	             -457
  622.2000	             -455
  622.4000	             -459
  622.6000	             -447
  622.8000	             -481
  623.0000	             -456
  623.2000	             -440
  623.4000	             -438
  623.6000	             -464
  623.8000	             -464
  624.0000	             -463
  624.2000	             -451
  624.4000	             -457
  624.6000	             -463
  624.8000	             -451
  625.0000	             -437
  625.2000	             -448
  625.4000	             -444
  625.6000	             -488
  625.8000	             -423
  626.0000	             -481
  626.2000	             -429
  626.4000	             -439
  626.6000	             -466
  626.8000	             -442
  627.0000	             -451
  627.2000	             -417
  627.4000	             -459
  627.6000	             -437
  627.8000	             -472
  628.0000	             -467
  628.2000	             -474
  628.4000	             -459
  628.6000	             -438
  628.8000	             -438
  629.0000	             -377
  629.2000	             -438
  629.4000	             -437
  629.6000	             -431
  629.8000	             -434
  630.0000	             -454
  630.2000	             -439
  630.4000	             -464
  630.6000	             -406
  630.8000	             -445
  631.0000	             -446
  631.2000	             -432
  631.4000	             -461
  631.6000	             -445
  631.8000	             -463
  632.0000	             -472
  632.2000	             -432
  632.4000	             -438
  632.6000	             -461
  632.8000	             -463
  633.0000	             -425
  633.2000	             -446
  633.4000	             -456
  633.6000	             -460
  633.8000	             -444
  634.0000	             -436
  634.2000	             -423
  634.4000	             -466
  634.6000	             -436
  634.8000	             -445
  635.0000	             -463
  635.2000	             -461
  635.4000	             -448
  635.6000	             -461
  635.8000	             -465
  636.0000	             -466
  636.2000	             -464
  636.4000	             -423
  636.6000	             -457
  636.8000	             -420
  637.0000	             -438
  637.2000	             -437
  637.4000	             -425
  637.6000	             -417
  637.8000	             -462
  638.0000	             -450
  638.2000	             -445
  638.4000	             -461
  638.6000	             -432
  638.8000	             -417
  639.0000	             -417
  639.2000	             -463
  639.4000	             -425
  639.6000	             -465
  639.8000	             -481
  640.0000	             -456
  640.2000	             -453
  640.4000	             -460
  640.6000	             -474
  640.8000	             -460
  641.0000	             -463
  641.2000	             -453
  641.4000	             -438
  641.6000	             -397
  641.8000	             -451
  642.0000	             -406
  642.2000	             -433
  642.4000	             -444
  642.6000	             -461
  642.8000	             -425
  643.0000	             -456
  643.2000	             -479
  643.4000	             -425
  643.6000	             -398
  643.8000	             -428
  644.0000	             -466
  644.2000	             -441
  644.4000	             -415
  644.6000	             -433
  644.8000	             -464
  645.0000	             -464
  645.2000	             -453
  645.4000	             -447
  645.6000	             -406
  645.8000	             -390
  646.0000	             -438
  646.2000	             -444
  646.4000	             -441
  646.6000	             -406
  646.8000	             -425
  647.0000	             -458
  647.2000	             -466
  647.4000	             -462
  647.6000	             -474
  647.8000	             -448
  648.0000	             -459
  648.2000	             -466
  648.4000	             -445
  648.6000	             -425
  648.8000	             -459
  649.0000	             -477
  649.2000	             -461
  649.4000	             -444
  649.6000	             -464
  649.8000	             -463
  650.0000	             -436
  650.2000	             -459
  650.4000	             -425
  650.6000	             -397
  650.8000	             -406
  651.0000	             -450
  651.2000	             -418
  651.4000	             -424
  651.6000	             -421
  651.8000	             -446
  652.0000	             -398
  652.2000	             -440
  652.4000	             -396
  652.6000	             -421
  652.8000	             -444
  653.0000	             -474
  653.2000	             -394
  653.4000	             -413
  653.6000	             -427
  653.8000	             -404
  654.0000	             -405
  654.2000	             -432
  654.4000	             -421
  654.6000	             -462
  654.8000	             -464
  655.0000	             -461
  655.2000	             -456
  655.4000	             -457
  655.6000	             -466
  655.8000	             -470
  656.0000	             -457
  656.2000	             -435
  656.4000	             -443
  656.6000	             -420
  656.8000	             -420
  657.0000	             -444
  657.2000	             -431
  657.4000	             -449
  657.6000	             -419
  657.8000	             -406
  658.0000	             -450
  658.2000	             -397
  658.4000	             -390
  658.6000	             -453
  658.8000	             -453
  659.0000	             -398
  659.2000	             -424
  659.4000	             -412
  659.6000	             -444
  659.8000	             -418
  660.0000	             -421
  660.2000	             -409
  660.4000	             -418
  660.6000	             -389
  660.8000	             -451
  661.0000	             -425
  661.2000	             -404
  661.4000	             -416
  661.6000	             -461
  661.8000	             -451
  662.0000	             -450
  662.2000	             -401
  662.4000	             -461
  662.6000	             -447
  662.8000	             -461
  663.0000	             -445
  663.2000	             -425
  663.4000	             -418
  663.6000	             -451
  663.8000	             -449
  664.0000	             -417
  664.2000	             -461
  664.4000	             -449
  664.6000	             -466
  664.8000	             -410
  665.0000	             -467
  665.2000	             -445
  665.4000	             -413
  665.6000	             -474
  665.8000	             -398
  666.0000	             -392
  666.2000	             -444
  666.4000	             -418
  666.6000	             -446
  666.8000	             -441
  667.0000	             -457
  667.2000	             -411
  667.4000	             -437
  667.6000	             -430
  667.8000	             -412
  668.0000	             -416
  668.2000	             -453
  668.4000	             -431
  668.6000	             -446
  668.8000	             -433
  669.0000	             -404
  669.2000	             -412
  669.4000	             -434
  669.6000	             -460
  669.8000	             -398
  670.0000	             -406
  670.2000	             -462
  670.4000	             -423
  670.6000	             -463
  670.8000	             -456
  671.0000	             -417
  671.2000	             -418
  671.4000	             -439
  671.6000	             -474
  671.8000	             -456
  672.0000	             -417
  672.2000	             -459
  672.4000	             -455
  672.6000	             -397
  672.8000	             -459
  673.0000	             -459
  673.2000	             -463
  673.4000	             -473
  673.6000	             -448
  673.8000	             -430
  674.0000	             -417
  674.2000	             -410
  674.4000	             -464
  674.6000	             -460
  674.8000	             -456
  675.0000	             -452
  675.2000	             -457
  675.4000	             -411
  675.6000	             -440
  675.8000	             -434
  676.0000	             -479
  676.2000	             -425
  676.4000	             -432
  676.6000	             -449
  676.8000	             -466
  677.0000	             -466
  677.2000	             -455
  677.4000	             -406
  677.6000	             -455
  677.8000	             -450
  678.0000	             -461
  678.2000	             -433
  678.4000	             -438
  678.6000	             -438
  678.8000	             -439
  679.0000	             -465
  679.2000	             -452
  679.4000	             -463
  679.6000	             -461
  679.8000	             -423
  680.0000	             -478
  680.2000	             -462
  680.4000	             -461
  680.6000	             -445
  680.8000	             -452
  681.0000	             -418
  681.2000	             -459
  681.4000	             -423
  681.6000	             -456
  681.8000	             -453
  682.0000	             -463
  682.2000	             -444
  682.4000	             -436
  682.6000	             -423
  682.8000	             -439
  683.0000	             -444
  683.2000	             -410
  683.4000	             -467
  683.6000	             -449
  683.8000	             -474
  684.0000	             -459
  684.2000	             -445
  684.4000	             -463
  684.6000	             -464
  684.8000	             -456
  685.0000	             -463
  685.2000	             -457
  685.4000	             -461
  685.6000	             -445
  685.8000	             -467
  686.0000	             -410
  686.2000	             -468
  686.4000	             -473
  686.6000	             -445
  686.8000	             -481
  687.0000	             -451
  687.2000	             -432
  687.4000	             -406
  687.6000	             -438
  687.8000	             -447
  688.0000	             -457
  688.2000	             -472
  688.4000	             -481
  688.6000	             -445
  688.8000	             -452
  689.0000	             -459
  689.2000	             -459
  689.4000	             -481
  689.6000	             -473
  689.8000	             -463
  690.0000	             -473
  690.2000	             -472
  690.4000	             -472
  690.6000	             -449
  690.8000	             -436
  691.0000	             -458
  691.2000	             -446
  691.4000	             -450
  691.6000	             -474
  691.8000	             -436
  692.0000	             -457
  692.2000	             -436
  692.4000	             -410
  692.6000	             -467
  692.8000	             -450
  693.0000	             -448
  693.2000	             -431
  693.4000	             -417
  693.6000	             -428
  693.8000	             -448
  694.0000	             -453
  694.2000	             -473
  694.4000	             -432
  694.6000	             -425
  694.8000	             -447
  695.0000	             -461
  695.2000	             -474
  695.4000	             -450
  695.6000	             -445
  695.8000	             -477
  696.0000	             -448
  696.2000	             -456
  696.4000	             -375
  696.6000	              -41
  696.8000	             -422
  697.0000	             -461
  697.2000	             -450
  697.4000	             -439
  697.6000	             -445
  697.8000	             -441
  698.0000	             -445
  698.2000	             -456
  698.4000	             -457
  698.6000	             -472
  698.8000	             -437
  699.0000	             -463
  699.2000	             -448
  699.4000	             -445
  699.6000	             -442
  699.8000	             -459
  700.0000	             -455
  700.2000	             -470
  700.4000	             -451
  700.6000	             -452
  700.8000	             -429
  701.0000	             -448
  701.2000	             -468
  701.4000	             -455
  701.6000	             -466
  701.8000	             -432
  702.0000	             -455
  702.2000	             -456
  702.4000	             -466
  702.6000	             -453
  702.8000	             -448
  703.0000	             -479
  703.2000	             -470
  703.4000	             -456
  703.6000	             -423
  703.8000	             -429
  704.0000	             -450
  704.2000	             -439
  704.4000	             -448
  704.6000	             -443
  704.8000	             -438
  705.0000	             -454
  705.2000	             -444
  705.4000	             -453
  705.6000	             -448
  705.8000	             -467
  706.0000	             -456
  706.2000	             -459
  706.4000	             -451
  706.6000	             -342
  706.8000	             -352
  707.0000	             -448
  707.2000	             -437
  707.4000	             -445
  707.6000	             -459
  707.8000	             -446
  708.0000	             -461
  708.2000	             -470
  708.4000	             -482
  708.6000	             -459
  708.8000	             -463
  709.0000	             -436
  709.2000	             -442
  709.4000	             -432
  709.6000	             -459
  709.8000	             -472
  710.0000	             -449
  710.2000	             -452
  710.4000	             -441
  710.6000	             -453
  710.8000	             -457
  711.0000	             -457
  711.2000	             -459
  711.4000	             -463
  711.6000	             -474
  711.8000	             -474
  712.0000	             -443
  712.2000	             -461
  712.4000	             -448
  712.6000	             -449
  712.8000	             -466
  713.0000	             -449
  713.2000	             -436
  713.4000	             -469
  713.6000	             -452
  713.8000	             -452
  714.0000	             -389
  714.2000	             -459
  714.4000	             -464
  714.6000	             -420
  714.8000	             -462
  715.0000	             -459
  715.2000	             -456
  715.4000	             -455
  715.6000	             -461
  715.8000	             -432
  716.0000	             -468
  716.2000	             -463
  716.4000	             -455
  716.6000	             -445
  716.8000	             -457
  717.0000	             -474
  717.2000	             -445
  717.4000	             -451
  717.6000	             -462
  717.8000	             -451
  718.0000	             -469
  718.2000	             -453
  718.4000	             -437
  718.6000	             -453
  718.8000	             -458
  719.0000	             -447
  719.2000	             -450
  719.4000	             -460
  719.6000	             -447
  719.8000	             -452
  720.0000	             -463
  720.2000	             -458
  720.4000	             -478
  720.6000	             -450
  720.8000	             -448
  721.0000	             -468
  721.2000	             -443
  721.4000	             -437
  721.6000	             -445
  721.8000	             -453
  722.0000	             -468
  722.2000	             -444
  722.4000	             -456
  722.6000	             -445
  722.8000	             -454
  723.0000	             -466
  723.2000	             -456
  723.4000	             -455
  723.6000	             -447
  723.8000	             -406
  724.0000	             -463
  724.2000	             -445
  724.4000	             -412
  724.6000	             -455
  724.8000	             -474
  725.0000	             -461
  725.2000	             -450
  725.4000	             -481
  725.6000	             -453
  725.8000	             -417
  726.0000	             -447
  726.2000	             -443
  726.4000	             -467
  726.6000	             -445
  726.8000	             -432
  727.0000	             -460
  727.2000	             -387
  727.4000	             -438
  727.6000	             -469
  727.8000	             -451
  728.0000	             -402
  728.2000	             -445
  728.4000	             -467
  728.6000	             -463
  728.8000	             -462
  729.0000	             -459
  729.2000	             -445
  729.4000	             -448
  729.6000	             -450
  729.8000	             -445
  730.0000	             -453
  730.2000	             -448
  730.4000	             -446
  730.6000	             -453
  730.8000	             -447
  731.0000	             -454
  731.2000	             -438
  731.4000	             -438
  731.6000	             -445
  731.8000	             -450
  732.0000	             -463
  732.2000	             -423
  732.4000	             -433
  732.6000	             -453
  732.8000	             -473
  733.0000	             -466
  733.2000	             -447
  733.4000	             -474
  733.6000	             -471
  733.8000	             -456
  734.0000	             -453
  734.2000	             -425
  734.4000	             -474
  734.6000	             -432
  734.8000	             -438
  735.0000	             -449
  735.2000	             -417
  735.4000	             -441
  735.6000	             -425
  735.8000	             -440
  736.0000	             -474
  736.2000	             -438
  736.4000	             -435
  736.6000	             -418
  736.8000	             -453
  737.0000	             -432
  737.2000	             -446
  737.4000	             -432
  737.6000	             -445
  737.8000	             -453
  738.0000	             -452
  738.2000	             -472
  738.4000	              199
  738.6000	             -394
  738.8000	             -459
  739.0000	             -417
  739.2000	             -451
  739.4000	             -459
  739.6000	             -463
  739.8000	             -452
  740.0000	             -417
  740.2000	             -468
  740.4000	             -455
  740.6000	             -450
  740.8000	             -442
  741.0000	             -445
  741.2000	             -410
  741.4000	             -445
  741.6000	             -436
  741.8000	             -456
  742.0000	             -453
  742.2000	             -452
  742.4000	             -479
  742.6000	             -448
  742.8000	             -448
  743.0000	             -442
  743.2000	             -416
  743.4000	             -436
  743.6000	             -461
  743.8000	             -461
  744.0000	             -450
  744.2000	             -471
  744.4000	             -453
  744.6000	             -460
  744.8000	             -460
  745.0000	             -451
  745.2000	             -450
  745.4000	             -451
  745.6000	             -431
  745.8000	             -425
  746.0000	             -453
  746.2000	             -462
  746.4000	             -432
  746.6000	             -404
  746.8000	             -422
  747.0000	             -437
  747.2000	             -401
  747.4000	             -465
  747.6000	             -413
  747.8000	             -406
  748.0000	             -444
  748.2000	             -408
  748.4000	             -449
  748.6000	             -469
  748.8000	             -405
  749.0000	             -419
  749.2000	             -431
  749.4000	             -463
  749.6000	             -451
  749.8000	             -425
  750.0000	             -450
  750.2000	             -382
  750.4000	             3595
  750.6000	             -456
  750.8000	             -418
  751.0000	             -449
  751.2000	             -398
  751.4000	              595
  751.6000	             -466
  751.8000	             -455
  752.0000	             -445
  752.2000	             -448
  752.4000	             -481
  752.6000	             -438
  752.8000	             -438
  753.0000	             -419
  753.2000	             -451
  753.4000	             -445
  753.6000	             -463
  753.8000	             -463
  754.0000	             -454
  754.2000	             -457
  754.4000	             -447
  754.6000	             -474
  754.8000	             -452
  755.0000	             -439
  755.2000	             -470
  755.4000	             -436
  755.6000	             -450
  755.8000	             -423
  756.0000	             -438
  756.2000	             -423
  756.4000	             -441
  756.6000	             -413
  756.8000	             -436
  757.0000	             -462
  757.2000	             -418
  757.4000	             -473
  757.6000	             -455
  757.8000	             -432
  758.0000	             -436
  758.2000	             -434
  758.4000	             -438
  758.6000	             -452
  758.8000	             -464
  759.0000	             -438
  759.2000	             -406
  759.4000	             -451
  759.6000	             -404
  759.8000	             -467
  760.0000	             -448
  760.2000	             -454
  760.4000	             -433
  760.6000	             -418
  760.8000	             -466
  761.0000	             -474
  761.2000	             -429
  761.4000	             -472
  761.6000	             -425
  761.8000	             -446
  762.0000	             -474
  762.2000	             -434
  762.4000	             -429
  762.6000	             -434
  762.8000	             -453
  763.0000	             -448
  763.2000	             -445
  763.4000	              389
  763.6000	             -420
  763.8000	             -460
  764.0000	             -464
  764.2000	             -432
  764.4000	             -449
  764.6000	             -479
  764.8000	             -448
  765.0000	             -445
  765.2000	             -453
  765.4000	             -448
  765.6000	             -459
  765.8000	             -417
  766.0000	             -455
  766.2000	             -453
  766.4000	             -455
  766.6000	             -445
  766.8000	             -423
  767.0000	             -461
  767.2000	             -472
  767.4000	             -459
  767.6000	             -461
  767.8000	             -442
  768.0000	             -459
  768.2000	             -439
  768.4000	             -433
  768.6000	             -464
  768.8000	             -418
  769.0000	             -447
  769.2000	             -444
  769.4000	             -479
  769.6000	             -388
  769.8000	             -440
  770.0000	             -432
  770.2000	             -412
  770.4000	             -423
  770.6000	             -444
  770.8000	             -434
  771.0000	             -442
  771.2000	             -449
  771.4000	             -457
  771.6000	             -449
  771.8000	             -438
  772.0000	             -477
  772.2000	             -394
  772.4000	              454
  772.6000	             -455
  772.8000	             -451
  773.0000	             -427
  773.2000	             -427
  773.4000	             -468
  773.6000	             -458
  773.8000	             -419
  774.0000	             -435
  774.2000	             -425
  774.4000	             -406
  774.6000	             -451
  774.8000	             -464
  775.0000	             -438
  775.2000	             -415
  775.4000	             -445
  775.6000	             -463
  775.8000	             -455
  776.0000	             -457
  776.2000	             -469
  776.4000	             -459
  776.6000	             -448
  776.8000	             -483
  777.0000	             -455
  777.2000	             -445
  777.4000	             -426
  777.6000	             -481
  777.8000	             -402
  778.0000	             -436
  778.2000	             -464
  778.4000	             -463
  778.6000	             -420
  778.8000	             -453
  779.0000	             -423
  779.2000	             -473
  779.4000	             -468
  779.6000	             -449
  779.8000	             -460
  780.0000	             -445
  780.2000	             -439
  780.4000	             -460
  780.6000	             -413
  780.8000	             -453
  781.0000	             -458
  781.2000	             -452
  781.4000	             -472
  781.6000	             -467
  781.8000	             -464
  782.0000	             -451
  782.2000	             -466
  782.4000	             -455
  782.6000	             -458
  782.8000	             -451
  783.0000	             -399
  783.2000	             -457
  783.4000	             -457
  783.6000	             -452
  783.8000	             -455
  784.0000	             -482
  784.2000	             -465
  784.4000	             -451
  784.6000	             -420
  784.8000	             -457
  785.0000	             -412
  785.2000	             -474
  785.4000	             -459
  785.6000	             -474
  785.8000	             -463
  786.0000	             -449
  786.2000	             -459
  786.4000	             -461
  786.6000	             -459
  786.8000	             -464
  787.0000	             -443
  787.2000	             -455
  787.4000	             -446
  787.6000	             -445
  787.8000	             -465
  788.0000	             -461
  788.2000	             -446
  788.4000	             -460
  788.6000	             -451
  788.8000	             -457
  789.0000	             -460
  789.2000	             -475
  789.4000	             -463
  789.6000	             -445
  789.8000	             -473
  790.0000	             -458
  790.2000	             -463
  790.4000	             -452
  790.6000	             -463
  790.8000	             -457
  791.0000	             -452
  791.2000	             -449
  791.4000	             -460
  791.6000	             -468
  791.8000	             -448
  792.0000	             -483
  792.2000	             -456
  792.4000	             -457
  792.6000	             -466
  792.8000	             -460
  793.0000	             -459
  793.2000	             -453
  793.4000	             -456
  793.6000	             -458
  793.8000	             -434
  794.0000	             -447
  794.2000	             -450
  794.4000	             -452
  794.6000	             -448
  794.8000	               86
  795.0000	             -438
  795.2000	             -452
  795.4000	             -469
  795.6000	             -468
  795.8000	             -466
  796.0000	             -445
  796.2000	             -467
  796.4000	             -468
  796.6000	             -459
  796.8000	             -452
  797.0000	             -463
  797.2000	             -463
  797.4000	             -459
  797.6000	             -465
  797.8000	             -436
  798.0000	             -450
  798.2000	             -458
  798.4000	             -473
  798.6000	             -445
  798.8000	             -461
  799.0000	             -479
  799.2000	             -462
  799.4000	             -448
  799.6000	             -452
  799.8000	             -447
  800.0000	             -444
  800.2000	             -475
  800.4000	             -455
  800.6000	             -215
  800.8000	             -439
  801.0000	             -451
  801.2000	             -453
  801.4000	             -229
  801.6000	             -446
  801.8000	             -474
  802.0000	             -459
  802.2000	             -461
  802.4000	             -458
  802.6000	             -457
  802.8000	             -469
  803.0000	             -452
  803.2000	             -463
  803.4000	             -457
  803.6000	             -450
  803.8000	             -445
  804.0000	             -475
  804.2000	             -453
  804.4000	             -457
  804.6000	             -448
  804.8000	             -445
  805.0000	             -463
