  600.0000	             -423
  600.2000	             -458
  600.4000	             -413
  600.6000	             -412
  600.8000	             -453
  601.0000	             -460
  601.2000	             -429
  601.4000	             -459
  601.6000	             -413
  601.8000	             -425
  602.0000	             -438
  602.2000	             -471
  602.4000	             -466
  602.6000	             -422
  602.8000	             -457
  603.0000	             -420
  603.2000	             -401
  603.4000	             -456
  603.6000	             -387
  603.8000	             -425
  604.0000	             -436
  604.2000	             -428
  604.4000	             -423
  604.6000	             -473
  604.8000	             -433
  605.0000	             -457
  605.2000	             -453
  605.4000	             -456
  605.6000	             -404
  605.8000	             -387
  606.0000	             -427
  606.2000	             -426
  606.4000	             -473
  606.6000	             -464
  606.8000	             -394
  607.0000	             -439
  607.2000	             -453
  607.4000	             -448
  607.6000	             -459
  607.8000	             -448
  608.0000	             -413
  608.2000	             -477
  608.4000	             -472
  608.6000	             -447
  608.8000	             -453
  609.0000	             -464
  609.2000	             -481
  609.4000	             -461
  609.6000	             -417
  609.8000	             -443
  610.0000	             -438
  610.2000	             -446
  610.4000	             -463
  610.6000	             -420
  610.8000	             -466
  611.0000	             -434
  611.2000	             -457
  611.4000	             -391
  611.6000	             -397
  611.8000	             -433
  612.0000	             -464
  612.2000	             -447
  612.4000	             -436
  612.6000	             -417
  612.8000	             -462
  613.0000	             -447
  613.2000	             -453
  613.4000	             -460
  613.6000	             -467
  613.8000	             -479
  614.0000	             -457
  614.2000	             -456
  614.4000	             -451
  614.6000	             -448
  614.8000	             -448
  615.0000	             -442
  615.2000	             -474
  615.4000	             -456
  615.6000	             -474
  615.8000	             -438
  616.0000	             -448
  616.2000	             -458
  616.4000	             -457
  616.6000	             -445
  616.8000	             -427
  617.0000	             -463
  617.2000	             -453
  617.4000	             -443
  617.6000	             -463
  617.8000	             -450
  618.0000	             -450
  618.2000	             -455
  618.4000	             -413
  618.6000	             -415
  618.8000	             -450
  619.0000	             -453
  619.2000	             -445
  619.4000	             -452
  619.6000	             -450
  619.8000	             -463
  620.0000	             -423
  620.2000	             -458
  620.4000	             -445
  620.6000	             -469
  620.8000	             -448
  621.0000	             -459
  621.2000	             -458
  621.4000	             -474
  621.6000	             -450
  621.8000	             -464
  622.0000	             -445
  622.2000	             -481
  622.4000	             -472
  622.6000	             -433
  622.8000	             -457
  623.0000	             -469
  623.2000	             -468
  623.4000	             -434
  623.6000	             -474
  623.8000	             -461
  624.0000	             -459
  624.2000	             -445
  624.4000	             -459
  624.6000	             -440
  624.8000	             -436
  625.0000	             -449
  625.2000	             -466
  625.4000	             -452
  625.6000	             -456
  625.8000	             -453
  626.0000	             -452
  626.2000	             -456
  626.4000	             -453
  626.6000	             -417
  626.8000	             -462
  627.0000	             -445
  627.2000	             -449
  627.4000	             -475
  627.6000	             -467
  627.8000	             -456
  628.0000	             -446
  628.2000	             -474
  628.4000	             -425
  628.6000	             -438
  628.8000	             -449
  629.0000	             -411
  629.2000	             -438
  629.4000	             -453
  629.6000	             -461
  629.8000	             -453
  630.0000	             -465
  630.2000	             -424
  630.4000	             -393
  630.6000	             -462
  630.8000	             -433
  631.0000	             -433
  631.2000	             -428
  631.4000	             -427
  631.6000	             -426
  631.8000	             -441
  632.0000	             -455
  632.2000	             -444
  632.4000	             -423
  632.6000	             -444
  632.8000	             -437
  633.0000	             -440
  633.2000	             -429
  633.4000	             -459
  633.6000	             -447
  633.8000	             -463
  634.0000	             -432
  634.2000	             -427
  634.4000	             -453
  634.6000	             -465
  634.8000	             -406
  635.0000	             -429
  635.2000	             -437
  635.4000	             -438
  635.6000	             -432
  635.8000	             -406
  636.0000	             -434
  636.2000	             -421
  636.4000	             -406
  636.6000	             -430
  636.8000	             -466
  637.0000	             -443
  637.2000	             -439
  637.4000	             -404
  637.6000	             -407
  637.8000	             -408
  638.0000	             -451
  638.2000	             -465
  638.4000	             -423
  638.6000	             -466
  638.8000	             -455
  639.0000	             -458
  639.2000	             -427
  639.4000	             -352
  639.6000	             -463
  639.8000	             -466
  640.0000	             -398
  640.2000	             -442
  640.4000	             -452
  640.6000	             -462
  640.8000	             -456
  641.0000	             -437
  641.2000	             -477
  641.4000	             -440
  641.6000	             -447
  641.8000	             -464
  642.0000	             -425
  642.2000	             -474
  642.4000	             -452
  642.6000	             -428
  642.8000	             -421
  643.0000	             -448
  643.2000	             -445
  643.4000	             -445
  643.6000	             -427
  643.8000	             -397
  644.0000	             -403
  644.2000	             -450
  644.4000	             -456
  644.6000	             -380
  644.8000	             -412
  645.0000	             -413
  645.2000	             -411
  645.4000	             -455
  645.6000	             -423
  645.8000	             -377
  646.0000	             -455
  646.2000	             -469
  646.4000	             -442
  646.6000	             -438
  646.8000	             -395
  647.0000	             -439
  647.2000	             -419
  647.4000	             -431
  647.6000	             -419
  647.8000	             -421
  648.0000	             -454
  648.2000	             -433
  648.4000	             -456
  648.6000	             -463
  648.8000	             -454
  649.0000	             -456
  649.2000	             -464
  649.4000	             -466
  649.6000	             -395
  649.8000	             -385
  650.0000	             -399
  650.2000	             -432
  650.4000	             -390
  650.6000	             -421
  650.8000	             -421
  651.0000	             -360
  651.2000	             -429
  651.4000	             -434
  651.6000	             -357
  651.8000	             -358
  652.0000	             -398
  652.2000	             -387
  652.4000	             -410
  652.6000	             -424
  652.8000	             -410
  653.0000	             -464
  653.2000	             -419
  653.4000	             -403
  653.6000	             -434
  653.8000	             -459
  654.0000	             -423
  654.2000	             -418
  654.4000	             -383
  654.6000	             -444
  654.8000	             -462
  655.0000	             -433
  655.2000	             -423
  655.4000	             -462
  655.6000	             -455
  655.8000	             -461
  656.0000	             -381
  656.2000	             -449
  656.4000	             -406
  656.6000	             -362
  656.8000	             -474
  657.0000	             -417
  657.2000	             -406
  657.4000	             -456
  657.6000	             -393
  657.8000	             -394
  658.0000	             -377
  658.2000	             -434
  658.4000	             -364
  658.6000	             -395
  658.8000	             -401
  659.0000	             -416
  659.2000	             -382
  659.4000	             -392
  659.6000	             -352
  659.8000	             -399
  660.0000	             -360
  660.2000	             -402
  660.4000	             -349
  660.6000	             -353
  660.8000	             -443
  661.0000	             -412
  661.2000	             -320
  661.4000	             -408
  661.6000	             -436
  661.8000	             -426
  662.0000	             -399
  662.2000	             -338
  662.4000	             -382
  662.6000	             -429
  662.8000	             -440
  663.0000	             -381
  663.2000	             -406
  663.4000	             -431
  663.6000	             -440
  663.8000	             -426
  664.0000	             -445
  664.2000	             -405
  664.4000	             -433
  664.6000	             -457
  664.8000	             -412
  665.0000	             -454
  665.2000	             -441
  665.4000	             -440
  665.6000	             -435
  665.8000	             -404
  666.0000	             -423
  666.2000	             -403
  666.4000	             -394
  666.6000	             -410
  666.8000	             -412
  667.0000	             -375
  667.2000	             -406
  667.4000	             -407
  667.6000	             -398
  667.8000	             -414
  668.0000	             -403
  668.2000	             -434
  668.4000	             -418
  668.6000	             -432
  668.8000	             -398
  669.0000	             -409
  669.2000	             -360
  669.4000	             -329
  669.6000	             -458
  669.8000	             -440
  670.0000	             -400
  670.2000	             -394
  670.4000	             -379
  670.6000	             -463
  670.8000	             -456
  671.0000	             -425
  671.2000	             -431
  671.4000	             -448
  671.6000	             -425
  671.8000	             -456
  672.0000	             -474
  672.2000	             -452
  672.4000	             -474
  672.6000	             -456
  672.8000	             -438
  673.0000	             -453
  673.2000	             -434
  673.4000	             -452
  673.6000	             -453
  673.8000	             -451
  674.0000	             -433
  674.2000	             -451
  674.4000	             -461
  674.6000	             -425
  674.8000	             -390
  675.0000	             -416
  675.2000	             -391
  675.4000	             -385
  675.6000	             -425
  675.8000	             -434
  676.0000	             -450
  676.2000	             -432
  676.4000	             -425
  676.6000	             -425
  676.8000	             -392
  677.0000	             -465
  677.2000	             -389
  677.4000	             -461
  677.6000	             -415
  677.8000	             -367
  678.0000	             -454
  678.2000	             -452
  678.4000	             -418
  678.6000	             -428
  678.8000	             -410
  679.0000	             -464
  679.2000	             -485
  679.4000	             -457
  679.6000	             -448
  679.8000	             -466
  680.0000	             -444
  680.2000	             -447
  680.4000	             -454
  680.6000	             -463
  680.8000	             -440
  681.0000	             -451
  681.2000	             -448
  681.4000	             -473
  681.6000	             -448
  681.8000	             -439
  682.0000	             -461
  682.2000	             -453
  682.4000	             -451
  682.6000	             -451
  682.8000	             -461
  683.0000	             -471
  683.2000	             -427
  683.4000	             -444
  683.6000	             -452
  683.8000	             -425
  684.0000	             -440
  684.2000	             -436
  684.4000	             -466
  684.6000	             -470
  684.8000	             -439
  685.0000	             -397
  685.2000	             -460
  685.4000	             -456
  685.6000	             -459
  685.8000	             -458
  686.0000	             -453
  686.2000	             -417
  686.4000	             -432
  686.6000	             -420
  686.8000	             -481
  687.0000	             -452
  687.2000	             -455
  687.4000	             -447
  687.6000	             -468
  687.8000	             -458
  688.0000	             -476
  688.2000	             -463
  688.4000	             -429
  688.6000	             -453
  688.8000	             -460
  689.0000	             -449
  689.2000	             -457
  689.4000	             -449
  689.6000	             -482
  689.8000	             -457
  690.0000	             -453
  690.2000	             -450
  690.4000	             -436
  690.6000	             -460
  690.8000	             -455
  691.0000	             -453
  691.2000	             -450
  691.4000	             -463
  691.6000	             -458
  691.8000	             -453
  692.0000	             -453
  692.2000	             -467
  692.4000	             -467
  692.6000	             -474
  692.8000	             -488
  693.0000	             -455
  693.2000	             -468
  693.4000	             -484
  693.6000	             -475
  693.8000	             -448
  694.0000	             -452
  694.2000	             -450
  694.4000	             -453
  694.6000	             -453
  694.8000	             -457
  695.0000	             -458
  695.2000	             -466
  695.4000	             -450
  695.6000	             -452
  695.8000	             -468
  696.0000	             -455
  696.2000	             -468
  696.4000	             -344
  696.6000	              142
  696.8000	             -469
  697.0000	             -468
  697.2000	             -459
  697.4000	             -459
  697.6000	             -470
  697.8000	             -445
  698.0000	             -471
  698.2000	             -461
  698.4000	             -453
  698.6000	             -460
  698.8000	             -457
  699.0000	             -472
  699.2000	             -467
  699.4000	             -452
  699.6000	             -463
  699.8000	             -467
  700.0000	             -463
  700.2000	             -470
  700.4000	             -473
  700.6000	             -455
  700.8000	             -458
  701.0000	             -423
  701.2000	             -453
  701.4000	             -453
  701.6000	             -473
  701.8000	             -448
  702.0000	             -457
  702.2000	             -453
  702.4000	             -457
  702.6000	             -460
  702.8000	             -461
  703.0000	             -442
  703.2000	             -460
  703.4000	             -458
  703.6000	             -451
  703.8000	             -452
  704.0000	             -468
  704.2000	             -439
  704.4000	             -464
  704.6000	             -445
  704.8000	             -463
  705.0000	             -463
  705.2000	             -463
  705.4000	             -456
  705.6000	             -453
  705.8000	             -436
  706.0000	             -445
  706.2000	             -465
  706.4000	             -458
  706.6000	              -87
  706.8000	             -388
  707.0000	             -448
  707.2000	             -463
  707.4000	             -450
  707.6000	             -458
  707.8000	             -445
  708.0000	             -465
  708.2000	             -468
  708.4000	             -457
  708.6000	             -460
  708.8000	             -475
  709.0000	             -479
  709.2000	             -450
  709.4000	             -451
  709.6000	             -463
  709.8000	             -451
  710.0000	             -453
  710.2000	             -463
  710.4000	             -451
  710.6000	             -457
  710.8000	             -476
  711.0000	             -460
  711.2000	             -455
  711.4000	             -475
  711.6000	             -447
  711.8000	             -473
  712.0000	             -480
  712.2000	             -459
  712.4000	             -465
  712.6000	             -445
  712.8000	             -450
  713.0000	             -452
  713.2000	             -470
  713.4000	             -451
  713.6000	             -467
  713.8000	             -446
  714.0000	             -454
  714.2000	             -459
  714.4000	             -453
  714.6000	             -355
  714.8000	             -455
  715.0000	             -449
  715.2000	             -447
  715.4000	             -445
  715.6000	             -460
  715.8000	             -456
  716.0000	             -465
  716.2000	             -445
  716.4000	             -460
  716.6000	             -468
  716.8000	             -458
  717.0000	             -437
  717.2000	             -464
  717.4000	             -490
  717.6000	             -479
  717.8000	             -457
  718.0000	             -462
  718.2000	             -475
  718.4000	             -450
  718.6000	             -456
  718.8000	             -451
  719.0000	             -482
  719.2000	             -463
  719.4000	             -453
  719.6000	             -462
  719.8000	             -420
  720.0000	             -462
  720.2000	             -467
  720.4000	             -461
  720.6000	             -438
  720.8000	             -441
  721.0000	             -445
  721.2000	             -439
  721.4000	             -472
  721.6000	             -460
  721.8000	             -462
  722.0000	             -454
  722.2000	             -445
  722.4000	             -398
  722.6000	             -455
  722.8000	             -416
  723.0000	             -397
  723.2000	             -420
  723.4000	             -444
  723.6000	             -469
  723.8000	             -434
  724.0000	             -481
  724.2000	             -467
  724.4000	             -463
  724.6000	             -439
  724.8000	             -451
  725.0000	             -451
  725.2000	             -438
  725.4000	             -440
  725.6000	             -412
  725.8000	             -417
  726.0000	             -447
  726.2000	             -466
  726.4000	             -419
  726.6000	             -453
  726.8000	             -456
  727.0000	             -459
  727.2000	             -222
  727.4000	             -474
  727.6000	             -457
  727.8000	             -476
  728.0000	             -460
  728.2000	             -460
  728.4000	             -445
  728.6000	             -463
  728.8000	             -478
  729.0000	             -445
  729.2000	             -473
  729.4000	             -445
  729.6000	             -472
  729.8000	             -444
  730.0000	             -468
  730.2000	             -453
  730.4000	             -445
  730.6000	             -427
  730.8000	             -457
  731.0000	             -451
  731.2000	             -462
  731.4000	             -445
  731.6000	             -460
  731.8000	             -447
  732.0000	             -417
  732.2000	             -474
  732.4000	             -474
  732.6000	             -467
  732.8000	             -387
  733.0000	             -457
  733.2000	             -443
  733.4000	             -457
  733.6000	             -390
  733.8000	             -448
  734.0000	             -459
  734.2000	             -403
  734.4000	             -448
  734.6000	             -397
  734.8000	             -464
  735.0000	             -430
  735.2000	             -438
  735.4000	             -462
  735.6000	             -425
  735.8000	             -425
  736.0000	             -460
  736.2000	             -433
  736.4000	             -453
  736.6000	             -455
  736.8000	             -471
  737.0000	             -411
  737.2000	             -413
  737.4000	             -409
  737.6000	             -447
  737.8000	             -438
  738.0000	             -451
  738.2000	             -404
  738.4000	              949
  738.6000	             -412
  738.8000	             -450
  739.0000	             -462
  739.2000	             -461
  739.4000	             -445
  739.6000	             -458
  739.8000	             -461
  740.0000	             -468
  740.2000	             -457
  740.4000	             -459
  740.6000	             -450
  740.8000	             -472
  741.0000	             -440
  741.2000	             -453
  741.4000	             -448
  741.6000	             -459
  741.8000	             -435
  742.0000	             -463
  742.2000	             -446
  742.4000	             -438
  742.6000	             -441
  742.8000	             -438
  743.0000	             -432
  743.2000	             -445
  743.4000	             -425
  743.6000	             -469
  743.8000	             -431
  744.0000	             -397
  744.2000	             -458
  744.4000	             -469
  744.6000	             -463
  744.8000	             -450
  745.0000	             -412
  745.2000	             -404
  745.4000	             -443
  745.6000	             -398
  745.8000	             -457
  746.0000	             -412
  746.2000	             -450
  746.4000	             -456
  746.6000	             -421
  746.8000	             -450
  747.0000	             -435
  747.2000	             -410
  747.4000	             -427
  747.6000	             -448
  747.8000	             -390
  748.0000	             -410
  748.2000	             -363
  748.4000	             -449
  748.6000	             -432
  748.8000	             -385
  749.0000	             -411
  749.2000	             -436
  749.4000	             -432
  749.6000	             -397
  749.8000	             -465
  750.0000	             -402
  750.2000	             -285
  750.4000	             6779
  750.6000	             -434
  750.8000	             -464
  751.0000	             -481
  751.2000	             -436
  751.4000	             1953
  751.6000	             -460
  751.8000	             -448
  752.0000	             -464
  752.2000	             -434
  752.4000	             -429
  752.6000	             -407
  752.8000	             -451
  753.0000	             -462
  753.2000	             -455
  753.4000	             -445
  753.6000	             -461
  753.8000	             -472
  754.0000	             -403
  754.2000	             -420
  754.4000	             -472
  754.6000	             -410
  754.8000	             -451
  755.0000	             -448
  755.2000	             -456
  755.4000	             -485
  755.6000	             -418
  755.8000	             -428
  756.0000	             -437
  756.2000	             -479
  756.4000	             -448
  756.6000	             -449
  756.8000	             -450
  757.0000	             -442
  757.2000	             -417
  757.4000	             -406
  757.6000	             -386
  757.8000	             -438
  758.0000	             -408
  758.2000	             -418
  758.4000	             -385
  758.6000	             -421
  758.8000	             -437
  759.0000	             -443
  759.2000	             -447
  759.4000	             -466
  759.6000	             -469
  759.8000	             -430
  760.0000	             -455
  760.2000	             -443
  760.4000	             -422
  760.6000	             -451
  760.8000	             -435
  761.0000	             -441
  761.2000	             -417
  761.4000	             -466
  761.6000	             -463
  761.8000	             -427
  762.0000	             -468
  762.2000	             -434
  762.4000	             -403
  762.6000	             -431
  762.8000	             -423
  763.0000	             -457
  763.2000	             -438
  763.4000	             1850
  763.6000	             -450
  763.8000	             -468
  764.0000	             -401
  764.2000	             -445
  764.4000	             -453
  764.6000	             -439
  764.8000	             -473
  765.0000	             -457
  765.2000	             -463
  765.4000	             -439
  765.6000	             -477
  765.8000	             -444
  766.0000	             -439
  766.2000	             -464
  766.4000	             -449
  766.6000	             -456
  766.8000	             -449
  767.0000	             -463
  767.2000	             -471
  767.4000	             -463
  767.6000	             -432
  767.8000	             -438
  768.0000	             -441
  768.2000	             -453
  768.4000	             -468
  768.6000	             -457
  768.8000	             -424
  769.0000	             -459
  769.2000	             -437
  769.4000	             -436
  769.6000	             -392
  769.8000	             -433
  770.0000	             -421
  770.2000	             -343
  770.4000	             -411
  770.6000	             -377
  770.8000	             -404
  771.0000	             -433
  771.2000	             -400
  771.4000	             -434
  771.6000	             -452
  771.8000	             -400
  772.0000	             -381
  772.2000	             -385
  772.4000	             1172
  772.6000	             -394
  772.8000	             -412
  773.0000	             -385
  773.2000	             -447
  773.4000	             -428
  773.6000	             -409
  773.8000	             -378
  774.0000	             -443
  774.2000	             -451
  774.4000	             -424
  774.6000	             -446
  774.8000	             -397
  775.0000	             -389
  775.2000	             -345
  775.4000	             -425
  775.6000	             -450
  775.8000	             -454
  776.0000	             -460
  776.2000	             -458
  776.4000	             -481
  776.6000	             -448
  776.8000	             -463
  777.0000	             -463
  777.2000	             -445
  777.4000	             -460
  777.6000	             -477
  777.8000	             -482
  778.0000	             -476
  778.2000	             -449
  778.4000	             -457
  778.6000	             -460
  778.8000	             -476
  779.0000	             -445
  779.2000	             -466
  779.4000	             -467
  779.6000	             -468
  779.8000	             -445
  780.0000	             -466
  780.2000	             -445
  780.4000	             -463
  780.6000	             -472
  780.8000	             -481
  781.0000	             -438
  781.2000	             -453
  781.4000	             -488
  781.6000	             -490
  781.8000	             -453
  782.0000	             -466
  782.2000	             -459
  782.4000	             -463
  782.6000	             -467
  782.8000	             -445
  783.0000	             -479
  783.2000	             -457
  783.4000	             -457
  783.6000	             -453
  783.8000	             -468
  784.0000	             -483
  784.2000	             -480
  784.4000	             -466
  784.6000	             -450
  784.8000	             -442
  785.0000	             -463
  785.2000	             -453
  785.4000	             -467
  785.6000	             -447
  785.8000	             -460
  786.0000	             -458
  786.2000	             -455
  786.4000	             -481
  786.6000	             -487
  786.8000	             -466
  787.0000	             -481
  787.2000	             -490
  787.4000	             -466
  787.6000	             -460
  787.8000	             -478
  788.0000	             -408
  788.2000	             -460
  788.4000	             -475
  788.6000	             -490
  788.8000	             -458
  789.0000	             -482
  789.2000	             -484
  789.4000	             -454
  789.6000	             -450
  789.8000	             -484
  790.0000	             -487
  790.2000	             -476
  790.4000	             -482
  790.6000	             -463
  790.8000	             -448
  791.0000	             -445
  791.2000	             -453
  791.4000	             -466
  791.6000	             -465
  791.8000	             -484
  792.0000	             -479
  792.2000	             -481
  792.4000	             -467
  792.6000	             -479
  792.8000	             -500
  793.0000	             -475
  793.2000	             -470
  793.4000	             -502
  793.6000	             -460
  793.8000	             -467
  794.0000	             -497
  794.2000	             -458
  794.4000	             -466
  794.6000	             -450
  794.8000	              596
  795.0000	             -475
  795.2000	             -478
  795.4000	             -453
  795.6000	             -450
  795.8000	             -490
  796.0000	             -479
  796.2000	             -448
  796.4000	             -465
  796.6000	             -448
  796.8000	             -467
  797.0000	             -453
  797.2000	             -460
  797.4000	             -466
  797.6000	             -468
  797.8000	             -448
  798.0000	             -468
  798.2000	             -468
  798.4000	             -454
  798.6000	             -468
  798.8000	             -501
  799.0000	             -468
  799.2000	             -477
  799.4000	             -467
  799.6000	             -484
  799.8000	             -484
  800.0000	             -480
  800.2000	             -460
  800.4000	             -445
  800.6000	              -47
  800.8000	             -450
  801.0000	             -468
  801.2000	             -487
  801.4000	              122
  801.6000	             -473
  801.8000	             -440
  802.0000	             -450
  802.2000	             -484
  802.4000	             -452
  802.6000	             -457
  802.8000	             -471
  803.0000	             -458
  803.2000	             -463
  803.4000	             -443
  803.6000	             -466
  803.8000	             -448
  804.0000	             -467
  804.2000	             -475
  804.4000	             -472
  804.6000	             -466
  804.8000	             -472
  805.0000	             -453
