  600.0000	             -414
  600.2000	             -453
  600.4000	             -437
  600.6000	             -413
  600.8000	             -406
  601.0000	             -453
  601.2000	             -363
  601.4000	             -474
  601.6000	             -429
  601.8000	             -453
  602.0000	             -436
  602.2000	             -458
  602.4000	             -465
  602.6000	             -446
  602.8000	             -448
  603.0000	             -436
  603.2000	             -394
  603.4000	             -474
  603.6000	             -392
  603.8000	             -435
  604.0000	             -404
  604.2000	             -435
  604.4000	             -430
  604.6000	             -462
  604.8000	             -463
  605.0000	             -431
  605.2000	             -390
  605.4000	             -434
  605.6000	             -448
  605.8000	             -393
  606.0000	             -434
  606.2000	             -380
  606.4000	             -433
  606.6000	             -463
  606.8000	             -398
  607.0000	             -453
  607.2000	             -454
  607.4000	             -443
  607.6000	             -429
  607.8000	             -466
  608.0000	             -393
  608.2000	             -464
  608.4000	             -466
  608.6000	             -477
  608.8000	             -445
  609.0000	             -467
  609.2000	             -449
  609.4000	             -448
  609.6000	             -461
  609.8000	             -445
  610.0000	             -431
  610.2000	             -406
  610.4000	             -460
  610.6000	             -466
  610.8000	             -465
  611.0000	             -432
  611.2000	             -474
  611.4000	             -434
  611.6000	             -433
  611.8000	             -425
  612.0000	             -469
  612.2000	             -472
  612.4000	             -436
  612.6000	             -443
  612.8000	             -448
  613.0000	             -463
  613.2000	             -413
  613.4000	             -463
  613.6000	             -467
  613.8000	             -457
  614.0000	             -435
  614.2000	             -445
  614.4000	             -447
  614.6000	             -478
  614.8000	             -417
  615.0000	             -473
  615.2000	             -461
  615.4000	             -438
  615.6000	             -379
  615.8000	             -472
  616.0000	             -438
  616.2000	             -455
  616.4000	             -481
  616.6000	             -459
  616.8000	             -461
  617.0000	             -425
  617.2000	             -404
  617.4000	             -421
  617.6000	             -458
  617.8000	             -461
  618.0000	             -453
  618.2000	             -465
  618.4000	             -471
  618.6000	             -436
  618.8000	             -451
  619.0000	             -424
  619.2000	             -452
  619.4000	             -452
  619.6000	             -440
  619.8000	             -450
  620.0000	             -456
  620.2000	             -478
  620.4000	             -461
  620.6000	             -406
  620.8000	             -451
  621.0000	             -463
  621.2000	             -462
  621.4000	             -438
  621.6000	             -448
  621.8000	             -438
  622.0000	             -406
  622.2000	             -438
  622.4000	             -412
  622.6000	             -433
  622.8000	             -445
  623.0000	             -474
  623.2000	             -456
  623.4000	             -446
  623.6000	             -435
  623.8000	             -448
  624.0000	             -451
  624.2000	             -406
  624.4000	             -458
  624.6000	             -443
  624.8000	             -459
  625.0000	             -441
  625.2000	             -428
  625.4000	             -457
  625.6000	             -458
  625.8000	             -465
  626.0000	             -461
  626.2000	             -452
  626.4000	             -397
  626.6000	             -440
  626.8000	             -466
  627.0000	             -410
  627.2000	             -419
  627.4000	             -445
  627.6000	             -455
  627.8000	             -461
  628.0000	             -464
  628.2000	             -397
  628.4000	             -405
  628.6000	             -418
  628.8000	             -432
  629.0000	             -405
  629.2000	             -450
  629.4000	             -414
  629.6000	             -406
  629.8000	             -456
  630.0000	             -455
  630.2000	             -406
  630.4000	             -439
  630.6000	             -450
  630.8000	             -453
  631.0000	             -479
  631.2000	             -420
  631.4000	             -458
  631.6000	             -433
  631.8000	             -454
  632.0000	             -411
  632.2000	             -437
  632.4000	             -446
  632.6000	             -425
  632.8000	             -474
  633.0000	             -446
  633.2000	             -449
  633.4000	             -434
  633.6000	             -438
  633.8000	             -439
  634.0000	             -410
  634.2000	             -468
  634.4000	             -444
  634.6000	             -479
  634.8000	             -456
  635.0000	             -417
  635.2000	             -460
  635.4000	             -453
  635.6000	             -463
  635.8000	             -401
  636.0000	             -453
  636.2000	             -450
  636.4000	             -394
  636.6000	             -356
  636.8000	             -434
  637.0000	             -404
  637.2000	             -458
  637.4000	             -465
  637.6000	             -454
  637.8000	             -424
  638.0000	             -403
  638.2000	             -446
  638.4000	             -410
  638.6000	             -452
  638.8000	             -433
  639.0000	             -428
  639.2000	             -403
  639.4000	             -357
  639.6000	             -444
  639.8000	             -453
  640.0000	             -412
  640.2000	             -420
  640.4000	             -459
  640.6000	             -442
  640.8000	             -432
  641.0000	             -427
  641.2000	             -464
  641.4000	             -449
  641.6000	             -403
  641.8000	             -467
  642.0000	             -429
  642.2000	             -450
  642.4000	             -463
  642.6000	             -393
  642.8000	             -404
  643.0000	             -421
  643.2000	             -421
  643.4000	             -436
  643.6000	             -421
  643.8000	             -411
  644.0000	             -400
  644.2000	             -430
  644.4000	             -437
  644.6000	             -421
  644.8000	             -404
  645.0000	             -435
  645.2000	             -419
  645.4000	             -447
  645.6000	             -363
  645.8000	             -417
  646.0000	             -391
  646.2000	             -436
  646.4000	             -448
  646.6000	             -427
  646.8000	             -332
  647.0000	             -459
  647.2000	             -468
  647.4000	             -440
  647.6000	             -408
  647.8000	             -404
  648.0000	             -458
  648.2000	             -406
  648.4000	             -427
  648.6000	             -445
  648.8000	             -425
  649.0000	             -414
  649.2000	             -406
  649.4000	             -420
  649.6000	             -432
  649.8000	             -402
  650.0000	             -426
  650.2000	             -432
  650.4000	             -450
  650.6000	             -416
  650.8000	             -426
  651.0000	             -423
  651.2000	             -437
  651.4000	             -430
  651.6000	             -391
  651.8000	             -396
  652.0000	             -394
  652.2000	             -409
  652.4000	             -433
  652.6000	             -403
  652.8000	             -419
  653.0000	             -404
  653.2000	             -423
  653.4000	             -379
  653.6000	             -421
  653.8000	             -377
  654.0000	             -372
  654.2000	             -402
  654.4000	             -392
  654.6000	             -450
  654.8000	             -406
  655.0000	             -449
  655.2000	             -441
  655.4000	             -455
  655.6000	             -427
  655.8000	             -457
  656.0000	             -451
  656.2000	             -434
  656.4000	             -411
  656.6000	             -386
  656.8000	             -390
  657.0000	             -433
  657.2000	             -412
  657.4000	             -453
  657.6000	             -426
  657.8000	             -396
  658.0000	             -369
  658.2000	             -453
  658.4000	             -408
  658.6000	             -406
  658.8000	             -412
  659.0000	             -405
  659.2000	             -347
  659.4000	             -390
  659.6000	             -345
  659.8000	             -420
  660.0000	             -381
  660.2000	             -411
  660.4000	             -387
  660.6000	             -396
  660.8000	             -404
  661.0000	             -407
  661.2000	             -353
  661.4000	             -395
  661.6000	             -419
  661.8000	             -407
  662.0000	             -364
  662.2000	             -350
  662.4000	             -426
  662.6000	             -474
  662.8000	             -404
  663.0000	             -420
  663.2000	             -448
  663.4000	             -435
  663.6000	             -420
  663.8000	             -409
  664.0000	             -377
  664.2000	             -392
  664.4000	             -399
  664.6000	             -448
  664.8000	             -458
  665.0000	             -460
  665.2000	             -431
  665.4000	             -446
  665.6000	             -368
  665.8000	             -397
  666.0000	             -400
  666.2000	             -420
  666.4000	             -406
  666.6000	             -391
  666.8000	             -405
  667.0000	             -400
  667.2000	             -400
  667.4000	             -334
  667.6000	             -332
  667.8000	             -373
  668.0000	             -375
  668.2000	             -371
  668.4000	             -394
  668.6000	             -352
  668.8000	             -380
  669.0000	             -432
  669.2000	             -341
  669.4000	             -365
  669.6000	             -429
  669.8000	             -424
  670.0000	             -405
  670.2000	             -395
  670.4000	             -368
  670.6000	             -447
  670.8000	             -453
  671.0000	             -420
  671.2000	             -398
  671.4000	             -466
  671.6000	             -404
  671.8000	             -466
  672.0000	             -466
  672.2000	             -469
  672.4000	             -478
  672.6000	             -448
  672.8000	             -451
  673.0000	             -417
  673.2000	             -417
  673.4000	             -413
  673.6000	             -440
  673.8000	             -406
  674.0000	             -445
  674.2000	             -447
  674.4000	             -448
  674.6000	             -439
  674.8000	             -389
  675.0000	             -397
  675.2000	             -375
  675.4000	             -412
  675.6000	             -409
  675.8000	             -411
  676.0000	             -419
  676.2000	             -410
  676.4000	             -420
  676.6000	             -438
  676.8000	             -394
  677.0000	             -435
  677.2000	             -414
  677.4000	             -420
  677.6000	             -394
  677.8000	             -368
  678.0000	             -460
  678.2000	             -425
  678.4000	             -450
  678.6000	             -435
  678.8000	             -393
  679.0000	             -474
  679.2000	             -448
  679.4000	             -457
  679.6000	             -474
  679.8000	             -425
  680.0000	             -451
  680.2000	             -425
  680.4000	             -416
  680.6000	             -457
  680.8000	             -431
  681.0000	             -447
  681.2000	             -460
  681.4000	             -440
  681.6000	             -437
  681.8000	             -451
  682.0000	             -438
  682.2000	             -463
  682.4000	             -436
  682.6000	             -418
  682.8000	             -451
  683.0000	             -472
  683.2000	             -406
  683.4000	             -451
  683.6000	             -471
  683.8000	             -466
  684.0000	             -442
  684.2000	             -455
  684.4000	             -460
  684.6000	             -397
  684.8000	             -433
  685.0000	             -438
  685.2000	             -431
  685.4000	             -428
  685.6000	             -441
  685.8000	             -464
  686.0000	             -477
  686.2000	             -479
  686.4000	             -441
  686.6000	             -461
  686.8000	             -456
  687.0000	             -417
  687.2000	             -450
  687.4000	             -403
  687.6000	             -447
  687.8000	             -452
  688.0000	             -459
  688.2000	             -456
  688.4000	             -466
  688.6000	             -461
  688.8000	             -481
  689.0000	             -456
  689.2000	             -457
  689.4000	             -452
  689.6000	             -469
  689.8000	             -448
  690.0000	             -450
  690.2000	             -467
  690.4000	             -452
  690.6000	             -479
  690.8000	             -448
  691.0000	             -459
  691.2000	             -468
  691.4000	             -457
  691.6000	             -455
  691.8000	             -445
  692.0000	             -473
  692.2000	             -442
  692.4000	             -461
  692.6000	             -453
  692.8000	             -448
  693.0000	             -466
  693.2000	             -429
  693.4000	             -464
  693.6000	             -450
  693.8000	             -459
  694.0000	             -479
  694.2000	             -439
  694.4000	             -455
  694.6000	             -468
  694.8000	             -467
  695.0000	             -457
  695.2000	             -455
  695.4000	             -423
  695.6000	             -463
  695.8000	             -463
  696.0000	             -437
  696.2000	             -445
  696.4000	             -307
  696.6000	              155
  696.8000	             -445
  697.0000	             -449
  697.2000	             -445
  697.4000	             -459
  697.6000	             -451
  697.8000	             -472
  698.0000	             -445
  698.2000	             -454
  698.4000	             -438
  698.6000	             -436
  698.8000	             -467
  699.0000	             -455
  699.2000	             -448
  699.4000	             -455
  699.6000	             -454
  699.8000	             -481
  700.0000	             -473
  700.2000	             -455
  700.4000	             -467
  700.6000	             -451
  700.8000	             -448
  701.0000	             -445
  701.2000	             -456
  701.4000	             -425
  701.6000	             -444
  701.8000	             -437
  702.0000	             -436
  702.2000	             -457
  702.4000	             -463
  702.6000	             -448
  702.8000	             -456
  703.0000	             -405
  703.2000	             -389
  703.4000	             -450
  703.6000	             -459
  703.8000	             -431
  704.0000	             -450
  704.2000	             -451
  704.4000	             -474
  704.6000	             -455
  704.8000	             -466
  705.0000	             -459
  705.2000	             -447
  705.4000	             -473
  705.6000	             -445
  705.8000	             -457
  706.0000	             -413
  706.2000	             -453
  706.4000	             -448
  706.6000	             -107
  706.8000	             -349
  707.0000	             -436
  707.2000	             -423
  707.4000	             -466
  707.6000	             -455
  707.8000	             -463
  708.0000	             -455
  708.2000	             -451
  708.4000	             -456
  708.6000	             -443
  708.8000	             -468
  709.0000	             -427
  709.2000	             -458
  709.4000	             -459
  709.6000	             -458
  709.8000	             -442
  710.0000	             -460
  710.2000	             -447
  710.4000	             -462
  710.6000	             -456
  710.8000	             -460
  711.0000	             -445
  711.2000	             -458
  711.4000	             -463
  711.6000	             -445
  711.8000	             -448
  712.0000	             -474
  712.2000	             -445
  712.4000	             -453
  712.6000	             -459
  712.8000	             -453
  713.0000	             -413
  713.2000	             -425
  713.4000	             -455
  713.6000	             -436
  713.8000	             -438
  714.0000	             -436
  714.2000	             -460
  714.4000	             -452
  714.6000	             -419
  714.8000	             -465
  715.0000	             -469
  715.2000	             -423
  715.4000	             -467
  715.6000	             -445
  715.8000	             -442
  716.0000	             -449
  716.2000	             -453
  716.4000	             -452
  716.6000	             -436
  716.8000	             -470
  717.0000	             -447
  717.2000	             -463
  717.4000	             -456
  717.6000	             -432
  717.8000	             -461
  718.0000	             -471
  718.2000	             -466
  718.4000	             -456
  718.6000	             -453
  718.8000	             -439
  719.0000	             -448
  719.2000	             -463
  719.4000	             -457
  719.6000	             -463
  719.8000	             -455
  720.0000	             -445
  720.2000	             -455
  720.4000	             -434
  720.6000	             -425
  720.8000	             -434
  721.0000	             -433
  721.2000	             -445
  721.4000	             -448
  721.6000	             -439
  721.8000	             -458
  722.0000	             -481
  722.2000	             -443
  722.4000	             -465
  722.6000	             -441
  722.8000	             -452
  723.0000	             -433
  723.2000	             -446
  723.4000	             -434
  723.6000	             -437
  723.8000	             -458
  724.0000	             -456
  724.2000	             -467
  724.4000	             -452
  724.6000	             -464
  724.8000	             -434
  725.0000	             -454
  725.2000	             -443
  725.4000	             -478
  725.6000	             -445
  725.8000	             -468
  726.0000	             -446
  726.2000	             -437
  726.4000	             -461
  726.6000	             -446
  726.8000	             -440
  727.0000	             -449
  727.2000	             -225
  727.4000	             -467
  727.6000	             -445
  727.8000	             -453
  728.0000	             -451
  728.2000	             -440
  728.4000	             -461
  728.6000	             -456
  728.8000	             -446
  729.0000	             -451
  729.2000	             -450
  729.4000	             -454
  729.6000	             -467
  729.8000	             -398
  730.0000	             -471
  730.2000	             -441
  730.4000	             -480
  730.6000	             -458
  730.8000	             -462
  731.0000	             -454
  731.2000	             -457
  731.4000	             -438
  731.6000	             -449
  731.8000	             -418
  732.0000	             -463
  732.2000	             -406
  732.4000	             -410
  732.6000	             -466
  732.8000	             -444
  733.0000	             -438
  733.2000	             -454
  733.4000	             -425
  733.6000	             -414
  733.8000	             -376
  734.0000	             -424
  734.2000	             -404
  734.4000	             -437
  734.6000	             -444
  734.8000	             -406
  735.0000	             -399
  735.2000	             -458
  735.4000	             -434
  735.6000	             -410
  735.8000	             -418
  736.0000	             -461
  736.2000	             -464
  736.4000	             -402
  736.6000	             -425
  736.8000	             -432
  737.0000	             -418
  737.2000	             -412
  737.4000	             -441
  737.6000	             -423
  737.8000	             -406
  738.0000	             -472
  738.2000	             -421
  738.4000	              909
  738.6000	             -429
  738.8000	             -459
  739.0000	             -455
  739.2000	             -445
  739.4000	             -428
  739.6000	             -445
  739.8000	             -453
  740.0000	             -450
  740.2000	             -423
  740.4000	             -455
  740.6000	             -480
  740.8000	             -455
  741.0000	             -455
  741.2000	             -446
  741.4000	             -453
  741.6000	             -435
  741.8000	             -444
  742.0000	             -466
  742.2000	             -444
  742.4000	             -437
  742.6000	             -418
  742.8000	             -428
  743.0000	             -468
  743.2000	             -451
  743.4000	             -397
  743.6000	             -431
  743.8000	             -417
  744.0000	             -461
  744.2000	             -406
  744.4000	             -428
  744.6000	             -431
  744.8000	             -453
  745.0000	             -434
  745.2000	             -419
  745.4000	             -402
  745.6000	             -429
  745.8000	             -412
  746.0000	             -432
  746.2000	             -412
  746.4000	             -379
  746.6000	             -408
  746.8000	             -351
  747.0000	             -449
  747.2000	             -428
  747.4000	             -444
  747.6000	             -448
  747.8000	             -441
  748.0000	             -416
  748.2000	             -391
  748.4000	             -440
  748.6000	             -422
  748.8000	             -412
  749.0000	             -395
  749.2000	             -434
  749.4000	             -449
  749.6000	             -401
  749.8000	             -424
  750.0000	             -402
  750.2000	             -308
  750.4000	             6838
  750.6000	             -423
  750.8000	             -420
  751.0000	             -451
  751.2000	             -383
  751.4000	             1780
  751.6000	             -390
  751.8000	             -436
  752.0000	             -398
  752.2000	             -425
  752.4000	             -447
  752.6000	             -460
  752.8000	             -455
  753.0000	             -445
  753.2000	             -478
  753.4000	             -459
  753.6000	             -460
  753.8000	             -477
  754.0000	             -437
  754.2000	             -413
  754.4000	             -481
  754.6000	             -433
  754.8000	             -406
  755.0000	             -432
  755.2000	             -457
  755.4000	             -457
  755.6000	             -462
  755.8000	             -433
  756.0000	             -454
  756.2000	             -434
  756.4000	             -432
  756.6000	             -472
  756.8000	             -421
  757.0000	             -420
  757.2000	             -353
  757.4000	             -465
  757.6000	             -422
  757.8000	             -390
  758.0000	             -377
  758.2000	             -451
  758.4000	             -413
  758.6000	             -427
  758.8000	             -444
  759.0000	             -397
  759.2000	             -412
  759.4000	             -453
  759.6000	             -412
  759.8000	             -404
  760.0000	             -416
  760.2000	             -406
  760.4000	             -413
  760.6000	             -406
  760.8000	             -441
  761.0000	             -438
  761.2000	             -365
  761.4000	             -461
  761.6000	             -476
  761.8000	             -421
  762.0000	             -406
  762.2000	             -442
  762.4000	             -412
  762.6000	             -394
  762.8000	             -447
  763.0000	             -467
  763.2000	             -453
  763.4000	             1664
  763.6000	             -421
  763.8000	             -448
  764.0000	             -474
  764.2000	             -457
  764.4000	             -433
  764.6000	             -425
  764.8000	             -438
  765.0000	             -436
  765.2000	             -468
  765.4000	             -453
  765.6000	             -445
  765.8000	             -454
  766.0000	             -425
  766.2000	             -458
  766.4000	             -456
  766.6000	             -445
  766.8000	             -435
  767.0000	             -438
  767.2000	             -438
  767.4000	             -463
  767.6000	             -421
  767.8000	             -477
  768.0000	             -448
  768.2000	             -421
  768.4000	             -439
  768.6000	             -398
  768.8000	             -390
  769.0000	             -411
  769.2000	             -398
  769.4000	             -434
  769.6000	             -416
  769.8000	             -451
  770.0000	             -437
  770.2000	             -356
  770.4000	             -421
  770.6000	             -408
  770.8000	             -416
  771.0000	             -412
  771.2000	             -362
  771.4000	             -394
  771.6000	             -425
  771.8000	             -406
  772.0000	             -421
  772.2000	             -400
  772.4000	             1120
  772.6000	             -352
  772.8000	             -356
  773.0000	             -397
  773.2000	             -453
  773.4000	             -409
  773.6000	             -405
  773.8000	             -385
  774.0000	             -397
  774.2000	             -453
  774.4000	             -422
  774.6000	             -420
  774.8000	             -390
  775.0000	             -384
  775.2000	             -331
  775.4000	             -454
  775.6000	             -447
  775.8000	             -466
  776.0000	             -467
  776.2000	             -450
  776.4000	             -442
  776.6000	             -462
  776.8000	             -438
  777.0000	             -445
  777.2000	             -436
  777.4000	             -432
  777.6000	             -455
  777.8000	             -450
  778.0000	             -423
  778.2000	             -468
  778.4000	             -453
  778.6000	             -462
  778.8000	             -451
  779.0000	             -453
  779.2000	             -446
  779.4000	             -479
  779.6000	             -450
  779.8000	             -490
  780.0000	             -450
  780.2000	             -470
  780.4000	             -450
  780.6000	             -460
  780.8000	             -458
  781.0000	             -472
  781.2000	             -450
  781.4000	             -473
  781.6000	             -463
  781.8000	             -468
  782.0000	             -468
  782.2000	             -472
  782.4000	             -445
  782.6000	             -475
  782.8000	             -445
  783.0000	             -463
  783.2000	             -444
  783.4000	             -467
  783.6000	             -460
  783.8000	             -465
  784.0000	             -456
  784.2000	             -457
  784.4000	             -475
  784.6000	             -458
  784.8000	             -468
  785.0000	             -439
  785.2000	             -459
  785.4000	             -466
  785.6000	             -487
  785.8000	             -473
  786.0000	             -453
  786.2000	             -457
  786.4000	             -459
  786.6000	             -450
  786.8000	             -460
  787.0000	             -475
  787.2000	             -450
  787.4000	             -468
  787.6000	             -468
  787.8000	             -463
  788.0000	             -445
  788.2000	             -457
  788.4000	             -460
  788.6000	             -453
  788.8000	             -450
  789.0000	             -457
  789.2000	             -452
  789.4000	             -457
  789.6000	             -472
  789.8000	             -451
  790.0000	             -458
  790.2000	             -445
  790.4000	             -468
  790.6000	             -459
  790.8000	             -484
  791.0000	             -473
  791.2000	             -475
  791.4000	             -466
  791.6000	             -484
  791.8000	             -470
  792.0000	             -474
  792.2000	             -454
  792.4000	             -475
  792.6000	             -451
  792.8000	             -453
  793.0000	             -450
  793.2000	             -445
  793.4000	             -459
  793.6000	             -465
  793.8000	             -467
  794.0000	             -451
  794.2000	             -459
  794.4000	             -460
  794.6000	             -479
  794.8000	              614
  795.0000	             -463
  795.2000	             -453
  795.4000	             -462
  795.6000	             -472
  795.8000	             -467
  796.0000	             -467
  796.2000	             -458
  796.4000	             -453
  796.6000	             -462
  796.8000	             -448
  797.0000	             -453
  797.2000	             -458
  797.4000	             -466
  797.6000	             -460
  797.8000	             -466
  798.0000	             -465
  798.2000	             -484
  798.4000	             -457
  798.6000	             -453
  798.8000	             -453
  799.0000	             -468
  799.2000	             -450
  799.4000	             -451
  799.6000	             -467
  799.8000	             -461
  800.0000	             -469
  800.2000	             -467
  800.4000	             -439
  800.6000	              -47
  800.8000	             -402
  801.0000	             -450
  801.2000	             -468
  801.4000	              119
  801.6000	             -457
  801.8000	             -468
  802.0000	             -457
  802.2000	             -453
  802.4000	             -457
  802.6000	             -480
  802.8000	             -449
  803.0000	             -459
  803.2000	             -463
  803.4000	             -450
  803.6000	             -453
  803.8000	             -450
  804.0000	             -453
  804.2000	             -460
  804.4000	             -454
  804.6000	             -451
  804.8000	             -448
  805.0000	             -452
