  600.0000	             -371
  600.2000	             -349
  600.4000	             -323
  600.6000	             -302
  600.8000	             -383
  601.0000	             -396
  601.2000	             -345
  601.4000	             -430
  601.6000	             -395
  601.8000	             -429
  602.0000	             -424
  602.2000	             -406
  602.4000	             -397
  602.6000	             -388
  602.8000	             -399
  603.0000	             -409
  603.2000	             -359
  603.4000	             -414
  603.6000	             -386
  603.8000	             -356
  604.0000	             -402
  604.2000	             -392
  604.4000	             -359
  604.6000	             -374
  604.8000	             -360
  605.0000	             -435
  605.2000	             -392
  605.4000	             -394
  605.6000	             -377
  605.8000	             -412
  606.0000	             -398
  606.2000	             -371
  606.4000	             -386
  606.6000	             -399
  606.8000	             -326
  607.0000	             -383
  607.2000	             -399
  607.4000	             -412
  607.6000	             -410
  607.8000	             -391
  608.0000	             -421
  608.2000	             -419
  608.4000	             -420
  608.6000	             -355
  608.8000	             -344
  609.0000	             -436
  609.2000	             -403
  609.4000	             -397
  609.6000	             -391
  609.8000	             -386
  610.0000	             -379
  610.2000	             -395
  610.4000	             -413
  610.6000	             -410
  610.8000	             -407
  611.0000	             -358
  611.2000	             -407
  611.4000	             -372
  611.6000	             -411
  611.8000	             -411
  612.0000	             -408
  612.2000	             -398
  612.4000	             -387
  612.6000	             -343
  612.8000	             -439
  613.0000	             -450
  613.2000	             -445
  613.4000	             -448
  613.6000	             -423
  613.8000	             -435
  614.0000	             -421
  614.2000	             -443
  614.4000	             -418
  614.6000	             -417
  614.8000	             -423
  615.0000	             -421
  615.2000	             -421
  615.4000	             -390
  615.6000	             -430
  615.8000	             -417
  616.0000	             -421
  616.2000	             -397
  616.4000	             -406
  616.6000	             -408
  616.8000	             -392
  617.0000	             -425
  617.2000	             -372
  617.4000	             -421
  617.6000	             -420
  617.8000	             -429
  618.0000	             -413
  618.2000	             -429
  618.4000	             -397
  618.6000	             -401
  618.8000	             -385
  619.0000	             -406
  619.2000	             -427
  619.4000	             -404
  619.6000	             -443
  619.8000	             -398
  620.0000	             -404
  620.2000	             -443
  620.4000	             -421
  620.6000	             -430
  620.8000	             -417
  621.0000	             -432
  621.2000	             -447
  621.4000	             -428
  621.6000	             -396
  621.8000	             -417
  622.0000	             -429
  622.2000	             -377
  622.4000	             -392
  622.6000	             -349
  622.8000	             -408
  623.0000	             -437
  623.2000	             -416
  623.4000	             -430
  623.6000	             -400
  623.8000	             -379
  624.0000	             -418
  624.2000	             -394
  624.4000	             -426
  624.6000	             -414
  624.8000	             -422
  625.0000	             -409
  625.2000	             -372
  625.4000	             -458
  625.6000	             -423
  625.8000	             -421
  626.0000	             -432
  626.2000	             -436
  626.4000	             -401
  626.6000	             -413
  626.8000	             -420
  627.0000	             -427
  627.2000	             -407
  627.4000	             -356
  627.6000	             -390
  627.8000	             -399
  628.0000	             -404
  628.2000	             -394
  628.4000	             -417
  628.6000	             -404
  628.8000	             -431
  629.0000	             -343
  629.2000	             -412
  629.4000	             -377
  629.6000	             -385
  629.8000	             -355
  630.0000	             -384
  630.2000	             -355
  630.4000	             -378
  630.6000	             -379
  630.8000	             -366
  631.0000	             -355
  631.2000	             -383
  631.4000	             -411
  631.6000	             -423
  631.8000	             -423
  632.0000	             -366
  632.2000	             -349
  632.4000	             -456
  632.6000	             -409
  632.8000	             -429
  633.0000	             -404
  633.2000	             -392
  633.4000	             -425
  633.6000	             -383
  633.8000	             -417
  634.0000	             -411
  634.2000	             -411
  634.4000	             -410
  634.6000	             -414
  634.8000	             -392
  635.0000	             -398
  635.2000	             -400
  635.4000	             -431
  635.6000	             -392
  635.8000	             -393
  636.0000	             -386
  636.2000	             -396
  636.4000	             -392
  636.6000	             -347
  636.8000	             -364
  637.0000	             -417
  637.2000	             -364
  637.4000	             -355
  637.6000	             -326
  637.8000	             -397
  638.0000	             -391
  638.2000	             -369
  638.4000	             -281
  638.6000	             -413
  638.8000	             -418
  639.0000	             -379
  639.2000	             -394
  639.4000	             -309
  639.6000	             -450
  639.8000	             -423
  640.0000	             -411
  640.2000	             -397
  640.4000	             -414
  640.6000	             -422
  640.8000	             -373
  641.0000	             -356
  641.2000	             -426
  641.4000	             -423
  641.6000	             -347
  641.8000	             -398
  642.0000	             -397
  642.2000	             -411
  642.4000	             -399
  642.6000	             -349
  642.8000	             -365
  643.0000	             -348
  643.2000	             -343
  643.4000	             -327
  643.6000	             -387
  643.8000	             -327
  644.0000	             -351
  644.2000	             -371
  644.4000	             -384
  644.6000	             -358
  644.8000	             -316
  645.0000	             -319
  645.2000	             -326
  645.4000	             -366
  645.6000	             -363
  645.8000	             -269
  646.0000	             -351
  646.2000	             -370
  646.4000	             -352
  646.6000	             -328
  646.8000	             -292
  647.0000	             -453
  647.2000	             -363
  647.4000	             -432
  647.6000	             -394
  647.8000	             -365
  648.0000	             -408
  648.2000	             -408
  648.4000	             -385
  648.6000	             -421
  648.8000	             -412
  649.0000	             -399
  649.2000	             -392
  649.4000	             -340
  649.6000	             -430
  649.8000	             -403
  650.0000	             -370
  650.2000	             -357
  650.4000	             -398
  650.6000	             -323
  650.8000	             -359
  651.0000	             -302
  651.2000	             -332
  651.4000	             -336
  651.6000	             -305
  651.8000	             -290
  652.0000	             -328
  652.2000	             -330
  652.4000	             -333
  652.6000	             -339
  652.8000	             -275
  653.0000	             -389
  653.2000	             -339
  653.4000	             -237
  653.6000	             -379
  653.8000	             -347
  654.0000	             -312
  654.2000	             -335
  654.4000	             -271
  654.6000	             -429
  654.8000	             -391
  655.0000	             -415
  655.2000	             -353
  655.4000	             -386
  655.6000	             -396
  655.8000	             -347
  656.0000	             -345
  656.2000	             -364
  656.4000	             -391
  656.6000	             -357
  656.8000	             -395
  657.0000	             -400
  657.2000	             -334
  657.4000	             -377
  657.6000	             -352
  657.8000	             -349
  658.0000	             -277
  658.2000	             -332
  658.4000	             -309
  658.6000	             -273
  658.8000	             -274
  659.0000	             -281
  659.2000	             -292
  659.4000	             -270
  659.6000	             -309
  659.8000	             -337
  660.0000	             -285
  660.2000	             -336
  660.4000	             -242
  660.6000	             -296
  660.8000	             -373
  661.0000	             -315
  661.2000	             -241
  661.4000	             -314
  661.6000	             -317
  661.8000	             -363
  662.0000	             -317
  662.2000	             -226
  662.4000	             -419
  662.6000	             -388
  662.8000	             -406
  663.0000	             -374
  663.2000	             -392
  663.4000	             -382
  663.6000	             -377
  663.8000	             -338
  664.0000	             -318
  664.2000	             -364
  664.4000	             -360
  664.6000	             -347
  664.8000	             -402
  665.0000	             -362
  665.2000	             -308
  665.4000	             -373
  665.6000	             -333
  665.8000	             -358
  666.0000	             -336
  666.2000	             -349
  666.4000	             -318
  666.6000	             -268
  666.8000	             -340
  667.0000	             -331
  667.2000	             -289
  667.4000	             -284
  667.6000	             -233
  667.8000	             -317
  668.0000	             -339
  668.2000	             -323
  668.4000	             -321
  668.6000	             -345
  668.8000	             -285
  669.0000	             -353
  669.2000	             -328
  669.4000	             -243
  669.6000	             -347
  669.8000	             -348
  670.0000	             -348
  670.2000	             -337
  670.4000	             -218
  670.6000	             -394
  670.8000	             -428
  671.0000	             -434
  671.2000	             -404
  671.4000	             -382
  671.6000	             -391
  671.8000	             -406
  672.0000	             -415
  672.2000	             -415
  672.4000	             -409
  672.6000	             -395
  672.8000	             -414
  673.0000	             -402
  673.2000	             -402
  673.4000	             -395
  673.6000	             -435
  673.8000	             -369
  674.0000	             -378
  674.2000	             -383
  674.4000	             -353
  674.6000	             -377
  674.8000	             -338
  675.0000	             -360
  675.2000	             -339
  675.4000	             -319
  675.6000	             -356
  675.8000	             -355
  676.0000	             -354
  676.2000	             -353
  676.4000	             -377
  676.6000	             -353
  676.8000	             -356
  677.0000	             -344
  677.2000	             -359
  677.4000	             -371
  677.6000	             -371
  677.8000	             -261
  678.0000	             -411
  678.2000	             -419
  678.4000	             -355
  678.6000	             -342
  678.8000	             -306
  679.0000	             -408
  679.2000	             -428
  679.4000	             -390
  679.6000	             -431
  679.8000	             -431
  680.0000	             -421
  680.2000	             -449
  680.4000	             -432
  680.6000	             -404
  680.8000	             -399
  681.0000	             -444
  681.2000	             -418
  681.4000	             -392
  681.6000	             -444
  681.8000	             -397
  682.0000	             -422
  682.2000	             -425
  682.4000	             -383
  682.6000	             -432
  682.8000	             -431
  683.0000	             -423
  683.2000	             -425
  683.4000	             -401
  683.6000	             -400
  683.8000	             -364
  684.0000	             -395
  684.2000	             -413
  684.4000	             -416
  684.6000	             -413
  684.8000	             -397
  685.0000	             -397
  685.2000	             -403
  685.4000	             -380
  685.6000	             -368
  685.8000	             -380
  686.0000	             -429
  686.2000	             -426
  686.4000	             -367
  686.6000	             -426
  686.8000	             -417
  687.0000	             -430
  687.2000	             -371
  687.4000	             -360
  687.6000	             -422
  687.8000	             -455
  688.0000	             -406
  688.2000	             -420
  688.4000	             -406
  688.6000	             -455
  688.8000	             -402
  689.0000	             -411
  689.2000	             -432
  689.4000	             -381
  689.6000	             -420
  689.8000	             -465
  690.0000	             -432
  690.2000	             -458
  690.4000	             -452
  690.6000	             -442
  690.8000	             -463
  691.0000	             -464
  691.2000	             -459
  691.4000	             -406
  691.6000	             -473
  691.8000	             -455
  692.0000	             -397
  692.2000	             -456
  692.4000	             -397
  692.6000	             -458
  692.8000	             -466
  693.0000	             -405
  693.2000	             -406
  693.4000	             -457
  693.6000	             -456
  693.8000	             -420
  694.0000	             -405
  694.2000	             -467
  694.4000	             -452
  694.6000	             -406
  694.8000	             -455
  695.0000	             -406
  695.2000	             -457
  695.4000	             -453
  695.6000	             -405
  695.8000	             -458
  696.0000	             -412
  696.2000	             -434
  696.4000	             -135
  696.6000	              197
  696.8000	             -406
  697.0000	             -397
  697.2000	             -456
  697.4000	             -429
  697.6000	             -442
  697.8000	             -463
  698.0000	             -463
  698.2000	             -407
  698.4000	             -455
  698.6000	             -406
  698.8000	             -404
  699.0000	             -446
  699.2000	             -438
  699.4000	             -406
  699.6000	             -445
  699.8000	             -461
  700.0000	             -424
  700.2000	             -402
  700.4000	             -434
  700.6000	             -457
  700.8000	             -452
  701.0000	             -406
  701.2000	             -438
  701.4000	             -457
  701.6000	             -416
  701.8000	             -424
  702.0000	             -454
  702.2000	             -404
  702.4000	             -451
  702.6000	             -403
  702.8000	             -455
  703.0000	             -412
  703.2000	             -440
  703.4000	             -429
  703.6000	             -443
  703.8000	             -392
  704.0000	             -392
  704.2000	             -390
  704.4000	             -429
  704.6000	             -414
  704.8000	             -451
  705.0000	             -438
  705.2000	             -406
  705.4000	             -465
  705.6000	             -463
  705.8000	             -385
  706.0000	             -452
  706.2000	             -404
  706.4000	             -453
  706.6000	              306
  706.8000	             -336
  707.0000	             -434
  707.2000	             -448
  707.4000	             -434
  707.6000	             -406
  707.8000	             -429
  708.0000	             -434
  708.2000	             -399
  708.4000	             -467
  708.6000	             -450
  708.8000	             -458
  709.0000	             -463
  709.2000	             -449
  709.4000	             -465
  709.6000	             -462
  709.8000	             -448
  710.0000	             -406
  710.2000	             -425
  710.4000	             -472
  710.6000	             -427
  710.8000	             -381
  711.0000	             -469
  711.2000	             -469
  711.4000	             -403
  711.6000	             -421
  711.8000	             -428
  712.0000	             -403
  712.2000	             -444
  712.4000	             -450
  712.6000	             -444
  712.8000	             -432
  713.0000	             -425
  713.2000	             -434
  713.4000	             -402
  713.6000	             -446
  713.8000	             -469
  714.0000	             -446
  714.2000	             -424
  714.4000	             -386
  714.6000	             -274
  714.8000	             -385
  715.0000	             -411
  715.2000	             -447
  715.4000	             -434
  715.6000	             -420
  715.8000	             -441
  716.0000	             -447
  716.2000	             -453
  716.4000	             -428
  716.6000	             -432
  716.8000	             -456
  717.0000	             -455
  717.2000	             -438
  717.4000	             -468
  717.6000	             -414
  717.8000	             -448
  718.0000	             -431
  718.2000	             -454
  718.4000	             -453
  718.6000	             -402
  718.8000	             -426
  719.0000	             -453
  719.2000	             -407
  719.4000	             -456
  719.6000	             -417
  719.8000	             -433
  720.0000	             -425
  720.2000	             -431
  720.4000	             -453
  720.6000	             -423
  720.8000	             -436
  721.0000	             -429
  721.2000	             -414
  721.4000	             -405
  721.6000	             -425
  721.8000	             -450
  722.0000	             -417
  722.2000	             -448
  722.4000	             -417
  722.6000	             -439
  722.8000	             -401
  723.0000	             -387
  723.2000	             -353
  723.4000	             -363
  723.6000	             -377
  723.8000	             -400
  724.0000	             -395
  724.2000	             -421
  724.4000	             -425
  724.6000	             -383
  724.8000	             -392
  725.0000	             -404
  725.2000	             -413
  725.4000	             -418
  725.6000	             -421
  725.8000	             -383
  726.0000	             -413
  726.2000	             -405
  726.4000	             -437
  726.6000	             -423
  726.8000	             -434
  727.0000	             -417
  727.2000	              -20
  727.4000	             -390
  727.6000	             -439
  727.8000	             -453
  728.0000	             -453
  728.2000	             -403
  728.4000	             -401
  728.6000	             -433
  728.8000	             -438
  729.0000	             -408
  729.2000	             -445
  729.4000	             -429
  729.6000	             -417
  729.8000	             -409
  730.0000	             -404
  730.2000	             -434
  730.4000	             -408
  730.6000	             -434
  730.8000	             -393
  731.0000	             -420
  731.2000	             -422
  731.4000	             -414
  731.6000	             -423
  731.8000	             -411
  732.0000	             -419
  732.2000	             -379
  732.4000	             -398
  732.6000	             -425
  732.8000	             -390
  733.0000	             -421
  733.2000	             -393
  733.4000	             -436
  733.6000	             -326
  733.8000	             -411
  734.0000	             -395
  734.2000	             -411
  734.4000	             -372
  734.6000	             -366
  734.8000	             -347
  735.0000	             -359
  735.2000	             -392
  735.4000	             -421
  735.6000	             -388
  735.8000	             -329
  736.0000	             -371
  736.2000	             -405
  736.4000	             -365
  736.6000	             -352
  736.8000	             -407
  737.0000	             -403
  737.2000	             -275
  737.4000	             -379
  737.6000	             -370
  737.8000	             -410
  738.0000	             -398
  738.2000	             -399
  738.4000	             1885
  738.6000	             -341
  738.8000	             -390
  739.0000	             -414
  739.2000	             -429
  739.4000	             -393
  739.6000	             -431
  739.8000	             -386
  740.0000	             -449
  740.2000	             -390
  740.4000	             -427
  740.6000	             -424
  740.8000	             -417
  741.0000	             -454
  741.2000	             -425
  741.4000	             -404
  741.6000	             -410
  741.8000	             -419
  742.0000	             -427
  742.2000	             -411
  742.4000	             -418
  742.6000	             -364
  742.8000	             -395
  743.0000	             -439
  743.2000	             -384
  743.4000	             -418
  743.6000	             -376
  743.8000	             -423
  744.0000	             -396
  744.2000	             -392
  744.4000	             -342
  744.6000	             -390
  744.8000	             -367
  745.0000	             -390
  745.2000	             -295
  745.4000	             -396
  745.6000	             -353
  745.8000	             -342
  746.0000	             -335
  746.2000	             -319
  746.4000	             -383
  746.6000	             -337
  746.8000	             -345
  747.0000	             -392
  747.2000	             -358
  747.4000	             -369
  747.6000	             -385
  747.8000	             -340
  748.0000	             -387
  748.2000	             -342
  748.4000	             -343
  748.6000	             -360
  748.8000	             -379
  749.0000	             -305
  749.2000	             -400
  749.4000	             -369
  749.6000	             -366
  749.8000	             -394
  750.0000	             -315
  750.2000	              -47
  750.4000	             9938
  750.6000	             -347
  750.8000	             -404
  751.0000	             -357
  751.2000	             -352
  751.4000	             3351
  751.6000	             -399
  751.8000	             -406
  752.0000	             -366
  752.2000	             -395
  752.4000	             -383
  752.6000	             -416
  752.8000	             -433
  753.0000	             -400
  753.2000	             -412
  753.4000	             -392
  753.6000	             -343
  753.8000	             -438
  754.0000	             -374
  754.2000	             -420
  754.4000	             -421
  754.6000	             -413
  754.8000	             -343
  755.0000	             -432
  755.2000	             -392
  755.4000	             -432
  755.6000	             -383
  755.8000	             -392
  756.0000	             -416
  756.2000	             -358
  756.4000	             -406
  756.6000	             -368
  756.8000	             -373
  757.0000	             -439
  757.2000	             -331
  757.4000	             -400
  757.6000	             -324
  757.8000	             -367
  758.0000	             -315
  758.2000	             -357
  758.4000	             -354
  758.6000	             -355
  758.8000	             -348
  759.0000	             -392
  759.2000	             -319
  759.4000	             -368
  759.6000	             -347
  759.8000	             -328
  760.0000	             -329
  760.2000	             -321
  760.4000	             -331
  760.6000	             -362
  760.8000	             -373
  761.0000	             -316
  761.2000	             -271
  761.4000	             -419
  761.6000	             -414
  761.8000	             -396
  762.0000	             -403
  762.2000	             -353
  762.4000	             -361
  762.6000	             -367
  762.8000	             -423
  763.0000	             -405
  763.2000	             -414
  763.4000	             3719
  763.6000	             -353
  763.8000	             -417
  764.0000	             -419
  764.2000	             -419
  764.4000	             -396
  764.6000	             -392
  764.8000	             -377
  765.0000	             -445
  765.2000	             -453
  765.4000	             -419
  765.6000	             -446
  765.8000	             -356
  766.0000	             -399
  766.2000	             -425
  766.4000	             -375
  766.6000	             -411
  766.8000	             -418
  767.0000	             -416
  767.2000	             -354
  767.4000	             -437
  767.6000	             -371
  767.8000	             -364
  768.0000	             -392
  768.2000	             -400
  768.4000	             -365
  768.6000	             -377
  768.8000	             -351
  769.0000	             -327
  769.2000	             -316
  769.4000	             -385
  769.6000	             -293
  769.8000	             -392
  770.0000	             -322
  770.2000	             -272
  770.4000	             -368
  770.6000	             -280
  770.8000	             -281
  771.0000	             -309
  771.2000	             -283
  771.4000	             -330
  771.6000	             -398
  771.8000	             -339
  772.0000	             -366
  772.2000	             -313
  772.4000	             1909
  772.6000	             -297
  772.8000	             -366
  773.0000	             -270
  773.2000	             -335
  773.4000	             -359
  773.6000	             -312
  773.8000	             -235
  774.0000	             -380
  774.2000	             -406
  774.4000	             -346
  774.6000	             -327
  774.8000	             -360
  775.0000	             -305
  775.2000	             -237
  775.4000	             -412
  775.6000	             -436
  775.8000	             -448
  776.0000	             -419
  776.2000	             -390
  776.4000	             -414
  776.6000	             -419
  776.8000	             -428
  777.0000	             -453
  777.2000	             -394
  777.4000	             -355
  777.6000	             -404
  777.8000	             -451
  778.0000	             -434
  778.2000	             -432
  778.4000	             -406
  778.6000	             -451
  778.8000	             -397
  779.0000	             -406
  779.2000	             -403
  779.4000	             -453
  779.6000	             -404
  779.8000	             -404
  780.0000	             -465
  780.2000	             -465
  780.4000	             -458
  780.6000	             -462
  780.8000	             -452
  781.0000	             -443
  781.2000	             -457
  781.4000	             -453
  781.6000	             -428
  781.8000	             -418
  782.0000	             -405
  782.2000	             -406
  782.4000	             -464
  782.6000	             -432
  782.8000	             -457
  783.0000	             -438
  783.2000	             -428
  783.4000	             -453
  783.6000	             -457
  783.8000	             -431
  784.0000	             -446
  784.2000	             -418
  784.4000	             -433
  784.6000	             -452
  784.8000	             -406
  785.0000	             -412
  785.2000	             -434
  785.4000	             -404
  785.6000	             -462
  785.8000	             -458
  786.0000	             -455
  786.2000	             -464
  786.4000	             -385
  786.6000	             -414
  786.8000	             -444
  787.0000	             -447
  787.2000	             -466
  787.4000	             -445
  787.6000	             -451
  787.8000	             -460
  788.0000	             -461
  788.2000	             -397
  788.4000	             -420
  788.6000	             -466
  788.8000	             -446
  789.0000	             -428
  789.2000	             -457
  789.4000	             -387
  789.6000	             -395
  789.8000	             -479
  790.0000	             -442
  790.2000	             -467
  790.4000	             -408
  790.6000	             -433
  790.8000	             -472
  791.0000	             -455
  791.2000	             -431
  791.4000	             -461
  791.6000	             -458
  791.8000	             -466
  792.0000	             -454
  792.2000	             -418
  792.4000	             -458
  792.6000	             -423
  792.8000	             -442
  793.0000	             -463
  793.2000	             -451
  793.4000	             -462
  793.6000	             -413
  793.8000	             -463
  794.0000	             -457
  794.2000	             -405
  794.4000	             -468
  794.6000	             -455
  794.8000	             1127
  795.0000	             -434
  795.2000	             -455
  795.4000	             -450
  795.6000	             -455
  795.8000	             -472
  796.0000	             -428
  796.2000	             -461
  796.4000	             -472
  796.6000	             -479
  796.8000	             -463
  797.0000	             -425
  797.2000	             -461
  797.4000	             -459
  797.6000	             -389
  797.8000	             -449
  798.0000	             -423
  798.2000	             -461
  798.4000	             -461
  798.6000	             -453
  798.8000	             -466
  799.0000	             -466
  799.2000	             -447
  799.4000	             -397
  799.6000	             -464
  799.8000	             -462
  800.0000	             -431
  800.2000	             -455
  800.4000	             -444
  800.6000	              169
  800.8000	             -426
  801.0000	             -419
  801.2000	             -396
  801.4000	              549
  801.6000	             -425
  801.8000	             -453
  802.0000	             -463
  802.2000	             -434
  802.4000	             -441
  802.6000	             -442
  802.8000	             -438
  803.0000	             -450
  803.2000	             -447
  803.4000	             -428
  803.6000	             -418
  803.8000	             -468
  804.0000	             -433
  804.2000	             -450
  804.4000	             -457
  804.6000	             -432
  804.8000	             -456
  805.0000	             -416
