  600.0000	             -281
  600.2000	             -311
  600.4000	             -280
  600.6000	             -230
  600.8000	             -345
  601.0000	             -348
  601.2000	             -261
  601.4000	             -333
  601.6000	             -383
  601.8000	             -341
  602.0000	             -342
  602.2000	             -360
  602.4000	             -335
  602.6000	             -330
  602.8000	             -359
  603.0000	             -348
  603.2000	             -242
  603.4000	             -360
  603.6000	             -294
  603.8000	             -336
  604.0000	             -329
  604.2000	             -283
  604.4000	             -257
  604.6000	             -352
  604.8000	             -348
  605.0000	             -338
  605.2000	             -329
  605.4000	             -336
  605.6000	             -331
  605.8000	             -337
  606.0000	             -273
  606.2000	             -260
  606.4000	             -366
  606.6000	             -351
  606.8000	             -310
  607.0000	             -333
  607.2000	             -401
  607.4000	             -393
  607.6000	             -391
  607.8000	             -383
  608.0000	             -371
  608.2000	             -389
  608.4000	             -374
  608.6000	             -392
  608.8000	             -386
  609.0000	             -325
  609.2000	             -401
  609.4000	             -387
  609.6000	             -325
  609.8000	             -308
  610.0000	             -344
  610.2000	             -350
  610.4000	             -375
  610.6000	             -350
  610.8000	             -335
  611.0000	             -371
  611.2000	             -370
  611.4000	             -308
  611.6000	             -332
  611.8000	             -309
  612.0000	             -358
  612.2000	             -401
  612.4000	             -389
  612.6000	             -319
  612.8000	             -371
  613.0000	             -380
  613.2000	             -368
  613.4000	             -383
  613.6000	             -395
  613.8000	             -407
  614.0000	             -376
  614.2000	             -354
  614.4000	             -401
  614.6000	             -400
  614.8000	             -364
  615.0000	             -370
  615.2000	             -321
  615.4000	             -364
  615.6000	             -395
  615.8000	             -366
  616.0000	             -365
  616.2000	             -378
  616.4000	             -371
  616.6000	             -376
  616.8000	             -394
  617.0000	             -383
  617.2000	             -293
  617.4000	             -341
  617.6000	             -401
  617.8000	             -392
  618.0000	             -385
  618.2000	             -390
  618.4000	             -368
  618.6000	             -379
  618.8000	             -340
  619.0000	             -382
  619.2000	             -328
  619.4000	             -410
  619.6000	             -401
  619.8000	             -379
  620.0000	             -326
  620.2000	             -363
  620.4000	             -368
  620.6000	             -385
  620.8000	             -314
  621.0000	             -410
  621.2000	             -350
  621.4000	             -401
  621.6000	             -362
  621.8000	             -391
  622.0000	             -334
  622.2000	             -387
  622.4000	             -386
  622.6000	             -362
  622.8000	             -327
  623.0000	             -400
  623.2000	             -379
  623.4000	             -378
  623.6000	             -357
  623.8000	             -383
  624.0000	             -389
  624.2000	             -366
  624.4000	             -379
  624.6000	             -379
  624.8000	             -383
  625.0000	             -350
  625.2000	             -340
  625.4000	             -402
  625.6000	             -372
  625.8000	             -402
  626.0000	             -361
  626.2000	             -371
  626.4000	             -381
  626.6000	             -368
  626.8000	             -363
  627.0000	             -387
  627.2000	             -356
  627.4000	             -381
  627.6000	             -373
  627.8000	             -384
  628.0000	             -350
  628.2000	             -353
  628.4000	             -305
  628.6000	             -326
  628.8000	             -311
  629.0000	             -286
  629.2000	             -300
  629.4000	             -285
  629.6000	             -279
  629.8000	             -348
  630.0000	             -320
  630.2000	             -350
  630.4000	             -326
  630.6000	             -333
  630.8000	             -322
  631.0000	             -329
  631.2000	             -265
  631.4000	             -354
  631.6000	             -357
  631.8000	             -374
  632.0000	             -287
  632.2000	             -315
  632.4000	             -344
  632.6000	             -346
  632.8000	             -394
  633.0000	             -375
  633.2000	             -339
  633.4000	             -329
  633.6000	             -336
  633.8000	             -364
  634.0000	             -376
  634.2000	             -348
  634.4000	             -371
  634.6000	             -383
  634.8000	             -332
  635.0000	             -319
  635.2000	             -339
  635.4000	             -338
  635.6000	             -299
  635.8000	             -296
  636.0000	             -287
  636.2000	             -300
  636.4000	             -322
  636.6000	             -239
  636.8000	             -286
  637.0000	             -340
  637.2000	             -292
  637.4000	             -327
  637.6000	             -317
  637.8000	             -291
  638.0000	             -290
  638.2000	             -323
  638.4000	             -256
  638.6000	             -295
  638.8000	             -351
  639.0000	             -355
  639.2000	             -339
  639.4000	             -256
  639.6000	             -393
  639.8000	             -324
  640.0000	             -335
  640.2000	             -358
  640.4000	             -352
  640.6000	             -359
  640.8000	             -344
  641.0000	             -361
  641.2000	             -365
  641.4000	             -368
  641.6000	             -269
  641.8000	             -340
  642.0000	             -291
  642.2000	             -355
  642.4000	             -331
  642.6000	             -307
  642.8000	             -299
  643.0000	             -268
  643.2000	             -283
  643.4000	             -276
  643.6000	             -309
  643.8000	             -274
  644.0000	             -240
  644.2000	             -266
  644.4000	             -316
  644.6000	             -297
  644.8000	             -272
  645.0000	             -274
  645.2000	             -213
  645.4000	             -306
  645.6000	             -279
  645.8000	             -197
  646.0000	             -330
  646.2000	             -348
  646.4000	             -289
  646.6000	             -257
  646.8000	             -190
  647.0000	             -373
  647.2000	             -292
  647.4000	             -309
  647.6000	             -310
  647.8000	             -308
  648.0000	             -364
  648.2000	             -297
  648.4000	             -320
  648.6000	             -313
  648.8000	             -363
  649.0000	             -300
  649.2000	             -303
  649.4000	             -286
  649.6000	             -344
  649.8000	             -265
  650.0000	             -262
  650.2000	             -291
  650.4000	             -269
  650.6000	             -263
  650.8000	             -250
  651.0000	             -215
  651.2000	             -289
  651.4000	             -213
  651.6000	             -183
  651.8000	             -200
  652.0000	             -261
  652.2000	             -241
  652.4000	             -258
  652.6000	             -217
  652.8000	             -213
  653.0000	             -326
  653.2000	             -186
  653.4000	             -171
  653.6000	             -323
  653.8000	             -283
  654.0000	             -250
  654.2000	             -265
  654.4000	             -159
  654.6000	             -405
  654.8000	             -289
  655.0000	             -386
  655.2000	             -290
  655.4000	             -369
  655.6000	             -310
  655.8000	             -327
  656.0000	             -307
  656.2000	             -239
  656.4000	             -333
  656.6000	             -306
  656.8000	             -291
  657.0000	             -326
  657.2000	             -205
  657.4000	             -286
  657.6000	             -250
  657.8000	             -257
  658.0000	             -201
  658.2000	             -291
  658.4000	             -179
  658.6000	             -203
  658.8000	             -212
  659.0000	             -214
  659.2000	             -173
  659.4000	             -163
  659.6000	             -184
  659.8000	             -274
  660.0000	             -194
  660.2000	             -207
  660.4000	             -207
  660.6000	             -206
  660.8000	             -272
  661.0000	             -225
  661.2000	             -123
  661.4000	             -209
  661.6000	             -282
  661.8000	             -306
  662.0000	             -227
  662.2000	             -120
  662.4000	             -335
  662.6000	             -383
  662.8000	             -329
  663.0000	             -299
  663.2000	             -349
  663.4000	             -312
  663.6000	             -341
  663.8000	             -292
  664.0000	             -309
  664.2000	             -310
  664.4000	             -291
  664.6000	             -285
  664.8000	             -320
  665.0000	             -347
  665.2000	             -232
  665.4000	             -325
  665.6000	             -275
  665.8000	             -244
  666.0000	             -260
  666.2000	             -320
  666.4000	             -228
  666.6000	             -234
  666.8000	             -209
  667.0000	             -223
  667.2000	             -227
  667.4000	             -189
  667.6000	             -199
  667.8000	             -246
  668.0000	             -253
  668.2000	             -268
  668.4000	             -195
  668.6000	             -219
  668.8000	             -179
  669.0000	             -284
  669.2000	             -216
  669.4000	             -107
  669.6000	             -342
  669.8000	             -311
  670.0000	             -262
  670.2000	             -279
  670.4000	             -147
  670.6000	             -333
  670.8000	             -387
  671.0000	             -375
  671.2000	             -348
  671.4000	             -320
  671.6000	             -345
  671.8000	             -295
  672.0000	             -341
  672.2000	             -341
  672.4000	             -373
  672.6000	             -325
  672.8000	             -351
  673.0000	             -381
  673.2000	             -336
  673.4000	             -336
  673.6000	             -370
  673.8000	             -282
  674.0000	             -260
  674.2000	             -363
  674.4000	             -252
  674.6000	             -307
  674.8000	             -297
  675.0000	             -250
  675.2000	             -210
  675.4000	             -283
  675.6000	             -230
  675.8000	             -313
  676.0000	             -265
  676.2000	             -271
  676.4000	             -248
  676.6000	             -280
  676.8000	             -280
  677.0000	             -312
  677.2000	             -243
  677.4000	             -308
  677.6000	             -272
  677.8000	             -173
  678.0000	             -350
  678.2000	             -287
  678.4000	             -350
  678.6000	             -317
  678.8000	             -179
  679.0000	             -389
  679.2000	             -368
  679.4000	             -380
  679.6000	             -343
  679.8000	             -386
  680.0000	             -383
  680.2000	             -348
  680.4000	             -362
  680.6000	             -359
  680.8000	             -377
  681.0000	             -368
  681.2000	             -358
  681.4000	             -323
  681.6000	             -383
  681.8000	             -378
  682.0000	             -327
  682.2000	             -383
  682.4000	             -392
  682.6000	             -379
  682.8000	             -350
  683.0000	             -381
  683.2000	             -334
  683.4000	             -367
  683.6000	             -365
  683.8000	             -361
  684.0000	             -348
  684.2000	             -319
  684.4000	             -303
  684.6000	             -376
  684.8000	             -370
  685.0000	             -376
  685.2000	             -370
  685.4000	             -360
  685.6000	             -370
  685.8000	             -283
  686.0000	             -384
  686.2000	             -370
  686.4000	             -287
  686.6000	             -401
  686.8000	             -401
  687.0000	             -380
  687.2000	             -321
  687.4000	             -296
  687.6000	             -390
  687.8000	             -404
  688.0000	             -414
  688.2000	             -359
  688.4000	             -398
  688.6000	             -394
  688.8000	             -363
  689.0000	             -415
  689.2000	             -420
  689.4000	             -374
  689.6000	             -360
  689.8000	             -440
  690.0000	             -418
  690.2000	             -421
  690.4000	             -402
  690.6000	             -424
  690.8000	             -376
  691.0000	             -410
  691.2000	             -416
  691.4000	             -403
  691.6000	             -441
  691.8000	             -411
  692.0000	             -426
  692.2000	             -425
  692.4000	             -392
  692.6000	             -375
  692.8000	             -408
  693.0000	             -416
  693.2000	             -403
  693.4000	             -374
  693.6000	             -373
  693.8000	             -345
  694.0000	             -403
  694.2000	             -409
  694.4000	             -418
  694.6000	             -400
  694.8000	             -419
  695.0000	             -380
  695.2000	             -391
  695.4000	             -420
  695.6000	             -384
  695.8000	             -412
  696.0000	             -383
  696.2000	             -379
  696.4000	             -200
  696.6000	             1229
  696.8000	             -391
  697.0000	             -420
  697.2000	             -413
  697.4000	             -384
  697.6000	             -410
  697.8000	             -383
  698.0000	             -424
  698.2000	             -402
  698.4000	             -406
  698.6000	             -350
  698.8000	             -414
  699.0000	             -401
  699.2000	             -354
  699.4000	             -403
  699.6000	             -365
  699.8000	             -415
  700.0000	             -416
  700.2000	             -392
  700.4000	             -375
  700.6000	             -384
  700.8000	             -387
  701.0000	             -357
  701.2000	             -406
  701.4000	             -369
  701.6000	             -383
  701.8000	             -419
  702.0000	             -406
  702.2000	             -375
  702.4000	             -373
  702.6000	             -424
  702.8000	             -408
  703.0000	             -306
  703.2000	             -413
  703.4000	             -401
  703.6000	             -382
  703.8000	             -415
  704.0000	             -369
  704.2000	             -421
  704.4000	             -424
  704.6000	             -405
  704.8000	             -424
  705.0000	             -373
  705.2000	             -369
  705.4000	             -411
  705.6000	             -398
  705.8000	             -406
  706.0000	             -408
  706.2000	             -391
  706.4000	             -409
  706.6000	              384
  706.8000	              -94
  707.0000	             -369
  707.2000	             -408
  707.4000	             -422
  707.6000	             -392
  707.8000	             -415
  708.0000	             -392
  708.2000	             -381
  708.4000	             -424
  708.6000	             -419
  708.8000	             -394
  709.0000	             -402
  709.2000	             -412
  709.4000	             -383
  709.6000	             -363
  709.8000	             -424
  710.0000	             -384
  710.2000	             -372
  710.4000	             -415
  710.6000	             -368
  710.8000	             -360
  711.0000	             -326
  711.2000	             -424
  711.4000	             -407
  711.6000	             -390
  711.8000	             -360
  712.0000	             -383
  712.2000	             -390
  712.4000	             -390
  712.6000	             -405
  712.8000	             -389
  713.0000	             -371
  713.2000	             -358
  713.4000	             -383
  713.6000	             -376
  713.8000	             -405
  714.0000	             -377
  714.2000	             -416
  714.4000	             -402
  714.6000	             -206
  714.8000	             -378
  715.0000	             -395
  715.2000	             -368
  715.4000	             -416
  715.6000	             -369
  715.8000	             -368
  716.0000	             -363
  716.2000	             -405
  716.4000	             -410
  716.6000	             -403
  716.8000	             -401
  717.0000	             -395
  717.2000	             -403
  717.4000	             -380
  717.6000	             -398
  717.8000	             -389
  718.0000	             -401
  718.2000	             -412
  718.4000	             -354
  718.6000	             -380
  718.8000	             -369
  719.0000	             -419
  719.2000	             -323
  719.4000	             -375
  719.6000	             -353
  719.8000	             -384
  720.0000	             -400
  720.2000	             -405
  720.4000	             -317
  720.6000	             -337
  720.8000	             -368
  721.0000	             -376
  721.2000	             -357
  721.4000	             -381
  721.6000	             -353
  721.8000	             -381
  722.0000	             -348
  722.2000	             -334
  722.4000	             -324
  722.6000	             -384
  722.8000	             -333
  723.0000	             -359
  723.2000	             -317
  723.4000	             -367
  723.6000	             -370
  723.8000	             -297
  724.0000	             -376
  724.2000	             -380
  724.4000	             -392
  724.6000	             -385
  724.8000	             -370
  725.0000	             -371
  725.2000	             -376
  725.4000	             -325
  725.6000	             -340
  725.8000	             -342
  726.0000	             -329
  726.2000	             -372
  726.4000	             -379
  726.6000	             -371
  726.8000	             -368
  727.0000	             -357
  727.2000	              122
  727.4000	             -318
  727.6000	             -368
  727.8000	             -384
  728.0000	             -371
  728.2000	             -378
  728.4000	             -401
  728.6000	             -376
  728.8000	             -311
  729.0000	             -373
  729.2000	             -393
  729.4000	             -326
  729.6000	             -409
  729.8000	             -357
  730.0000	             -384
  730.2000	             -374
  730.4000	             -314
  730.6000	             -318
  730.8000	             -396
  731.0000	             -360
  731.2000	             -357
  731.4000	             -330
  731.6000	             -357
  731.8000	             -372
  732.0000	             -370
  732.2000	             -342
  732.4000	             -377
  732.6000	             -401
  732.8000	             -317
  733.0000	             -384
  733.2000	             -318
  733.4000	             -343
  733.6000	             -293
  733.8000	             -374
  734.0000	             -300
  734.2000	             -286
  734.4000	             -316
  734.6000	             -348
  734.8000	             -342
  735.0000	             -256
  735.2000	             -347
  735.4000	             -347
  735.6000	             -281
  735.8000	             -302
  736.0000	             -315
  736.2000	             -348
  736.4000	             -270
  736.6000	             -300
  736.8000	             -358
  737.0000	             -270
  737.2000	             -227
  737.4000	             -316
  737.6000	             -390
  737.8000	             -366
  738.0000	             -335
  738.2000	             -316
  738.4000	             3581
  738.6000	             -279
  738.8000	             -400
  739.0000	             -383
  739.2000	             -330
  739.4000	             -359
  739.6000	             -373
  739.8000	             -346
  740.0000	             -383
  740.2000	             -320
  740.4000	             -383
  740.6000	             -368
  740.8000	             -337
  741.0000	             -397
  741.2000	             -314
  741.4000	             -394
  741.6000	             -394
  741.8000	             -306
  742.0000	             -401
  742.2000	             -359
  742.4000	             -362
  742.6000	             -350
  742.8000	             -366
  743.0000	             -329
  743.2000	             -356
  743.4000	             -342
  743.6000	             -313
  743.8000	             -345
  744.0000	             -336
  744.2000	             -323
  744.4000	             -261
  744.6000	             -331
  744.8000	             -284
  745.0000	             -324
  745.2000	             -200
  745.4000	             -281
  745.6000	             -245
  745.8000	             -286
  746.0000	             -246
  746.2000	             -248
  746.4000	             -327
  746.6000	             -239
  746.8000	             -239
  747.0000	             -332
  747.2000	             -268
  747.4000	             -318
  747.6000	             -309
  747.8000	             -304
  748.0000	             -295
  748.2000	             -203
  748.4000	             -343
  748.6000	             -283
  748.8000	             -296
  749.0000	             -214
  749.2000	             -312
  749.4000	             -339
  749.6000	             -350
  749.8000	             -318
  750.0000	             -286
  750.2000	              -52
  750.4000	            19338
  750.6000	             -305
  750.8000	             -327
  751.0000	             -301
  751.2000	             -320
  751.4000	             5124
  751.6000	             -331
  751.8000	             -348
  752.0000	             -304
  752.2000	             -356
  752.4000	             -381
  752.6000	             -329
  752.8000	             -394
  753.0000	             -371
  753.2000	             -327
  753.4000	             -399
  753.6000	             -356
  753.8000	             -368
  754.0000	             -361
  754.2000	             -383
  754.4000	             -376
  754.6000	             -296
  754.8000	             -359
  755.0000	             -363
  755.2000	             -366
  755.4000	             -363
  755.6000	             -330
  755.8000	             -320
  756.0000	             -297
  756.2000	             -289
  756.4000	             -286
  756.6000	             -341
  756.8000	             -312
  757.0000	             -374
  757.2000	             -203
  757.4000	             -322
  757.6000	             -320
  757.8000	             -309
  758.0000	             -252
  758.2000	             -308
  758.4000	             -308
  758.6000	             -226
  758.8000	             -257
  759.0000	             -300
  759.2000	             -261
  759.4000	             -263
  759.6000	             -257
  759.8000	             -273
  760.0000	             -316
  760.2000	             -288
  760.4000	             -271
  760.6000	             -292
  760.8000	             -261
  761.0000	             -300
  761.2000	             -203
  761.4000	             -344
  761.6000	             -350
  761.8000	             -319
  762.0000	             -330
  762.2000	             -305
  762.4000	             -232
  762.6000	             -249
  762.8000	             -360
  763.0000	             -394
  763.2000	             -337
  763.4000	             3833
  763.6000	             -307
  763.8000	             -322
  764.0000	             -379
  764.2000	             -378
  764.4000	             -355
  764.6000	             -332
  764.8000	             -401
  765.0000	             -371
  765.2000	             -375
  765.4000	             -360
  765.6000	             -373
  765.8000	             -412
  766.0000	             -349
  766.2000	             -373
  766.4000	             -298
  766.6000	             -371
  766.8000	             -381
  767.0000	             -340
  767.2000	             -300
  767.4000	             -361
  767.6000	             -358
  767.8000	             -368
  768.0000	             -312
  768.2000	             -317
  768.4000	             -359
  768.6000	             -323
  768.8000	             -256
  769.0000	             -308
  769.2000	             -317
  769.4000	             -348
  769.6000	             -258
  769.8000	             -323
  770.0000	             -304
  770.2000	             -209
  770.4000	             -254
  770.6000	             -225
  770.8000	             -226
  771.0000	             -280
  771.2000	             -207
  771.4000	             -261
  771.6000	             -356
  771.8000	             -240
  772.0000	             -265
  772.2000	             -256
  772.4000	             3620
  772.6000	             -242
  772.8000	             -286
  773.0000	             -206
  773.2000	             -322
  773.4000	             -255
  773.6000	             -265
  773.8000	             -190
  774.0000	             -321
  774.2000	             -365
  774.4000	             -269
  774.6000	             -345
  774.8000	             -286
  775.0000	             -271
  775.2000	             -200
  775.4000	             -367
  775.6000	             -395
  775.8000	             -360
  776.0000	             -342
  776.2000	             -386
  776.4000	             -401
  776.6000	             -370
  776.8000	             -371
  777.0000	             -399
  777.2000	             -377
  777.4000	             -350
  777.6000	             -365
  777.8000	             -424
  778.0000	             -399
  778.2000	             -360
  778.4000	             -424
  778.6000	             -417
  778.8000	             -360
  779.0000	             -416
  779.2000	             -412
  779.4000	             -366
  779.6000	             -414
  779.8000	             -419
  780.0000	             -362
  780.2000	             -380
  780.4000	             -417
  780.6000	             -399
  780.8000	             -397
  781.0000	             -417
  781.2000	             -426
  781.4000	             -435
  781.6000	             -384
  781.8000	             -436
  782.0000	             -408
  782.2000	             -404
  782.4000	             -383
  782.6000	             -360
  782.8000	             -370
  783.0000	             -406
  783.2000	             -395
  783.4000	             -396
  783.6000	             -421
  783.8000	             -415
  784.0000	             -375
  784.2000	             -375
  784.4000	             -412
  784.6000	             -412
  784.8000	             -421
  785.0000	             -424
  785.2000	             -412
  785.4000	             -372
  785.6000	             -367
  785.8000	             -356
  786.0000	             -405
  786.2000	             -405
  786.4000	             -406
  786.6000	             -374
  786.8000	             -404
  787.0000	             -417
  787.2000	             -375
  787.4000	             -419
  787.6000	             -420
  787.8000	             -383
  788.0000	             -412
  788.2000	             -390
  788.4000	             -398
  788.6000	             -394
  788.8000	             -351
  789.0000	             -375
  789.2000	             -407
  789.4000	             -406
  789.6000	             -404
  789.8000	             -415
  790.0000	             -374
  790.2000	             -401
  790.4000	             -425
  790.6000	             -436
  790.8000	             -396
  791.0000	             -412
  791.2000	             -380
  791.4000	             -422
  791.6000	             -410
  791.8000	             -384
  792.0000	             -418
  792.2000	             -408
  792.4000	             -407
  792.6000	             -351
  792.8000	             -418
  793.0000	             -384
  793.2000	             -375
  793.4000	             -375
  793.6000	             -416
  793.8000	             -360
  794.0000	             -421
  794.2000	             -402
  794.4000	             -393
  794.6000	             -365
  794.8000	             2482
  795.0000	             -402
  795.2000	             -426
  795.4000	             -413
  795.6000	             -403
  795.8000	             -438
  796.0000	             -418
  796.2000	             -383
  796.4000	             -403
  796.6000	             -424
  796.8000	             -396
  797.0000	             -396
  797.2000	             -411
  797.4000	             -404
  797.6000	             -407
  797.8000	             -428
  798.0000	             -376
  798.2000	             -418
  798.4000	             -421
  798.6000	             -386
  798.8000	             -400
  799.0000	             -396
  799.2000	             -394
  799.4000	             -391
  799.6000	             -414
  799.8000	             -420
  800.0000	             -405
  800.2000	             -417
  800.4000	             -384
  800.6000	              731
  800.8000	             -401
  801.0000	             -398
  801.2000	             -409
  801.4000	             1054
  801.6000	             -384
  801.8000	             -391
  802.0000	             -414
  802.2000	             -407
  802.4000	             -400
  802.6000	             -394
  802.8000	             -383
  803.0000	             -386
  803.2000	             -424
  803.4000	             -419
  803.6000	             -377
  803.8000	             -392
  804.0000	             -375
  804.2000	             -375
  804.4000	             -360
  804.6000	             -418
  804.8000	             -417
  805.0000	             -421
