  370.0000	              136
  370.0200	              309
  370.0400	              319
  370.0600	              -38
  370.0800	               -6
  370.1000	              167
  370.1200	              311
  370.1400	              249
  370.1600	              -54
  370.1800	             -206
  370.2000	              160
  370.2200	              605
  370.2400	              463
  370.2600	               48
  370.2800	               11
  370.3000	              312
  370.3200	              530
  370.3400	              -38
  370.3600	             -205
  370.3800	               40
  370.4000	              506
  370.4200	              344
  370.4400	              121
  370.4600	              348
  370.4800	              626
  370.5000	              590
  370.5200	              374
  370.5400	              252
  370.5600	              157
  370.5800	              265
  370.6000	              141
  370.6200	             -120
  370.6400	             -142
  370.6600	              101
  370.6800	               64
  370.7000	              207
  370.7200	              328
  370.7400	              445
  370.7600	              510
  370.7800	              590
  370.8000	              552
  370.8200	              269
  370.8400	              495
  370.8600	              506
  370.8800	              500
  370.9000	              851
  370.9200	              877
  370.9400	             1250
  370.9600	             1752
  370.9800	             2449
  371.0000	             2240
  371.0200	             1480
  371.0400	             1634
  371.0600	             1144
  371.0800	              724
  371.1000	              773
  371.1200	              165
  371.1400	             -127
  371.1600	             -101
  371.1800	              -82
  371.2000	             -155
  371.2200	             -157
  371.2400	             -190
  371.2600	             -243
  371.2800	             -329
  371.3000	             -362
  371.3200	             -387
  371.3400	             -384
  371.3600	             -333
  371.3800	             -232
  371.4000	             -145
  371.4200	              -85
  371.4400	              124
  371.4600	              207
  371.4800	               85
  371.5000	             -220
  371.5200	             -377
  371.5400	             -342
  371.5600	             -382
  371.5800	             -401
  371.6000	             -188
  371.6200	             -137
  371.6400	             -128
  371.6600	              -66
  371.6800	               -8
  371.7000	             -165
  371.7200	             -280
  371.7400	             -359
  371.7600	             -172
  371.7800	             -116
  371.8000	              -35
  371.8200	              154
  371.8400	               47
  371.8600	               89
  371.8800	               98
  371.9000	              137
  371.9200	             -136
  371.9400	             -320
  371.9600	             -373
  371.9800	             -368
  372.0000	             -336
  372.0200	              138
  372.0400	              207
  372.0600	               91
  372.0800	              234
  372.1000	              344
  372.1200	              244
  372.1400	             -163
  372.1600	             -374
  372.1800	             -359
  372.2000	             -325
  372.2200	             -109
  372.2400	               40
  372.2600	              -20
  372.2800	              116
  372.3000	              184
  372.3200	               83
  372.3400	             -263
  372.3600	             -333
  372.3800	             -315
  372.4000	               -4
  372.4200	              333
  372.4400	              215
  372.4600	              183
  372.4800	              113
  372.5000	              211
  372.5200	               32
  372.5400	             -293
  372.5600	             -388
  372.5800	             -348
  372.6000	              -16
  372.6200	                3
  372.6400	              -17
  372.6600	              143
  372.6800	              204
  372.7000	              413
  372.7200	              220
  372.7400	               24
  372.7600	             -183
  372.7800	              -50
  372.8000	               75
  372.8200	              -17
  372.8400	               40
  372.8600	               95
  372.8800	              271
  372.9000	              -49
  372.9200	             -321
  372.9400	             -309
  372.9600	              215
  372.9800	              202
  373.0000	              188
  373.0200	              631
  373.0400	              563
  373.0600	              573
  373.0800	               38
  373.1000	             -233
  373.1200	             -104
  373.1400	              117
  373.1600	             -119
  373.1800	              197
  373.2000	              228
  373.2200	              261
  373.2400	              304
  373.2600	              -89
  373.2800	              -17
  373.3000	              475
  373.3200	              343
  373.3400	              417
  373.3600	              630
  373.3800	              336
  373.4000	              477
  373.4200	              147
  373.4400	               89
  373.4600	              251
  373.4800	              -83
  373.5000	              223
  373.5200	              555
  373.5400	              266
  373.5600	              518
  373.5800	              388
  373.6000	              774
  373.6200	              770
  373.6400	              332
  373.6600	              454
  373.6800	              288
  373.7000	              386
  373.7200	              662
  373.7400	              767
  373.7600	              591
  373.7800	             -187
  373.8000	              244
  373.8200	              650
  373.8400	              259
  373.8600	              594
  373.8800	             1191
  373.9000	              929
  373.9200	              264
  373.9400	              458
  373.9600	              713
  373.9800	              392
  374.0000	              712
  374.0200	             1291
  374.0400	              454
  374.0600	             -249
  374.0800	              436
  374.1000	              733
  374.1200	              249
  374.1400	             1229
  374.1600	             1676
  374.1800	              512
  374.2000	              492
  374.2200	             1099
  374.2400	              785
  374.2600	              904
  374.2800	             1498
  374.3000	              445
  374.3200	             -105
  374.3400	              755
  374.3600	              904
  374.3800	              933
  374.4000	             1297
  374.4200	              758
  374.4400	              536
  374.4600	             1274
  374.4800	             1950
  374.5000	             1268
  374.5200	              833
  374.5400	              633
  374.5600	              634
  374.5800	             1568
  374.6000	             1375
  374.6200	              532
  374.6400	              709
  374.6600	              987
  374.6800	             1726
  374.7000	             1798
  374.7200	              842
  374.7400	             1030
  374.7600	             1828
  374.7800	             2208
  374.8000	              985
  374.8200	              166
  374.8400	              826
  374.8600	             2084
  374.8800	             1799
  374.9000	              473
  374.9200	              620
  374.9400	             1717
  374.9600	             2211
  374.9800	             1495
  375.0000	             1490
  375.0200	             1988
  375.0400	             1657
  375.0600	             1286
  375.0800	             1282
  375.1000	             1397
  375.1200	             1345
  375.1400	             1513
  375.1600	             1356
  375.1800	             1475
  375.2000	             1392
  375.2200	             1868
  375.2400	             2118
  375.2600	             2350
  375.2800	             2429
  375.3000	             1809
  375.3200	             2206
  375.3400	             2019
  375.3600	             3089
  375.3800	             2909
  375.4000	             2836
  375.4200	             3775
  375.4400	             4809
  375.4600	             7869
  375.4800	             8110
  375.5000	             5988
  375.5200	             5914
  375.5400	             5261
  375.5600	             3343
  375.5800	             2541
  375.6000	              289
  375.6200	             -320
  375.6400	             -326
  375.6600	             -298
  375.6800	             -286
  375.7000	              -17
  375.7200	              199
  375.7400	              290
  375.7600	              409
  375.7800	              287
  375.8000	             -177
  375.8200	             -302
  375.8400	             -333
  375.8600	             -283
  375.8800	             -355
  375.9000	             -378
  375.9200	             -355
  375.9400	               -4
  375.9600	              217
  375.9800	              237
  376.0000	              345
  376.0200	              251
  376.0400	             -222
  376.0600	             -388
  376.0800	             -391
  376.1000	             -381
  376.1200	             -387
  376.1400	             -368
  376.1600	             -218
  376.1800	              167
  376.2000	              325
  376.2200	              510
  376.2400	              561
  376.2600	              296
  376.2800	             -225
  376.3000	             -326
  376.3200	             -404
  376.3400	             -368
  376.3600	             -394
  376.3800	             -321
  376.4000	              160
  376.4200	              228
  376.4400	              341
  376.4600	              463
  376.4800	              399
  376.5000	             -160
  376.5200	             -361
  376.5400	             -339
  376.5600	             -354
  376.5800	             -384
  376.6000	             -257
  376.6200	              147
  376.6400	              353
  376.6600	              411
  376.6800	              550
  376.7000	              522
  376.7200	               -7
  376.7400	             -360
  376.7600	             -383
  376.7800	             -394
  376.8000	             -381
  376.8200	             -162
  376.8400	              244
  376.8600	              276
  376.8800	              566
  376.9000	              565
  376.9200	              424
  376.9400	             -110
  376.9600	             -363
  376.9800	             -345
  377.0000	             -394
  377.0200	             -320
  377.0400	              153
  377.0600	              350
  377.0800	              454
  377.1000	              642
  377.1200	              642
  377.1400	              321
  377.1600	             -294
  377.1800	             -370
  377.2000	             -367
  377.2200	             -250
  377.2400	              226
  377.2600	              366
  377.2800	              416
  377.3000	              682
  377.3200	              680
  377.3400	              445
  377.3600	             -224
  377.3800	             -356
  377.4000	             -354
  377.4200	             -257
  377.4400	              426
  377.4600	              501
  377.4800	              557
  377.5000	              793
  377.5200	              857
  377.5400	              546
  377.5600	             -190
  377.5800	             -382
  377.6000	             -323
  377.6200	              184
  377.6400	              445
  377.6600	              308
  377.6800	              722
  377.7000	              773
  377.7200	              840
  377.7400	              324
  377.7600	             -342
  377.7800	             -290
  377.8000	              126
  377.8200	              627
  377.8400	              307
  377.8600	              857
  377.8800	              895
  377.9000	              959
  377.9200	              610
  377.9400	             -220
  377.9600	             -333
  377.9800	              296
  378.0000	              708
  378.0200	              222
  378.0400	              942
  378.0600	              787
  378.0800	              932
  378.1000	              694
  378.1200	             -217
  378.1400	             -143
  378.1600	              634
  378.1800	              508
  378.2000	              493
  378.2200	             1168
  378.2400	              856
  378.2600	             1194
  378.2800	              393
  378.3000	             -200
  378.3200	              746
  378.3400	              651
  378.3600	              150
  378.3800	             1136
  378.4000	              994
  378.4200	             1072
  378.4400	              946
  378.4600	               91
  378.4800	              818
  378.5000	              741
  378.5200	              165
  378.5400	             1245
  378.5600	             1173
  378.5800	             1085
  378.6000	             1151
  378.6200	              613
  378.6400	             1003
  378.6600	              305
  378.6800	              500
  378.7000	             1470
  378.7200	              998
  378.7400	             1286
  378.7600	             1321
  378.7800	             1242
  378.8000	              710
  378.8200	              129
  378.8400	             1406
  378.8600	             1549
  378.8800	             1013
  378.9000	             1928
  378.9200	             1879
  378.9400	              562
  378.9600	              134
  378.9800	             1492
  379.0000	             1511
  379.0200	              727
  379.0400	             2396
  379.0600	             2333
  379.0800	              217
  379.1000	              319
  379.1200	             1652
  379.1400	             1475
  379.1600	             1453
  379.1800	             3051
  379.2000	             1488
  379.2200	              -63
  379.2400	             1317
  379.2600	             1910
  379.2800	             1319
  379.3000	             2724
  379.3200	             2005
  379.3400	              246
  379.3600	             1152
  379.3800	             2212
  379.4000	             2144
  379.4200	             2449
  379.4400	             1707
  379.4600	              627
  379.4800	             1511
  379.5000	             2666
  379.5200	             2280
  379.5400	             1672
  379.5600	             1404
  379.5800	             1392
  379.6000	             2978
  379.6200	             3001
  379.6400	             1381
  379.6600	             1402
  379.6800	             1918
  379.7000	             3272
  379.7200	             2946
  379.7400	              992
  379.7600	             1039
  379.7800	             2751
  379.8000	             3720
  379.8200	             1999
  379.8400	              892
  379.8600	             2169
  379.8800	             3694
  379.9000	             2949
  379.9200	             1163
  379.9400	             2135
  379.9600	             3294
  379.9800	             2787
  380.0000	             1848
  380.0200	             2628
  380.0400	             2905
  380.0600	             2431
  380.0800	             2544
  380.1000	             2791
  380.1200	             2653
  380.1400	             2593
  380.1600	             3091
  380.1800	             2904
  380.2000	             2488
  380.2200	             2908
  380.2400	             2805
  380.2600	             3479
  380.2800	             3731
  380.3000	             4588
  380.3200	             4757
  380.3400	             4718
  380.3600	             5449
  380.3800	             5865
  380.4000	             8233
  380.4200	            11625
  380.4400	            13954
  380.4600	            10044
  380.4800	             9434
  380.5000	             7063
  380.5200	             5198
  380.5400	             2201
  380.5600	             -206
  380.5800	             -278
  380.6000	             -305
  380.6200	             -281
  380.6400	             -302
  380.6600	             -341
  380.6800	             -350
  380.7000	             -336
  380.7200	             -381
  380.7400	             -320
  380.7600	             -330
  380.7800	             -324
  380.8000	             -325
  380.8200	             -344
  380.8400	             -353
  380.8600	             -384
  380.8800	             -390
  380.9000	             -335
  380.9200	             -381
  380.9400	             -382
  380.9600	             -394
  380.9800	             -389
  381.0000	             -371
  381.0200	             -368
  381.0400	             -363
  381.0600	             -376
  381.0800	             -321
  381.1000	             -409
  381.1200	             -358
  381.1400	             -375
  381.1600	             -393
  381.1800	             -365
  381.2000	             -389
  381.2200	             -366
  381.2400	             -351
  381.2600	             -393
  381.2800	             -390
  381.3000	             -392
  381.3200	             -355
  381.3400	             -380
  381.3600	             -405
  381.3800	             -394
  381.4000	             -363
  381.4200	             -408
  381.4400	             -363
  381.4600	             -407
  381.4800	             -390
  381.5000	             -349
  381.5200	             -417
  381.5400	             -422
  381.5600	             -394
  381.5800	             -390
  381.6000	             -307
  381.6200	             -356
  381.6400	             -381
  381.6600	             -337
  381.6800	             -368
  381.7000	             -360
  381.7200	             -407
  381.7400	             -384
  381.7600	             -377
  381.7800	             -354
  381.8000	             -398
  381.8200	             -370
  381.8400	             -326
  381.8600	             -368
  381.8800	             -392
  381.9000	             -379
  381.9200	             -369
  381.9400	             -392
  381.9600	             -383
  381.9800	             -419
  382.0000	             -400
