  600.0000	             -418
  600.2000	             -416
  600.4000	             -427
  600.6000	             -393
  600.8000	             -421
  601.0000	             -431
  601.2000	             -420
  601.4000	             -412
  601.6000	             -443
  601.8000	             -446
  602.0000	             -426
  602.2000	             -441
  602.4000	             -412
  602.6000	             -444
  602.8000	             -426
  603.0000	             -430
  603.2000	             -409
  603.4000	             -414
  603.6000	             -395
  603.8000	             -428
  604.0000	             -407
  604.2000	             -433
  604.4000	             -415
  604.6000	             -433
  604.8000	             -417
  605.0000	             -425
  605.2000	             -412
  605.4000	             -423
  605.6000	             -382
  605.8000	             -426
  606.0000	             -430
  606.2000	             -425
  606.4000	             -417
  606.6000	             -404
  606.8000	             -382
  607.0000	             -419
  607.2000	             -427
  607.4000	             -417
  607.6000	             -409
  607.8000	             -409
  608.0000	             -404
  608.2000	             -416
  608.4000	             -409
  608.6000	             -417
  608.8000	             -419
  609.0000	             -443
  609.2000	             -419
  609.4000	             -426
  609.6000	             -416
  609.8000	             -415
  610.0000	             -414
  610.2000	             -414
  610.4000	             -425
  610.6000	             -430
  610.8000	             -448
  611.0000	             -442
  611.2000	             -425
  611.4000	             -414
  611.6000	             -419
  611.8000	             -404
  612.0000	             -372
  612.2000	             -441
  612.4000	             -412
  612.6000	             -411
  612.8000	             -436
  613.0000	             -407
  613.2000	             -425
  613.4000	             -407
  613.6000	             -443
  613.8000	             -417
  614.0000	             -432
  614.2000	             -435
  614.4000	             -435
  614.6000	             -416
  614.8000	             -455
  615.0000	             -409
  615.2000	             -437
  615.4000	             -425
  615.6000	             -427
  615.8000	             -409
  616.0000	             -412
  616.2000	             -411
  616.4000	             -427
  616.6000	             -411
  616.8000	             -416
  617.0000	             -426
  617.2000	             -433
  617.4000	             -417
  617.6000	             -406
  617.8000	             -424
  618.0000	             -444
  618.2000	             -427
  618.4000	             -432
  618.6000	             -441
  618.8000	             -437
  619.0000	             -438
  619.2000	             -437
  619.4000	             -444
  619.6000	             -437
  619.8000	             -445
  620.0000	             -407
  620.2000	             -427
  620.4000	             -438
  620.6000	             -438
  620.8000	             -443
  621.0000	             -427
  621.2000	             -447
  621.4000	             -409
  621.6000	             -425
  621.8000	             -430
  622.0000	             -404
  622.2000	             -426
  622.4000	             -425
  622.6000	             -445
  622.8000	             -388
  623.0000	             -373
  623.2000	             -409
  623.4000	             -427
  623.6000	             -416
  623.8000	             -417
  624.0000	             -419
  624.2000	             -425
  624.4000	             -408
  624.6000	             -441
  624.8000	             -425
  625.0000	             -417
  625.2000	             -417
  625.4000	             -426
  625.6000	             -398
  625.8000	             -419
  626.0000	             -429
  626.2000	             -419
  626.4000	             -415
  626.6000	             -404
  626.8000	             -441
  627.0000	             -443
  627.2000	             -399
  627.4000	             -427
  627.6000	             -431
  627.8000	             -425
  628.0000	             -434
  628.2000	             -427
  628.4000	             -434
  628.6000	             -412
  628.8000	             -412
  629.0000	             -414
  629.2000	             -404
  629.4000	             -425
  629.6000	             -421
  629.8000	             -419
  630.0000	             -422
  630.2000	             -417
  630.4000	             -418
  630.6000	             -409
  630.8000	             -412
  631.0000	             -426
  631.2000	             -405
  631.4000	             -430
  631.6000	             -429
  631.8000	             -440
  632.0000	             -419
  632.2000	             -422
  632.4000	             -427
  632.6000	             -376
  632.8000	             -418
  633.0000	             -423
  633.2000	             -426
  633.4000	             -408
  633.6000	             -404
  633.8000	             -433
  634.0000	             -443
  634.2000	             -424
  634.4000	             -455
  634.6000	             -440
  634.8000	             -433
  635.0000	             -404
  635.2000	             -404
  635.4000	             -407
  635.6000	             -432
  635.8000	             -425
  636.0000	             -403
  636.2000	             -432
  636.4000	             -412
  636.6000	             -432
  636.8000	             -410
  637.0000	             -416
  637.2000	             -412
  637.4000	             -412
  637.6000	             -403
  637.8000	             -414
  638.0000	             -447
  638.2000	             -425
  638.4000	             -424
  638.6000	             -427
  638.8000	             -443
  639.0000	             -426
  639.2000	             -414
  639.4000	             -413
  639.6000	             -446
  639.8000	             -419
  640.0000	             -403
  640.2000	             -429
  640.4000	             -435
  640.6000	             -429
  640.8000	             -421
  641.0000	             -417
  641.2000	             -427
  641.4000	             -421
  641.6000	             -397
  641.8000	             -443
  642.0000	             -425
  642.2000	             -419
  642.4000	             -395
  642.6000	             -416
  642.8000	             -382
  643.0000	             -412
  643.2000	             -420
  643.4000	             -416
  643.6000	             -438
  643.8000	             -410
  644.0000	             -410
  644.2000	             -397
  644.4000	             -423
  644.6000	             -419
  644.8000	             -428
  645.0000	             -405
  645.2000	             -412
  645.4000	             -412
  645.6000	             -411
  645.8000	             -408
  646.0000	             -417
  646.2000	             -427
  646.4000	             -412
  646.6000	             -421
  646.8000	             -402
  647.0000	             -438
  647.2000	             -431
  647.4000	             -446
  647.6000	             -429
  647.8000	             -423
  648.0000	             -412
  648.2000	             -439
  648.4000	             -438
  648.6000	             -436
  648.8000	             -440
  649.0000	             -415
  649.2000	             -409
  649.4000	             -440
  649.6000	             -426
  649.8000	             -416
  650.0000	             -421
  650.2000	             -442
  650.4000	             -391
  650.6000	             -404
  650.8000	             -424
  651.0000	             -433
  651.2000	             -412
  651.4000	             -407
  651.6000	             -410
  651.8000	             -408
  652.0000	             -418
  652.2000	             -410
  652.4000	             -406
  652.6000	             -349
  652.8000	             -376
  653.0000	             -416
  653.2000	             -425
  653.4000	             -416
  653.6000	             -432
  653.8000	             -409
  654.0000	             -401
  654.2000	             -420
  654.4000	             -371
  654.6000	             -430
  654.8000	             -422
  655.0000	             -411
  655.2000	             -406
  655.4000	             -445
  655.6000	             -427
  655.8000	             -416
  656.0000	             -409
  656.2000	             -412
  656.4000	             -425
  656.6000	             -418
  656.8000	             -418
  657.0000	             -411
  657.2000	             -376
  657.4000	             -412
  657.6000	             -418
  657.8000	             -396
  658.0000	             -430
  658.2000	             -404
  658.4000	             -377
  658.6000	             -413
  658.8000	             -365
  659.0000	             -425
  659.2000	             -415
  659.4000	             -401
  659.6000	             -409
  659.8000	             -420
  660.0000	             -411
  660.2000	             -422
  660.4000	             -409
  660.6000	             -423
  660.8000	             -388
  661.0000	             -419
  661.2000	             -368
  661.4000	             -361
  661.6000	             -369
  661.8000	             -401
  662.0000	             -410
  662.2000	             -378
  662.4000	             -421
  662.6000	             -411
  662.8000	             -382
  663.0000	             -403
  663.2000	             -417
  663.4000	             -424
  663.6000	             -416
  663.8000	             -404
  664.0000	             -417
  664.2000	             -422
  664.4000	             -435
  664.6000	             -412
  664.8000	             -425
  665.0000	             -419
  665.2000	             -397
  665.4000	             -429
  665.6000	             -411
  665.8000	             -433
  666.0000	             -421
  666.2000	             -408
  666.4000	             -384
  666.6000	             -400
  666.8000	             -421
  667.0000	             -439
  667.2000	             -405
  667.4000	             -387
  667.6000	             -425
  667.8000	             -397
  668.0000	             -422
  668.2000	             -407
  668.4000	             -437
  668.6000	             -432
  668.8000	             -412
  669.0000	             -418
  669.2000	             -389
  669.4000	             -410
  669.6000	             -409
  669.8000	             -412
  670.0000	             -410
  670.2000	             -384
  670.4000	             -370
  670.6000	             -412
  670.8000	             -434
  671.0000	             -433
  671.2000	             -418
  671.4000	             -433
  671.6000	             -416
  671.8000	             -425
  672.0000	             -404
  672.2000	             -404
  672.4000	             -425
  672.6000	             -407
  672.8000	             -419
  673.0000	             -408
  673.2000	             -446
  673.4000	             -404
  673.6000	             -440
  673.8000	             -416
  674.0000	             -409
  674.2000	             -419
  674.4000	             -397
  674.6000	             -439
  674.8000	             -392
  675.0000	             -406
  675.2000	             -405
  675.4000	             -420
  675.6000	             -427
  675.8000	             -397
  676.0000	             -433
  676.2000	             -411
  676.4000	             -404
  676.6000	             -399
  676.8000	             -420
  677.0000	             -409
  677.2000	             -423
  677.4000	             -425
  677.6000	             -404
  677.8000	             -412
  678.0000	             -418
  678.2000	             -449
  678.4000	             -404
  678.6000	             -379
  678.8000	             -400
  679.0000	             -438
  679.2000	             -429
  679.4000	             -424
  679.6000	             -417
  679.8000	             -409
  680.0000	             -419
  680.2000	             -427
  680.4000	             -398
  680.6000	             -447
  680.8000	             -424
  681.0000	             -415
  681.2000	             -409
  681.4000	             -443
  681.6000	             -433
  681.8000	             -447
  682.0000	             -407
  682.2000	             -425
  682.4000	             -425
  682.6000	             -431
  682.8000	             -401
  683.0000	             -426
  683.2000	             -416
  683.4000	             -425
  683.6000	             -422
  683.8000	             -425
  684.0000	             -432
  684.2000	             -409
  684.4000	             -415
  684.6000	             -426
  684.8000	             -441
  685.0000	             -409
  685.2000	             -447
  685.4000	             -417
  685.6000	             -411
  685.8000	             -424
  686.0000	             -446
  686.2000	             -412
  686.4000	             -439
  686.6000	             -419
  686.8000	             -441
  687.0000	             -438
  687.2000	             -418
  687.4000	             -406
  687.6000	             -426
  687.8000	             -426
  688.0000	             -425
  688.2000	             -397
  688.4000	             -426
  688.6000	             -443
  688.8000	             -409
  689.0000	             -425
  689.2000	             -435
  689.4000	             -448
  689.6000	             -406
  689.8000	             -438
  690.0000	             -427
  690.2000	             -430
  690.4000	             -412
  690.6000	             -429
  690.8000	             -441
  691.0000	             -450
  691.2000	             -424
  691.4000	             -409
  691.6000	             -447
  691.8000	             -440
  692.0000	             -435
  692.2000	             -424
  692.4000	             -443
  692.6000	             -407
  692.8000	             -456
  693.0000	             -436
  693.2000	             -447
  693.4000	             -418
  693.6000	             -440
  693.8000	             -432
  694.0000	             -437
  694.2000	             -440
  694.4000	             -434
  694.6000	             -441
  694.8000	             -439
  695.0000	             -430
  695.2000	             -450
  695.4000	             -417
  695.6000	             -421
  695.8000	             -430
  696.0000	             -429
  696.2000	             -411
  696.4000	             -409
  696.6000	              184
  696.8000	             -418
  697.0000	             -441
  697.2000	             -425
  697.4000	             -447
  697.6000	             -426
  697.8000	             -459
  698.0000	             -418
  698.2000	             -451
  698.4000	             -419
  698.6000	             -429
  698.8000	             -438
  699.0000	             -425
  699.2000	             -424
  699.4000	             -412
  699.6000	             -445
  699.8000	             -416
  700.0000	             -433
  700.2000	             -418
  700.4000	             -416
  700.6000	             -424
  700.8000	             -403
  701.0000	             -404
  701.2000	             -446
  701.4000	             -427
  701.6000	             -409
  701.8000	             -443
  702.0000	             -430
  702.2000	             -427
  702.4000	             -461
  702.6000	             -427
  702.8000	             -443
  703.0000	             -409
  703.2000	             -425
  703.4000	             -456
  703.6000	             -443
  703.8000	             -438
  704.0000	             -420
  704.2000	             -440
  704.4000	             -448
  704.6000	             -443
  704.8000	             -441
  705.0000	             -435
  705.2000	             -425
  705.4000	             -409
  705.6000	             -419
  705.8000	             -442
  706.0000	             -419
  706.2000	             -406
  706.4000	             -419
  706.6000	             -370
  706.8000	             -401
  707.0000	             -425
  707.2000	             -412
  707.4000	             -409
  707.6000	             -395
  707.8000	             -422
  708.0000	             -412
  708.2000	             -425
  708.4000	             -419
  708.6000	             -404
  708.8000	             -427
  709.0000	             -435
  709.2000	             -427
  709.4000	             -418
  709.6000	             -412
  709.8000	             -440
  710.0000	             -433
  710.2000	             -426
  710.4000	             -426
  710.6000	             -437
  710.8000	             -407
  711.0000	             -439
  711.2000	             -434
  711.4000	             -425
  711.6000	             -400
  711.8000	             -425
  712.0000	             -449
  712.2000	             -409
  712.4000	             -438
  712.6000	             -427
  712.8000	             -424
  713.0000	             -425
  713.2000	             -443
  713.4000	             -431
  713.6000	             -425
  713.8000	             -413
  714.0000	             -443
  714.2000	             -425
  714.4000	             -446
  714.6000	             -419
  714.8000	             -404
  715.0000	             -431
  715.2000	             -394
  715.4000	             -423
  715.6000	             -429
  715.8000	             -417
  716.0000	             -409
  716.2000	             -407
  716.4000	             -429
  716.6000	             -443
  716.8000	             -443
  717.0000	             -399
  717.2000	             -426
  717.4000	             -415
  717.6000	             -439
  717.8000	             -445
  718.0000	             -425
  718.2000	             -434
  718.4000	             -425
  718.6000	             -445
  718.8000	             -451
  719.0000	             -408
  719.2000	             -409
  719.4000	             -378
  719.6000	             -409
  719.8000	             -422
  720.0000	             -418
  720.2000	             -409
  720.4000	             -415
  720.6000	             -427
  720.8000	             -403
  721.0000	             -439
  721.2000	             -423
  721.4000	             -426
  721.6000	             -425
  721.8000	             -397
  722.0000	             -425
  722.2000	             -440
  722.4000	             -418
  722.6000	             -438
  722.8000	             -434
  723.0000	             -409
  723.2000	             -417
  723.4000	             -435
  723.6000	             -412
  723.8000	             -409
  724.0000	             -409
  724.2000	             -439
  724.4000	             -446
  724.6000	             -445
  724.8000	             -416
  725.0000	             -427
  725.2000	             -409
  725.4000	             -431
  725.6000	             -438
  725.8000	             -403
  726.0000	             -411
  726.2000	             -409
  726.4000	             -414
  726.6000	             -403
  726.8000	             -412
  727.0000	             -443
  727.2000	             -361
  727.4000	             -415
  727.6000	             -426
  727.8000	             -443
  728.0000	             -384
  728.2000	             -443
  728.4000	             -426
  728.6000	             -419
  728.8000	             -430
  729.0000	             -403
  729.2000	             -452
  729.4000	             -411
  729.6000	             -453
  729.8000	             -431
  730.0000	             -417
  730.2000	             -424
  730.4000	             -427
  730.6000	             -421
  730.8000	             -440
  731.0000	             -427
  731.2000	             -413
  731.4000	             -430
  731.6000	             -418
  731.8000	             -427
  732.0000	             -419
  732.2000	             -419
  732.4000	             -435
  732.6000	             -404
  732.8000	             -411
  733.0000	             -419
  733.2000	             -425
  733.4000	             -425
  733.6000	             -406
  733.8000	             -410
  734.0000	             -409
  734.2000	             -404
  734.4000	             -414
  734.6000	             -425
  734.8000	             -408
  735.0000	             -396
  735.2000	             -416
  735.4000	             -416
  735.6000	             -411
  735.8000	             -404
  736.0000	             -400
  736.2000	             -416
  736.4000	             -403
  736.6000	             -404
  736.8000	             -406
  737.0000	             -404
  737.2000	             -359
  737.4000	             -408
  737.6000	             -409
  737.8000	             -425
  738.0000	             -419
  738.2000	             -407
  738.4000	              373
  738.6000	             -377
  738.8000	             -434
  739.0000	             -434
  739.2000	             -361
  739.4000	             -421
  739.6000	             -409
  739.8000	             -419
  740.0000	             -416
  740.2000	             -438
  740.4000	             -419
  740.6000	             -425
  740.8000	             -426
  741.0000	             -396
  741.2000	             -437
  741.4000	             -412
  741.6000	             -426
  741.8000	             -425
  742.0000	             -430
  742.2000	             -427
  742.4000	             -413
  742.6000	             -440
  742.8000	             -425
  743.0000	             -414
  743.2000	             -434
  743.4000	             -414
  743.6000	             -405
  743.8000	             -422
  744.0000	             -438
  744.2000	             -409
  744.4000	             -404
  744.6000	             -427
  744.8000	             -439
  745.0000	             -426
  745.2000	             -419
  745.4000	             -411
  745.6000	             -439
  745.8000	             -418
  746.0000	             -405
  746.2000	             -437
  746.4000	             -370
  746.6000	             -386
  746.8000	             -434
  747.0000	             -416
  747.2000	             -425
  747.4000	             -406
  747.6000	             -361
  747.8000	             -408
  748.0000	             -416
  748.2000	             -428
  748.4000	             -418
  748.6000	             -416
  748.8000	             -403
  749.0000	             -365
  749.2000	             -400
  749.4000	             -431
  749.6000	             -405
  749.8000	             -410
  750.0000	             -410
  750.2000	             -342
  750.4000	             4235
  750.6000	             -402
  750.8000	             -416
  751.0000	             -371
  751.2000	             -411
  751.4000	              588
  751.6000	             -425
  751.8000	             -413
  752.0000	             -358
  752.2000	             -421
  752.4000	             -426
  752.6000	             -416
  752.8000	             -432
  753.0000	             -411
  753.2000	             -403
  753.4000	             -427
  753.6000	             -427
  753.8000	             -444
  754.0000	             -395
  754.2000	             -409
  754.4000	             -439
  754.6000	             -427
  754.8000	             -391
  755.0000	             -419
  755.2000	             -426
  755.4000	             -446
  755.6000	             -412
  755.8000	             -426
  756.0000	             -427
  756.2000	             -400
  756.4000	             -398
  756.6000	             -406
  756.8000	             -416
  757.0000	             -414
  757.2000	             -415
  757.4000	             -419
  757.6000	             -418
  757.8000	             -399
  758.0000	             -406
  758.2000	             -418
  758.4000	             -411
  758.6000	             -416
  758.8000	             -400
  759.0000	             -426
  759.2000	             -419
  759.4000	             -380
  759.6000	             -404
  759.8000	             -412
  760.0000	             -433
  760.2000	             -407
  760.4000	             -423
  760.6000	             -417
  760.8000	             -404
  761.0000	             -403
  761.2000	             -384
  761.4000	             -425
  761.6000	             -416
  761.8000	             -426
  762.0000	             -416
  762.2000	             -416
  762.4000	             -412
  762.6000	             -364
  762.8000	             -427
  763.0000	             -427
  763.2000	             -443
  763.4000	               81
  763.6000	             -434
  763.8000	             -431
  764.0000	             -427
  764.2000	             -404
  764.4000	             -404
  764.6000	             -404
  764.8000	             -418
  765.0000	             -400
  765.2000	             -443
  765.4000	             -361
  765.6000	             -409
  765.8000	             -419
  766.0000	             -426
  766.2000	             -425
  766.4000	             -416
  766.6000	             -433
  766.8000	             -419
  767.0000	             -409
  767.2000	             -432
  767.4000	             -441
  767.6000	             -414
  767.8000	             -425
  768.0000	             -427
  768.2000	             -421
  768.4000	             -418
  768.6000	             -416
  768.8000	             -415
  769.0000	             -370
  769.2000	             -429
  769.4000	             -404
  769.6000	             -423
  769.8000	             -433
  770.0000	             -408
  770.2000	             -383
  770.4000	             -439
  770.6000	             -394
  770.8000	             -380
  771.0000	             -424
  771.2000	             -384
  771.4000	             -386
  771.6000	             -408
  771.8000	             -365
  772.0000	             -406
  772.2000	             -425
  772.4000	              797
  772.6000	             -416
  772.8000	             -399
  773.0000	             -353
  773.2000	             -439
  773.4000	             -410
  773.6000	             -410
  773.8000	             -387
  774.0000	             -404
  774.2000	             -410
  774.4000	             -391
  774.6000	             -348
  774.8000	             -407
  775.0000	             -377
  775.2000	             -377
  775.4000	             -425
  775.6000	             -419
  775.8000	             -409
  776.0000	             -395
  776.2000	             -434
  776.4000	             -421
  776.6000	             -425
  776.8000	             -425
  777.0000	             -438
  777.2000	             -431
  777.4000	             -414
  777.6000	             -416
  777.8000	             -429
  778.0000	             -438
  778.2000	             -404
  778.4000	             -437
  778.6000	             -440
  778.8000	             -422
  779.0000	             -429
  779.2000	             -419
  779.4000	             -425
  779.6000	             -438
  779.8000	             -421
  780.0000	             -429
  780.2000	             -419
  780.4000	             -444
  780.6000	             -440
  780.8000	             -425
  781.0000	             -403
  781.2000	             -426
  781.4000	             -425
  781.6000	             -426
  781.8000	             -425
  782.0000	             -426
  782.2000	             -425
  782.4000	             -437
  782.6000	             -444
  782.8000	             -437
  783.0000	             -412
  783.2000	             -440
  783.4000	             -425
  783.6000	             -408
  783.8000	             -406
  784.0000	             -409
  784.2000	             -411
  784.4000	             -433
  784.6000	             -419
  784.8000	             -395
  785.0000	             -419
  785.2000	             -425
  785.4000	             -427
  785.6000	             -443
  785.8000	             -419
  786.0000	             -447
  786.2000	             -400
  786.4000	             -425
  786.6000	             -441
  786.8000	             -399
  787.0000	             -431
  787.2000	             -438
  787.4000	             -412
  787.6000	             -439
  787.8000	             -419
  788.0000	             -437
  788.2000	             -411
  788.4000	             -454
  788.6000	             -425
  788.8000	             -425
  789.0000	             -434
  789.2000	             -421
  789.4000	             -438
  789.6000	             -412
  789.8000	             -425
  790.0000	             -404
  790.2000	             -407
  790.4000	             -424
  790.6000	             -427
  790.8000	             -416
  791.0000	             -440
  791.2000	             -433
  791.4000	             -444
  791.6000	             -397
  791.8000	             -438
  792.0000	             -373
  792.2000	             -425
  792.4000	             -412
  792.6000	             -424
  792.8000	             -427
  793.0000	             -407
  793.2000	             -444
  793.4000	             -432
  793.6000	             -443
  793.8000	             -425
  794.0000	             -425
  794.2000	             -427
  794.4000	             -443
  794.6000	             -425
  794.8000	              239
  795.0000	             -428
  795.2000	             -409
  795.4000	             -430
  795.6000	             -427
  795.8000	             -427
  796.0000	             -439
  796.2000	             -446
  796.4000	             -425
  796.6000	             -416
  796.8000	             -417
  797.0000	             -425
  797.2000	             -440
  797.4000	             -409
  797.6000	             -413
  797.8000	             -388
  798.0000	             -399
  798.2000	             -439
  798.4000	             -451
  798.6000	             -419
  798.8000	             -440
  799.0000	             -416
  799.2000	             -421
  799.4000	             -425
  799.6000	             -452
  799.8000	             -407
  800.0000	             -417
  800.2000	             -443
  800.4000	             -416
  800.6000	              -83
  800.8000	             -409
  801.0000	             -434
  801.2000	             -429
  801.4000	             -197
  801.6000	             -412
  801.8000	             -399
  802.0000	             -427
  802.2000	             -426
  802.4000	             -406
  802.6000	             -399
  802.8000	             -398
  803.0000	             -438
  803.2000	             -424
  803.4000	             -404
  803.6000	             -427
  803.8000	             -414
  804.0000	             -446
  804.2000	             -451
  804.4000	             -417
  804.6000	             -426
  804.8000	             -412
  805.0000	             -404
