  600.0000	             -404
  600.2000	             -412
  600.4000	             -432
  600.6000	             -410
  600.8000	             -376
  601.0000	             -406
  601.2000	             -417
  601.4000	             -387
  601.6000	             -404
  601.8000	             -419
  602.0000	             -426
  602.2000	             -432
  602.4000	             -434
  602.6000	             -414
  602.8000	             -420
  603.0000	             -404
  603.2000	             -399
  603.4000	             -410
  603.6000	             -415
  603.8000	             -427
  604.0000	             -404
  604.2000	             -421
  604.4000	             -395
  604.6000	             -422
  604.8000	             -418
  605.0000	             -406
  605.2000	             -421
  605.4000	             -413
  605.6000	             -421
  605.8000	             -421
  606.0000	             -398
  606.2000	             -426
  606.4000	             -412
  606.6000	             -418
  606.8000	             -410
  607.0000	             -433
  607.2000	             -409
  607.4000	             -424
  607.6000	             -407
  607.8000	             -397
  608.0000	             -418
  608.2000	             -382
  608.4000	             -415
  608.6000	             -442
  608.8000	             -404
  609.0000	             -416
  609.2000	             -431
  609.4000	             -404
  609.6000	             -404
  609.8000	             -417
  610.0000	             -417
  610.2000	             -410
  610.4000	             -431
  610.6000	             -416
  610.8000	             -412
  611.0000	             -411
  611.2000	             -414
  611.4000	             -412
  611.6000	             -404
  611.8000	             -404
  612.0000	             -433
  612.2000	             -429
  612.4000	             -418
  612.6000	             -418
  612.8000	             -409
  613.0000	             -435
  613.2000	             -406
  613.4000	             -429
  613.6000	             -431
  613.8000	             -409
  614.0000	             -428
  614.2000	             -429
  614.4000	             -397
  614.6000	             -409
  614.8000	             -425
  615.0000	             -432
  615.2000	             -404
  615.4000	             -424
  615.6000	             -416
  615.8000	             -416
  616.0000	             -416
  616.2000	             -447
  616.4000	             -429
  616.6000	             -404
  616.8000	             -442
  617.0000	             -412
  617.2000	             -427
  617.4000	             -422
  617.6000	             -412
  617.8000	             -421
  618.0000	             -423
  618.2000	             -418
  618.4000	             -419
  618.6000	             -404
  618.8000	             -409
  619.0000	             -425
  619.2000	             -425
  619.4000	             -447
  619.6000	             -443
  619.8000	             -404
  620.0000	             -409
  620.2000	             -427
  620.4000	             -427
  620.6000	             -427
  620.8000	             -427
  621.0000	             -395
  621.2000	             -407
  621.4000	             -409
  621.6000	             -417
  621.8000	             -434
  622.0000	             -416
  622.2000	             -413
  622.4000	             -427
  622.6000	             -417
  622.8000	             -422
  623.0000	             -414
  623.2000	             -435
  623.4000	             -403
  623.6000	             -413
  623.8000	             -411
  624.0000	             -418
  624.2000	             -408
  624.4000	             -434
  624.6000	             -410
  624.8000	             -383
  625.0000	             -418
  625.2000	             -426
  625.4000	             -427
  625.6000	             -427
  625.8000	             -431
  626.0000	             -414
  626.2000	             -412
  626.4000	             -438
  626.6000	             -416
  626.8000	             -434
  627.0000	             -441
  627.2000	             -443
  627.4000	             -438
  627.6000	             -420
  627.8000	             -414
  628.0000	             -436
  628.2000	             -443
  628.4000	             -417
  628.6000	             -441
  628.8000	             -416
  629.0000	             -427
  629.2000	             -422
  629.4000	             -416
  629.6000	             -412
  629.8000	             -424
  630.0000	             -426
  630.2000	             -438
  630.4000	             -420
  630.6000	             -415
  630.8000	             -403
  631.0000	             -414
  631.2000	             -421
  631.4000	             -421
  631.6000	             -414
  631.8000	             -426
  632.0000	             -419
  632.2000	             -396
  632.4000	             -412
  632.6000	             -429
  632.8000	             -419
  633.0000	             -416
  633.2000	             -417
  633.4000	             -408
  633.6000	             -414
  633.8000	             -433
  634.0000	             -404
  634.2000	             -409
  634.4000	             -438
  634.6000	             -429
  634.8000	             -411
  635.0000	             -410
  635.2000	             -416
  635.4000	             -425
  635.6000	             -414
  635.8000	             -407
  636.0000	             -417
  636.2000	             -421
  636.4000	             -411
  636.6000	             -438
  636.8000	             -406
  637.0000	             -417
  637.2000	             -421
  637.4000	             -409
  637.6000	             -413
  637.8000	             -422
  638.0000	             -422
  638.2000	             -404
  638.4000	             -399
  638.6000	             -422
  638.8000	             -348
  639.0000	             -416
  639.2000	             -409
  639.4000	             -417
  639.6000	             -409
  639.8000	             -420
  640.0000	             -407
  640.2000	             -435
  640.4000	             -416
  640.6000	             -425
  640.8000	             -416
  641.0000	             -414
  641.2000	             -447
  641.4000	             -429
  641.6000	             -414
  641.8000	             -379
  642.0000	             -433
  642.2000	             -412
  642.4000	             -404
  642.6000	             -414
  642.8000	             -384
  643.0000	             -425
  643.2000	             -411
  643.4000	             -427
  643.6000	             -408
  643.8000	             -382
  644.0000	             -376
  644.2000	             -419
  644.4000	             -410
  644.6000	             -411
  644.8000	             -419
  645.0000	             -416
  645.2000	             -404
  645.4000	             -395
  645.6000	             -414
  645.8000	             -432
  646.0000	             -420
  646.2000	             -410
  646.4000	             -416
  646.6000	             -404
  646.8000	             -397
  647.0000	             -404
  647.2000	             -417
  647.4000	             -421
  647.6000	             -427
  647.8000	             -418
  648.0000	             -426
  648.2000	             -439
  648.4000	             -422
  648.6000	             -425
  648.8000	             -419
  649.0000	             -404
  649.2000	             -416
  649.4000	             -419
  649.6000	             -426
  649.8000	             -409
  650.0000	             -416
  650.2000	             -417
  650.4000	             -416
  650.6000	             -396
  650.8000	             -414
  651.0000	             -362
  651.2000	             -407
  651.4000	             -400
  651.6000	             -407
  651.8000	             -376
  652.0000	             -371
  652.2000	             -432
  652.4000	             -374
  652.6000	             -365
  652.8000	             -432
  653.0000	             -420
  653.2000	             -402
  653.4000	             -382
  653.6000	             -408
  653.8000	             -410
  654.0000	             -435
  654.2000	             -397
  654.4000	             -368
  654.6000	             -433
  654.8000	             -426
  655.0000	             -428
  655.2000	             -412
  655.4000	             -426
  655.6000	             -421
  655.8000	             -419
  656.0000	             -418
  656.2000	             -426
  656.4000	             -418
  656.6000	             -406
  656.8000	             -404
  657.0000	             -411
  657.2000	             -421
  657.4000	             -387
  657.6000	             -418
  657.8000	             -418
  658.0000	             -411
  658.2000	             -415
  658.4000	             -391
  658.6000	             -410
  658.8000	             -412
  659.0000	             -426
  659.2000	             -387
  659.4000	             -315
  659.6000	             -422
  659.8000	             -424
  660.0000	             -414
  660.2000	             -409
  660.4000	             -360
  660.6000	             -414
  660.8000	             -416
  661.0000	             -383
  661.2000	             -389
  661.4000	             -409
  661.6000	             -366
  661.8000	             -419
  662.0000	             -421
  662.2000	             -389
  662.4000	             -412
  662.6000	             -413
  662.8000	             -415
  663.0000	             -424
  663.2000	             -414
  663.4000	             -417
  663.6000	             -409
  663.8000	             -358
  664.0000	             -427
  664.2000	             -367
  664.4000	             -404
  664.6000	             -426
  664.8000	             -429
  665.0000	             -416
  665.2000	             -391
  665.4000	             -422
  665.6000	             -409
  665.8000	             -371
  666.0000	             -397
  666.2000	             -407
  666.4000	             -406
  666.6000	             -414
  666.8000	             -356
  667.0000	             -421
  667.2000	             -427
  667.4000	             -396
  667.6000	             -416
  667.8000	             -439
  668.0000	             -396
  668.2000	             -423
  668.4000	             -394
  668.6000	             -357
  668.8000	             -384
  669.0000	             -392
  669.2000	             -356
  669.4000	             -401
  669.6000	             -407
  669.8000	             -417
  670.0000	             -415
  670.2000	             -410
  670.4000	             -379
  670.6000	             -425
  670.8000	             -358
  671.0000	             -409
  671.2000	             -417
  671.4000	             -421
  671.6000	             -410
  671.8000	             -420
  672.0000	             -422
  672.2000	             -404
  672.4000	             -440
  672.6000	             -431
  672.8000	             -432
  673.0000	             -438
  673.2000	             -427
  673.4000	             -414
  673.6000	             -408
  673.8000	             -409
  674.0000	             -431
  674.2000	             -407
  674.4000	             -407
  674.6000	             -416
  674.8000	             -395
  675.0000	             -419
  675.2000	             -433
  675.4000	             -439
  675.6000	             -415
  675.8000	             -380
  676.0000	             -430
  676.2000	             -382
  676.4000	             -384
  676.6000	             -397
  676.8000	             -422
  677.0000	             -394
  677.2000	             -398
  677.4000	             -419
  677.6000	             -410
  677.8000	             -418
  678.0000	             -435
  678.2000	             -416
  678.4000	             -412
  678.6000	             -407
  678.8000	             -393
  679.0000	             -427
  679.2000	             -409
  679.4000	             -447
  679.6000	             -417
  679.8000	             -418
  680.0000	             -425
  680.2000	             -409
  680.4000	             -416
  680.6000	             -412
  680.8000	             -406
  681.0000	             -412
  681.2000	             -436
  681.4000	             -422
  681.6000	             -427
  681.8000	             -407
  682.0000	             -412
  682.2000	             -420
  682.4000	             -427
  682.6000	             -418
  682.8000	             -416
  683.0000	             -427
  683.2000	             -414
  683.4000	             -409
  683.6000	             -425
  683.8000	             -414
  684.0000	             -407
  684.2000	             -412
  684.4000	             -414
  684.6000	             -420
  684.8000	             -421
  685.0000	             -439
  685.2000	             -409
  685.4000	             -398
  685.6000	             -429
  685.8000	             -396
  686.0000	             -416
  686.2000	             -410
  686.4000	             -420
  686.6000	             -438
  686.8000	             -412
  687.0000	             -411
  687.2000	             -410
  687.4000	             -434
  687.6000	             -443
  687.8000	             -432
  688.0000	             -433
  688.2000	             -439
  688.4000	             -427
  688.6000	             -443
  688.8000	             -419
  689.0000	             -419
  689.2000	             -436
  689.4000	             -424
  689.6000	             -459
  689.8000	             -404
  690.0000	             -443
  690.2000	             -438
  690.4000	             -440
  690.6000	             -419
  690.8000	             -421
  691.0000	             -432
  691.2000	             -419
  691.4000	             -416
  691.6000	             -413
  691.8000	             -425
  692.0000	             -427
  692.2000	             -436
  692.4000	             -425
  692.6000	             -425
  692.8000	             -412
  693.0000	             -412
  693.2000	             -425
  693.4000	             -427
  693.6000	             -406
  693.8000	             -408
  694.0000	             -404
  694.2000	             -416
  694.4000	             -425
  694.6000	             -429
  694.8000	             -413
  695.0000	             -446
  695.2000	             -424
  695.4000	             -412
  695.6000	             -440
  695.8000	             -428
  696.0000	             -419
  696.2000	             -421
  696.4000	             -424
  696.6000	              170
  696.8000	             -414
  697.0000	             -429
  697.2000	             -443
  697.4000	             -416
  697.6000	             -404
  697.8000	             -409
  698.0000	             -434
  698.2000	             -412
  698.4000	             -426
  698.6000	             -443
  698.8000	             -403
  699.0000	             -417
  699.2000	             -437
  699.4000	             -427
  699.6000	             -426
  699.8000	             -440
  700.0000	             -416
  700.2000	             -437
  700.4000	             -424
  700.6000	             -416
  700.8000	             -416
  701.0000	             -444
  701.2000	             -409
  701.4000	             -427
  701.6000	             -409
  701.8000	             -419
  702.0000	             -447
  702.2000	             -430
  702.4000	             -433
  702.6000	             -431
  702.8000	             -434
  703.0000	             -420
  703.2000	             -443
  703.4000	             -440
  703.6000	             -440
  703.8000	             -377
  704.0000	             -431
  704.2000	             -427
  704.4000	             -427
  704.6000	             -424
  704.8000	             -409
  705.0000	             -409
  705.2000	             -412
  705.4000	             -434
  705.6000	             -421
  705.8000	             -408
  706.0000	             -411
  706.2000	             -421
  706.4000	             -411
  706.6000	             -350
  706.8000	             -399
  707.0000	             -431
  707.2000	             -430
  707.4000	             -416
  707.6000	             -425
  707.8000	             -426
  708.0000	             -416
  708.2000	             -404
  708.4000	             -429
  708.6000	             -425
  708.8000	             -412
  709.0000	             -443
  709.2000	             -403
  709.4000	             -427
  709.6000	             -436
  709.8000	             -407
  710.0000	             -413
  710.2000	             -443
  710.4000	             -411
  710.6000	             -427
  710.8000	             -425
  711.0000	             -421
  711.2000	             -426
  711.4000	             -417
  711.6000	             -431
  711.8000	             -434
  712.0000	             -426
  712.2000	             -404
  712.4000	             -412
  712.6000	             -422
  712.8000	             -425
  713.0000	             -366
  713.2000	             -440
  713.4000	             -437
  713.6000	             -435
  713.8000	             -409
  714.0000	             -411
  714.2000	             -429
  714.4000	             -416
  714.6000	             -411
  714.8000	             -416
  715.0000	             -426
  715.2000	             -361
  715.4000	             -425
  715.6000	             -412
  715.8000	             -426
  716.0000	             -427
  716.2000	             -412
  716.4000	             -421
  716.6000	             -425
  716.8000	             -415
  717.0000	             -443
  717.2000	             -425
  717.4000	             -409
  717.6000	             -409
  717.8000	             -439
  718.0000	             -449
  718.2000	             -425
  718.4000	             -443
  718.6000	             -454
  718.8000	             -443
  719.0000	             -409
  719.2000	             -438
  719.4000	             -443
  719.6000	             -426
  719.8000	             -412
  720.0000	             -425
  720.2000	             -442
  720.4000	             -424
  720.6000	             -427
  720.8000	             -419
  721.0000	             -434
  721.2000	             -429
  721.4000	             -427
  721.6000	             -409
  721.8000	             -427
  722.0000	             -417
  722.2000	             -412
  722.4000	             -439
  722.6000	             -409
  722.8000	             -438
  723.0000	             -416
  723.2000	             -413
  723.4000	             -410
  723.6000	             -416
  723.8000	             -407
  724.0000	             -424
  724.2000	             -396
  724.4000	             -425
  724.6000	             -421
  724.8000	             -412
  725.0000	             -425
  725.2000	             -427
  725.4000	             -410
  725.6000	             -421
  725.8000	             -418
  726.0000	             -411
  726.2000	             -414
  726.4000	             -409
  726.6000	             -411
  726.8000	             -405
  727.0000	             -416
  727.2000	             -398
  727.4000	             -426
  727.6000	             -412
  727.8000	             -418
  728.0000	             -443
  728.2000	             -431
  728.4000	             -412
  728.6000	             -416
  728.8000	             -432
  729.0000	             -417
  729.2000	             -446
  729.4000	             -416
  729.6000	             -447
  729.8000	             -433
  730.0000	             -407
  730.2000	             -406
  730.4000	             -428
  730.6000	             -419
  730.8000	             -443
  731.0000	             -431
  731.2000	             -398
  731.4000	             -416
  731.6000	             -430
  731.8000	             -418
  732.0000	             -412
  732.2000	             -409
  732.4000	             -414
  732.6000	             -440
  732.8000	             -425
  733.0000	             -412
  733.2000	             -410
  733.4000	             -422
  733.6000	             -428
  733.8000	             -437
  734.0000	             -417
  734.2000	             -404
  734.4000	             -398
  734.6000	             -418
  734.8000	             -411
  735.0000	             -432
  735.2000	             -403
  735.4000	             -421
  735.6000	             -397
  735.8000	             -411
  736.0000	             -416
  736.2000	             -386
  736.4000	             -404
  736.6000	             -425
  736.8000	             -419
  737.0000	             -384
  737.2000	             -400
  737.4000	             -374
  737.6000	             -409
  737.8000	             -415
  738.0000	             -421
  738.2000	             -399
  738.4000	              366
  738.6000	             -425
  738.8000	             -425
  739.0000	             -438
  739.2000	             -427
  739.4000	             -433
  739.6000	             -430
  739.8000	             -409
  740.0000	             -425
  740.2000	             -432
  740.4000	             -436
  740.6000	             -411
  740.8000	             -412
  741.0000	             -427
  741.2000	             -423
  741.4000	             -412
  741.6000	             -425
  741.8000	             -419
  742.0000	             -425
  742.2000	             -439
  742.4000	             -416
  742.6000	             -404
  742.8000	             -413
  743.0000	             -416
  743.2000	             -413
  743.4000	             -408
  743.6000	             -415
  743.8000	             -418
  744.0000	             -414
  744.2000	             -418
  744.4000	             -425
  744.6000	             -414
  744.8000	             -410
  745.0000	             -412
  745.2000	             -424
  745.4000	             -395
  745.6000	             -420
  745.8000	             -409
  746.0000	             -427
  746.2000	             -415
  746.4000	             -430
  746.6000	             -377
  746.8000	             -397
  747.0000	             -427
  747.2000	             -415
  747.4000	             -420
  747.6000	             -414
  747.8000	             -374
  748.0000	             -407
  748.2000	             -436
  748.4000	             -417
  748.6000	             -404
  748.8000	             -403
  749.0000	             -383
  749.2000	             -422
  749.4000	             -438
  749.6000	             -396
  749.8000	             -416
  750.0000	             -436
  750.2000	             -396
  750.4000	             4207
  750.6000	             -410
  750.8000	             -408
  751.0000	             -407
  751.2000	             -422
  751.4000	              570
  751.6000	             -394
  751.8000	             -408
  752.0000	             -397
  752.2000	             -412
  752.4000	             -418
  752.6000	             -413
  752.8000	             -427
  753.0000	             -437
  753.2000	             -417
  753.4000	             -410
  753.6000	             -432
  753.8000	             -388
  754.0000	             -412
  754.2000	             -414
  754.4000	             -427
  754.6000	             -431
  754.8000	             -409
  755.0000	             -404
  755.2000	             -439
  755.4000	             -427
  755.6000	             -421
  755.8000	             -431
  756.0000	             -414
  756.2000	             -404
  756.4000	             -418
  756.6000	             -425
  756.8000	             -411
  757.0000	             -404
  757.2000	             -438
  757.4000	             -435
  757.6000	             -404
  757.8000	             -397
  758.0000	             -341
  758.2000	             -422
  758.4000	             -394
  758.6000	             -396
  758.8000	             -399
  759.0000	             -431
  759.2000	             -410
  759.4000	             -417
  759.6000	             -409
  759.8000	             -376
  760.0000	             -369
  760.2000	             -417
  760.4000	             -419
  760.6000	             -402
  760.8000	             -404
  761.0000	             -439
  761.2000	             -420
  761.4000	             -443
  761.6000	             -443
  761.8000	             -446
  762.0000	             -413
  762.2000	             -404
  762.4000	             -397
  762.6000	             -409
  762.8000	             -425
  763.0000	             -424
  763.2000	             -422
  763.4000	               92
  763.6000	             -356
  763.8000	             -407
  764.0000	             -411
  764.2000	             -425
  764.4000	             -412
  764.6000	             -409
  764.8000	             -438
  765.0000	             -425
  765.2000	             -416
  765.4000	             -411
  765.6000	             -439
  765.8000	             -411
  766.0000	             -404
  766.2000	             -443
  766.4000	             -413
  766.6000	             -427
  766.8000	             -416
  767.0000	             -417
  767.2000	             -407
  767.4000	             -419
  767.6000	             -427
  767.8000	             -417
  768.0000	             -422
  768.2000	             -356
  768.4000	             -421
  768.6000	             -410
  768.8000	             -369
  769.0000	             -411
  769.2000	             -410
  769.4000	             -394
  769.6000	             -412
  769.8000	             -355
  770.0000	             -391
  770.2000	             -394
  770.4000	             -406
  770.6000	             -350
  770.8000	             -356
  771.0000	             -366
  771.2000	             -406
  771.4000	             -415
  771.6000	             -394
  771.8000	             -419
  772.0000	             -397
  772.2000	             -365
  772.4000	              832
  772.6000	             -411
  772.8000	             -425
  773.0000	             -389
  773.2000	             -359
  773.4000	             -417
  773.6000	             -426
  773.8000	             -315
  774.0000	             -381
  774.2000	             -432
  774.4000	             -356
  774.6000	             -420
  774.8000	             -392
  775.0000	             -417
  775.2000	             -356
  775.4000	             -408
  775.6000	             -410
  775.8000	             -416
  776.0000	             -424
  776.2000	             -411
  776.4000	             -416
  776.6000	             -407
  776.8000	             -424
  777.0000	             -421
  777.2000	             -440
  777.4000	             -427
  777.6000	             -427
  777.8000	             -433
  778.0000	             -440
  778.2000	             -423
  778.4000	             -404
  778.6000	             -444
  778.8000	             -421
  779.0000	             -427
  779.2000	             -425
  779.4000	             -422
  779.6000	             -422
  779.8000	             -427
  780.0000	             -446
  780.2000	             -424
  780.4000	             -438
  780.6000	             -427
  780.8000	             -418
  781.0000	             -427
  781.2000	             -426
  781.4000	             -440
  781.6000	             -444
  781.8000	             -409
  782.0000	             -425
  782.2000	             -434
  782.4000	             -417
  782.6000	             -425
  782.8000	             -430
  783.0000	             -409
  783.2000	             -425
  783.4000	             -419
  783.6000	             -425
  783.8000	             -425
  784.0000	             -422
  784.2000	             -435
  784.4000	             -419
  784.6000	             -440
  784.8000	             -427
  785.0000	             -417
  785.2000	             -433
  785.4000	             -435
  785.6000	             -440
  785.8000	             -404
  786.0000	             -416
  786.2000	             -392
  786.4000	             -425
  786.6000	             -432
  786.8000	             -425
  787.0000	             -439
  787.2000	             -425
  787.4000	             -418
  787.6000	             -418
  787.8000	             -437
  788.0000	             -425
  788.2000	             -424
  788.4000	             -417
  788.6000	             -365
  788.8000	             -403
  789.0000	             -412
  789.2000	             -419
  789.4000	             -439
  789.6000	             -425
  789.8000	             -409
  790.0000	             -441
  790.2000	             -425
  790.4000	             -414
  790.6000	             -418
  790.8000	             -430
  791.0000	             -412
  791.2000	             -378
  791.4000	             -425
  791.6000	             -422
  791.8000	             -425
  792.0000	             -422
  792.2000	             -424
  792.4000	             -426
  792.6000	             -454
  792.8000	             -412
  793.0000	             -438
  793.2000	             -441
  793.4000	             -443
  793.6000	             -435
  793.8000	             -413
  794.0000	             -443
  794.2000	             -432
  794.4000	             -434
  794.6000	             -441
  794.8000	              223
  795.0000	             -376
  795.2000	             -414
  795.4000	             -425
  795.6000	             -375
  795.8000	             -438
  796.0000	             -415
  796.2000	             -433
  796.4000	             -427
  796.6000	             -439
  796.8000	             -425
  797.0000	             -429
  797.2000	             -407
  797.4000	             -419
  797.6000	             -414
  797.8000	             -427
  798.0000	             -416
  798.2000	             -465
  798.4000	             -409
  798.6000	             -450
  798.8000	             -427
  799.0000	             -417
  799.2000	             -443
  799.4000	             -427
  799.6000	             -429
  799.8000	             -425
  800.0000	             -382
  800.2000	             -427
  800.4000	             -425
  800.6000	             -103
  800.8000	             -432
  801.0000	             -409
  801.2000	             -383
  801.4000	             -183
  801.6000	             -411
  801.8000	             -427
  802.0000	             -411
  802.2000	             -427
  802.4000	             -427
  802.6000	             -425
  802.8000	             -417
  803.0000	             -419
  803.2000	             -394
  803.4000	             -427
  803.6000	             -429
  803.8000	             -406
  804.0000	             -438
  804.2000	             -448
  804.4000	             -435
  804.6000	             -430
  804.8000	             -413
  805.0000	             -419
