  600.0000	             -376
  600.2000	             -333
  600.4000	             -354
  600.6000	             -355
  600.8000	             -338
  601.0000	             -350
  601.2000	             -324
  601.4000	             -365
  601.6000	             -298
  601.8000	             -370
  602.0000	             -342
  602.2000	             -351
  602.4000	             -331
  602.6000	             -358
  602.8000	             -359
  603.0000	             -382
  603.2000	             -318
  603.4000	             -371
  603.6000	             -377
  603.8000	             -351
  604.0000	             -367
  604.2000	             -350
  604.4000	             -369
  604.6000	             -342
  604.8000	             -316
  605.0000	             -374
  605.2000	             -334
  605.4000	             -321
  605.6000	             -364
  605.8000	             -352
  606.0000	             -357
  606.2000	             -301
  606.4000	             -353
  606.6000	             -372
  606.8000	             -324
  607.0000	             -373
  607.2000	             -351
  607.4000	             -350
  607.6000	             -351
  607.8000	             -372
  608.0000	             -350
  608.2000	             -375
  608.4000	             -325
  608.6000	             -372
  608.8000	             -342
  609.0000	             -389
  609.2000	             -318
  609.4000	             -333
  609.6000	             -325
  609.8000	             -312
  610.0000	             -358
  610.2000	             -314
  610.4000	             -320
  610.6000	             -389
  610.8000	             -390
  611.0000	             -344
  611.2000	             -368
  611.4000	             -359
  611.6000	             -350
  611.8000	             -373
  612.0000	             -378
  612.2000	             -354
  612.4000	             -342
  612.6000	             -352
  612.8000	             -370
  613.0000	             -378
  613.2000	             -313
  613.4000	             -377
  613.6000	             -331
  613.8000	             -382
  614.0000	             -385
  614.2000	             -390
  614.4000	             -356
  614.6000	             -386
  614.8000	             -346
  615.0000	             -318
  615.2000	             -385
  615.4000	             -389
  615.6000	             -376
  615.8000	             -358
  616.0000	             -315
  616.2000	             -384
  616.4000	             -422
  616.6000	             -386
  616.8000	             -388
  617.0000	             -386
  617.2000	             -427
  617.4000	             -418
  617.6000	             -404
  617.8000	             -379
  618.0000	             -414
  618.2000	             -418
  618.4000	             -406
  618.6000	             -406
  618.8000	             -419
  619.0000	             -412
  619.2000	             -425
  619.4000	             -410
  619.6000	             -417
  619.8000	             -404
  620.0000	             -412
  620.2000	             -412
  620.4000	             -418
  620.6000	             -423
  620.8000	             -407
  621.0000	             -425
  621.2000	             -413
  621.4000	             -400
  621.6000	             -414
  621.8000	             -426
  622.0000	             -410
  622.2000	             -401
  622.4000	             -409
  622.6000	             -396
  622.8000	             -427
  623.0000	             -439
  623.2000	             -416
  623.4000	             -404
  623.6000	             -407
  623.8000	             -407
  624.0000	             -404
  624.2000	             -424
  624.4000	             -418
  624.6000	             -369
  624.8000	             -414
  625.0000	             -405
  625.2000	             -411
  625.4000	             -378
  625.6000	             -418
  625.8000	             -439
  626.0000	             -433
  626.2000	             -429
  626.4000	             -420
  626.6000	             -414
  626.8000	             -414
  627.0000	             -425
  627.2000	             -438
  627.4000	             -430
  627.6000	             -403
  627.8000	             -436
  628.0000	             -380
  628.2000	             -416
  628.4000	             -365
  628.6000	             -377
  628.8000	             -416
  629.0000	             -393
  629.2000	             -365
  629.4000	             -383
  629.6000	             -412
  629.8000	             -411
  630.0000	             -365
  630.2000	             -382
  630.4000	             -404
  630.6000	             -413
  630.8000	             -400
  631.0000	             -377
  631.2000	             -391
  631.4000	             -365
  631.6000	             -377
  631.8000	             -422
  632.0000	             -349
  632.2000	             -412
  632.4000	             -380
  632.6000	             -424
  632.8000	             -391
  633.0000	             -419
  633.2000	             -377
  633.4000	             -376
  633.6000	             -371
  633.8000	             -416
  634.0000	             -413
  634.2000	             -422
  634.4000	             -420
  634.6000	             -432
  634.8000	             -411
  635.0000	             -391
  635.2000	             -419
  635.4000	             -415
  635.6000	             -365
  635.8000	             -412
  636.0000	             -365
  636.2000	             -386
  636.4000	             -424
  636.6000	             -393
  636.8000	             -396
  637.0000	             -401
  637.2000	             -410
  637.4000	             -410
  637.6000	             -422
  637.8000	             -407
  638.0000	             -416
  638.2000	             -408
  638.4000	             -400
  638.6000	             -404
  638.8000	             -382
  639.0000	             -365
  639.2000	             -407
  639.4000	             -356
  639.6000	             -350
  639.8000	             -419
  640.0000	             -419
  640.2000	             -425
  640.4000	             -432
  640.6000	             -426
  640.8000	             -365
  641.0000	             -438
  641.2000	             -397
  641.4000	             -387
  641.6000	             -355
  641.8000	             -412
  642.0000	             -413
  642.2000	             -425
  642.4000	             -365
  642.6000	             -399
  642.8000	             -363
  643.0000	             -386
  643.2000	             -390
  643.4000	             -403
  643.6000	             -407
  643.8000	             -361
  644.0000	             -379
  644.2000	             -399
  644.4000	             -408
  644.6000	             -351
  644.8000	             -344
  645.0000	             -371
  645.2000	             -399
  645.4000	             -407
  645.6000	             -408
  645.8000	             -330
  646.0000	             -370
  646.2000	             -425
  646.4000	             -422
  646.6000	             -393
  646.8000	             -318
  647.0000	             -383
  647.2000	             -391
  647.4000	             -384
  647.6000	             -362
  647.8000	             -410
  648.0000	             -426
  648.2000	             -425
  648.4000	             -416
  648.6000	             -432
  648.8000	             -425
  649.0000	             -377
  649.2000	             -416
  649.4000	             -394
  649.6000	             -426
  649.8000	             -380
  650.0000	             -406
  650.2000	             -432
  650.4000	             -404
  650.6000	             -386
  650.8000	             -379
  651.0000	             -383
  651.2000	             -403
  651.4000	             -322
  651.6000	             -318
  651.8000	             -400
  652.0000	             -386
  652.2000	             -373
  652.4000	             -393
  652.6000	             -382
  652.8000	             -363
  653.0000	             -365
  653.2000	             -356
  653.4000	             -372
  653.6000	             -368
  653.8000	             -393
  654.0000	             -385
  654.2000	             -355
  654.4000	             -343
  654.6000	             -432
  654.8000	             -391
  655.0000	             -410
  655.2000	             -399
  655.4000	             -405
  655.6000	             -426
  655.8000	             -364
  656.0000	             -347
  656.2000	             -396
  656.4000	             -414
  656.6000	             -378
  656.8000	             -390
  657.0000	             -365
  657.2000	             -356
  657.4000	             -358
  657.6000	             -412
  657.8000	             -356
  658.0000	             -356
  658.2000	             -389
  658.4000	             -382
  658.6000	             -372
  658.8000	             -365
  659.0000	             -370
  659.2000	             -342
  659.4000	             -341
  659.6000	             -359
  659.8000	             -393
  660.0000	             -319
  660.2000	             -367
  660.4000	             -314
  660.6000	             -352
  660.8000	             -390
  661.0000	             -350
  661.2000	             -306
  661.4000	             -376
  661.6000	             -395
  661.8000	             -372
  662.0000	             -334
  662.2000	             -319
  662.4000	             -379
  662.6000	             -408
  662.8000	             -380
  663.0000	             -390
  663.2000	             -362
  663.4000	             -398
  663.6000	             -414
  663.8000	             -403
  664.0000	             -378
  664.2000	             -377
  664.4000	             -415
  664.6000	             -376
  664.8000	             -434
  665.0000	             -362
  665.2000	             -382
  665.4000	             -359
  665.6000	             -386
  665.8000	             -378
  666.0000	             -414
  666.2000	             -348
  666.4000	             -364
  666.6000	             -384
  666.8000	             -410
  667.0000	             -362
  667.2000	             -369
  667.4000	             -350
  667.6000	             -369
  667.8000	             -394
  668.0000	             -390
  668.2000	             -382
  668.4000	             -368
  668.6000	             -383
  668.8000	             -359
  669.0000	             -371
  669.2000	             -385
  669.4000	             -345
  669.6000	             -371
  669.8000	             -379
  670.0000	             -345
  670.2000	             -385
  670.4000	             -279
  670.6000	             -397
  670.8000	             -365
  671.0000	             -383
  671.2000	             -421
  671.4000	             -422
  671.6000	             -416
  671.8000	             -404
  672.0000	             -410
  672.2000	             -402
  672.4000	             -418
  672.6000	             -416
  672.8000	             -375
  673.0000	             -365
  673.2000	             -377
  673.4000	             -412
  673.6000	             -351
  673.8000	             -421
  674.0000	             -412
  674.2000	             -420
  674.4000	             -361
  674.6000	             -393
  674.8000	             -375
  675.0000	             -353
  675.2000	             -377
  675.4000	             -403
  675.6000	             -353
  675.8000	             -360
  676.0000	             -357
  676.2000	             -353
  676.4000	             -376
  676.6000	             -366
  676.8000	             -379
  677.0000	             -365
  677.2000	             -360
  677.4000	             -369
  677.6000	             -371
  677.8000	             -366
  678.0000	             -414
  678.2000	             -381
  678.4000	             -373
  678.6000	             -389
  678.8000	             -317
  679.0000	             -349
  679.2000	             -427
  679.4000	             -412
  679.6000	             -390
  679.8000	             -365
  680.0000	             -404
  680.2000	             -363
  680.4000	             -405
  680.6000	             -370
  680.8000	             -425
  681.0000	             -412
  681.2000	             -339
  681.4000	             -380
  681.6000	             -374
  681.8000	             -414
  682.0000	             -368
  682.2000	             -394
  682.4000	             -376
  682.6000	             -393
  682.8000	             -385
  683.0000	             -363
  683.2000	             -424
  683.4000	             -420
  683.6000	             -412
  683.8000	             -365
  684.0000	             -412
  684.2000	             -369
  684.4000	             -371
  684.6000	             -394
  684.8000	             -393
  685.0000	             -420
  685.2000	             -355
  685.4000	             -370
  685.6000	             -410
  685.8000	             -409
  686.0000	             -424
  686.2000	             -396
  686.4000	             -387
  686.6000	             -380
  686.8000	             -386
  687.0000	             -393
  687.2000	             -384
  687.4000	             -376
  687.6000	             -426
  687.8000	             -390
  688.0000	             -416
  688.2000	             -412
  688.4000	             -416
  688.6000	             -365
  688.8000	             -374
  689.0000	             -380
  689.2000	             -432
  689.4000	             -410
  689.6000	             -420
  689.8000	             -360
  690.0000	             -396
  690.2000	             -432
  690.4000	             -397
  690.6000	             -371
  690.8000	             -406
  691.0000	             -414
  691.2000	             -356
  691.4000	             -421
  691.6000	             -423
  691.8000	             -424
  692.0000	             -404
  692.2000	             -383
  692.4000	             -415
  692.6000	             -421
  692.8000	             -377
  693.0000	             -397
  693.2000	             -391
  693.4000	             -410
  693.6000	             -420
  693.8000	             -412
  694.0000	             -391
  694.2000	             -433
  694.4000	             -425
  694.6000	             -421
  694.8000	             -371
  695.0000	             -423
  695.2000	             -411
  695.4000	             -424
  695.6000	             -413
  695.8000	             -418
  696.0000	             -400
  696.2000	             -442
  696.4000	             -441
  696.6000	              232
  696.8000	             -404
  697.0000	             -400
  697.2000	             -399
  697.4000	             -418
  697.6000	             -415
  697.8000	             -439
  698.0000	             -371
  698.2000	             -369
  698.4000	             -421
  698.6000	             -407
  698.8000	             -362
  699.0000	             -399
  699.2000	             -436
  699.4000	             -399
  699.6000	             -397
  699.8000	             -422
  700.0000	             -364
  700.2000	             -411
  700.4000	             -410
  700.6000	             -402
  700.8000	             -416
  701.0000	             -406
  701.2000	             -377
  701.4000	             -419
  701.6000	             -365
  701.8000	             -408
  702.0000	             -390
  702.2000	             -391
  702.4000	             -377
  702.6000	             -393
  702.8000	             -414
  703.0000	             -383
  703.2000	             -365
  703.4000	             -364
  703.6000	             -420
  703.8000	             -378
  704.0000	             -424
  704.2000	             -401
  704.4000	             -377
  704.6000	             -426
  704.8000	             -426
  705.0000	             -363
  705.2000	             -365
  705.4000	             -362
  705.6000	             -403
  705.8000	             -427
  706.0000	             -416
  706.2000	             -361
  706.4000	             -364
  706.6000	             -306
  706.8000	             -294
  707.0000	             -396
  707.2000	             -372
  707.4000	             -427
  707.6000	             -364
  707.8000	             -383
  708.0000	             -394
  708.2000	             -397
  708.4000	             -377
  708.6000	             -364
  708.8000	             -400
  709.0000	             -365
  709.2000	             -421
  709.4000	             -404
  709.6000	             -412
  709.8000	             -402
  710.0000	             -422
  710.2000	             -364
  710.4000	             -427
  710.6000	             -406
  710.8000	             -412
  711.0000	             -380
  711.2000	             -389
  711.4000	             -424
  711.6000	             -365
  711.8000	             -386
  712.0000	             -426
  712.2000	             -365
  712.4000	             -370
  712.6000	             -365
  712.8000	             -410
  713.0000	             -418
  713.2000	             -411
  713.4000	             -398
  713.6000	             -392
  713.8000	             -377
  714.0000	             -387
  714.2000	             -377
  714.4000	             -362
  714.6000	             -382
  714.8000	             -364
  715.0000	             -404
  715.2000	             -422
  715.4000	             -371
  715.6000	             -421
  715.8000	             -419
  716.0000	             -386
  716.2000	             -391
  716.4000	             -347
  716.6000	             -384
  716.8000	             -365
  717.0000	             -428
  717.2000	             -416
  717.4000	             -418
  717.6000	             -419
  717.8000	             -356
  718.0000	             -415
  718.2000	             -400
  718.4000	             -356
  718.6000	             -433
  718.8000	             -410
  719.0000	             -419
  719.2000	             -362
  719.4000	             -423
  719.6000	             -411
  719.8000	             -383
  720.0000	             -427
  720.2000	             -438
  720.4000	             -392
  720.6000	             -356
  720.8000	             -365
  721.0000	             -380
  721.2000	             -438
  721.4000	             -356
  721.6000	             -438
  721.8000	             -365
  722.0000	             -410
  722.2000	             -424
  722.4000	             -365
  722.6000	             -424
  722.8000	             -419
  723.0000	             -387
  723.2000	             -365
  723.4000	             -394
  723.6000	             -387
  723.8000	             -353
  724.0000	             -414
  724.2000	             -391
  724.4000	             -370
  724.6000	             -420
  724.8000	             -393
  725.0000	             -367
  725.2000	             -368
  725.4000	             -370
  725.6000	             -422
  725.8000	             -410
  726.0000	             -384
  726.2000	             -351
  726.4000	             -425
  726.6000	             -416
  726.8000	             -362
  727.0000	             -397
  727.2000	             -261
  727.4000	             -353
  727.6000	             -423
  727.8000	             -377
  728.0000	             -365
  728.2000	             -394
  728.4000	             -393
  728.6000	             -416
  728.8000	             -426
  729.0000	             -346
  729.2000	             -377
  729.4000	             -391
  729.6000	             -423
  729.8000	             -413
  730.0000	             -411
  730.2000	             -405
  730.4000	             -420
  730.6000	             -380
  730.8000	             -376
  731.0000	             -404
  731.2000	             -411
  731.4000	             -407
  731.6000	             -425
  731.8000	             -377
  732.0000	             -398
  732.2000	             -365
  732.4000	             -397
  732.6000	             -410
  732.8000	             -393
  733.0000	             -415
  733.2000	             -378
  733.4000	             -398
  733.6000	             -382
  733.8000	             -412
  734.0000	             -420
  734.2000	             -394
  734.4000	             -412
  734.6000	             -406
  734.8000	             -401
  735.0000	             -383
  735.2000	             -413
  735.4000	             -393
  735.6000	             -351
  735.8000	             -412
  736.0000	             -409
  736.2000	             -399
  736.4000	             -371
  736.6000	             -394
  736.8000	             -362
  737.0000	             -386
  737.2000	             -318
  737.4000	             -353
  737.6000	             -348
  737.8000	             -399
  738.0000	             -400
  738.2000	             -412
  738.4000	              725
  738.6000	             -354
  738.8000	             -397
  739.0000	             -391
  739.2000	             -422
  739.4000	             -356
  739.6000	             -396
  739.8000	             -422
  740.0000	             -365
  740.2000	             -424
  740.4000	             -402
  740.6000	             -380
  740.8000	             -391
  741.0000	             -401
  741.2000	             -423
  741.4000	             -415
  741.6000	             -369
  741.8000	             -439
  742.0000	             -410
  742.2000	             -393
  742.4000	             -413
  742.6000	             -424
  742.8000	             -364
  743.0000	             -426
  743.2000	             -412
  743.4000	             -349
  743.6000	             -406
  743.8000	             -409
  744.0000	             -365
  744.2000	             -400
  744.4000	             -336
  744.6000	             -365
  744.8000	             -357
  745.0000	             -415
  745.2000	             -350
  745.4000	             -361
  745.6000	             -411
  745.8000	             -408
  746.0000	             -353
  746.2000	             -406
  746.4000	             -357
  746.6000	             -339
  746.8000	             -368
  747.0000	             -432
  747.2000	             -386
  747.4000	             -384
  747.6000	             -386
  747.8000	             -393
  748.0000	             -370
  748.2000	             -373
  748.4000	             -376
  748.6000	             -362
  748.8000	             -389
  749.0000	             -323
  749.2000	             -379
  749.4000	             -365
  749.6000	             -416
  749.8000	             -390
  750.0000	             -382
  750.2000	             -366
  750.4000	             5333
  750.6000	             -392
  750.8000	             -390
  751.0000	             -415
  751.2000	             -377
  751.4000	             1007
  751.6000	             -359
  751.8000	             -410
  752.0000	             -423
  752.2000	             -416
  752.4000	             -397
  752.6000	             -359
  752.8000	             -411
  753.0000	             -426
  753.2000	             -397
  753.4000	             -426
  753.6000	             -356
  753.8000	             -403
  754.0000	             -416
  754.2000	             -436
  754.4000	             -365
  754.6000	             -392
  754.8000	             -407
  755.0000	             -432
  755.2000	             -410
  755.4000	             -417
  755.6000	             -392
  755.8000	             -409
  756.0000	             -432
  756.2000	             -413
  756.4000	             -377
  756.6000	             -365
  756.8000	             -421
  757.0000	             -380
  757.2000	             -410
  757.4000	             -427
  757.6000	             -401
  757.8000	             -409
  758.0000	             -396
  758.2000	             -417
  758.4000	             -403
  758.6000	             -380
  758.8000	             -395
  759.0000	             -408
  759.2000	             -400
  759.4000	             -365
  759.6000	             -412
  759.8000	             -384
  760.0000	             -398
  760.2000	             -416
  760.4000	             -372
  760.6000	             -415
  760.8000	             -401
  761.0000	             -412
  761.2000	             -358
  761.4000	             -436
  761.6000	             -415
  761.8000	             -438
  762.0000	             -356
  762.2000	             -410
  762.4000	             -381
  762.6000	             -342
  762.8000	             -415
  763.0000	             -397
  763.2000	             -379
  763.4000	              421
  763.6000	             -392
  763.8000	             -425
  764.0000	             -432
  764.2000	             -397
  764.4000	             -362
  764.6000	             -400
  764.8000	             -434
  765.0000	             -403
  765.2000	             -407
  765.4000	             -423
  765.6000	             -418
  765.8000	             -414
  766.0000	             -396
  766.2000	             -433
  766.4000	             -411
  766.6000	             -362
  766.8000	             -418
  767.0000	             -397
  767.2000	             -432
  767.4000	             -425
  767.6000	             -382
  767.8000	             -420
  768.0000	             -421
  768.2000	             -401
  768.4000	             -402
  768.6000	             -365
  768.8000	             -419
  769.0000	             -374
  769.2000	             -360
  769.4000	             -393
  769.6000	             -369
  769.8000	             -400
  770.0000	             -370
  770.2000	             -357
  770.4000	             -403
  770.6000	             -365
  770.8000	             -342
  771.0000	             -370
  771.2000	             -364
  771.4000	             -388
  771.6000	             -383
  771.8000	             -369
  772.0000	             -382
  772.2000	             -346
  772.4000	             1218
  772.6000	             -379
  772.8000	             -380
  773.0000	             -350
  773.2000	             -407
  773.4000	             -400
  773.6000	             -363
  773.8000	             -349
  774.0000	             -378
  774.2000	             -401
  774.4000	             -370
  774.6000	             -383
  774.8000	             -383
  775.0000	             -314
  775.2000	             -357
  775.4000	             -406
  775.6000	             -430
  775.8000	             -438
  776.0000	             -423
  776.2000	             -365
  776.4000	             -407
  776.6000	             -410
  776.8000	             -391
  777.0000	             -392
  777.2000	             -397
  777.4000	             -433
  777.6000	             -405
  777.8000	             -415
  778.0000	             -404
  778.2000	             -422
  778.4000	             -414
  778.6000	             -400
  778.8000	             -440
  779.0000	             -395
  779.2000	             -419
  779.4000	             -388
  779.6000	             -418
  779.8000	             -418
  780.0000	             -424
  780.2000	             -416
  780.4000	             -420
  780.6000	             -408
  780.8000	             -388
  781.0000	             -380
  781.2000	             -416
  781.4000	             -421
  781.6000	             -425
  781.8000	             -429
  782.0000	             -416
  782.2000	             -384
  782.4000	             -414
  782.6000	             -422
  782.8000	             -421
  783.0000	             -419
  783.2000	             -414
  783.4000	             -411
  783.6000	             -418
  783.8000	             -415
  784.0000	             -437
  784.2000	             -409
  784.4000	             -414
  784.6000	             -395
  784.8000	             -414
  785.0000	             -395
  785.2000	             -411
  785.4000	             -439
  785.6000	             -432
  785.8000	             -406
  786.0000	             -400
  786.2000	             -407
  786.4000	             -414
  786.6000	             -422
  786.8000	             -414
  787.0000	             -401
  787.2000	             -413
  787.4000	             -404
  787.6000	             -390
  787.8000	             -416
  788.0000	             -407
  788.2000	             -410
  788.4000	             -427
  788.6000	             -429
  788.8000	             -422
  789.0000	             -404
  789.2000	             -412
  789.4000	             -369
  789.6000	             -406
  789.8000	             -404
  790.0000	             -427
  790.2000	             -412
  790.4000	             -421
  790.6000	             -390
  790.8000	             -404
  791.0000	             -401
  791.2000	             -413
  791.4000	             -418
  791.6000	             -411
  791.8000	             -403
  792.0000	             -427
  792.2000	             -447
  792.4000	             -415
  792.6000	             -426
  792.8000	             -409
  793.0000	             -421
  793.2000	             -410
  793.4000	             -428
  793.6000	             -426
  793.8000	             -417
  794.0000	             -409
  794.2000	             -407
  794.4000	             -409
  794.6000	             -419
  794.8000	              468
  795.0000	             -414
  795.2000	             -406
  795.4000	             -386
  795.6000	             -426
  795.8000	             -421
  796.0000	             -416
  796.2000	             -418
  796.4000	             -395
  796.6000	             -410
  796.8000	             -416
  797.0000	             -415
  797.2000	             -425
  797.4000	             -419
  797.6000	             -401
  797.8000	             -405
  798.0000	             -431
  798.2000	             -414
  798.4000	             -425
  798.6000	             -403
  798.8000	             -411
  799.0000	             -407
  799.2000	             -408
  799.4000	             -407
  799.6000	             -418
  799.8000	             -410
  800.0000	             -407
  800.2000	             -404
  800.4000	             -414
  800.6000	                7
  800.8000	             -412
  801.0000	             -391
  801.2000	             -434
  801.4000	              -77
  801.6000	             -414
  801.8000	             -420
  802.0000	             -394
  802.2000	             -404
  802.4000	             -361
  802.6000	             -397
  802.8000	             -424
  803.0000	             -395
  803.2000	             -404
  803.4000	             -404
  803.6000	             -427
  803.8000	             -417
  804.0000	             -418
  804.2000	             -415
  804.4000	             -376
  804.6000	             -414
  804.8000	             -425
  805.0000	             -424
