  600.0000	             -387
  600.2000	             -379
  600.4000	             -361
  600.6000	             -341
  600.8000	             -393
  601.0000	             -378
  601.2000	             -367
  601.4000	             -361
  601.6000	             -339
  601.8000	             -379
  602.0000	             -346
  602.2000	             -356
  602.4000	             -358
  602.6000	             -386
  602.8000	             -356
  603.0000	             -387
  603.2000	             -365
  603.4000	             -356
  603.6000	             -371
  603.8000	             -393
  604.0000	             -377
  604.2000	             -307
  604.4000	             -371
  604.6000	             -360
  604.8000	             -356
  605.0000	             -361
  605.2000	             -350
  605.4000	             -362
  605.6000	             -353
  605.8000	             -360
  606.0000	             -365
  606.2000	             -354
  606.4000	             -382
  606.6000	             -348
  606.8000	             -357
  607.0000	             -391
  607.2000	             -368
  607.4000	             -396
  607.6000	             -371
  607.8000	             -362
  608.0000	             -390
  608.2000	             -358
  608.4000	             -385
  608.6000	             -388
  608.8000	             -374
  609.0000	             -403
  609.2000	             -395
  609.4000	             -373
  609.6000	             -350
  609.8000	             -382
  610.0000	             -355
  610.2000	             -385
  610.4000	             -348
  610.6000	             -391
  610.8000	             -393
  611.0000	             -380
  611.2000	             -372
  611.4000	             -382
  611.6000	             -384
  611.8000	             -427
  612.0000	             -426
  612.2000	             -379
  612.4000	             -391
  612.6000	             -356
  612.8000	             -380
  613.0000	             -386
  613.2000	             -374
  613.4000	             -397
  613.6000	             -409
  613.8000	             -384
  614.0000	             -404
  614.2000	             -321
  614.4000	             -389
  614.6000	             -383
  614.8000	             -380
  615.0000	             -379
  615.2000	             -358
  615.4000	             -394
  615.6000	             -357
  615.8000	             -356
  616.0000	             -378
  616.2000	             -353
  616.4000	             -372
  616.6000	             -363
  616.8000	             -393
  617.0000	             -342
  617.2000	             -380
  617.4000	             -371
  617.6000	             -397
  617.8000	             -342
  618.0000	             -358
  618.2000	             -381
  618.4000	             -386
  618.6000	             -356
  618.8000	             -386
  619.0000	             -371
  619.2000	             -371
  619.4000	             -361
  619.6000	             -391
  619.8000	             -350
  620.0000	             -395
  620.2000	             -371
  620.4000	             -368
  620.6000	             -403
  620.8000	             -385
  621.0000	             -394
  621.2000	             -380
  621.4000	             -398
  621.6000	             -371
  621.8000	             -380
  622.0000	             -349
  622.2000	             -361
  622.4000	             -376
  622.6000	             -325
  622.8000	             -404
  623.0000	             -378
  623.2000	             -395
  623.4000	             -403
  623.6000	             -388
  623.8000	             -358
  624.0000	             -377
  624.2000	             -395
  624.4000	             -370
  624.6000	             -398
  624.8000	             -395
  625.0000	             -352
  625.2000	             -372
  625.4000	             -375
  625.6000	             -387
  625.8000	             -376
  626.0000	             -379
  626.2000	             -339
  626.4000	             -385
  626.6000	             -368
  626.8000	             -371
  627.0000	             -349
  627.2000	             -349
  627.4000	             -361
  627.6000	             -356
  627.8000	             -348
  628.0000	             -380
  628.2000	             -371
  628.4000	             -400
  628.6000	             -350
  628.8000	             -379
  629.0000	             -389
  629.2000	             -387
  629.4000	             -390
  629.6000	             -377
  629.8000	             -364
  630.0000	             -362
  630.2000	             -376
  630.4000	             -372
  630.6000	             -392
  630.8000	             -382
  631.0000	             -380
  631.2000	             -381
  631.4000	             -356
  631.6000	             -369
  631.8000	             -380
  632.0000	             -375
  632.2000	             -333
  632.4000	             -363
  632.6000	             -385
  632.8000	             -349
  633.0000	             -379
  633.2000	             -340
  633.4000	             -360
  633.6000	             -378
  633.8000	             -379
  634.0000	             -379
  634.2000	             -381
  634.4000	             -356
  634.6000	             -316
  634.8000	             -366
  635.0000	             -337
  635.2000	             -351
  635.4000	             -378
  635.6000	             -375
  635.8000	             -380
  636.0000	             -324
  636.2000	             -356
  636.4000	             -372
  636.6000	             -368
  636.8000	             -368
  637.0000	             -359
  637.2000	             -360
  637.4000	             -368
  637.6000	             -382
  637.8000	             -331
  638.0000	             -360
  638.2000	             -354
  638.4000	             -350
  638.6000	             -357
  638.8000	             -391
  639.0000	             -345
  639.2000	             -330
  639.4000	             -300
  639.6000	             -378
  639.8000	             -366
  640.0000	             -356
  640.2000	             -368
  640.4000	             -386
  640.6000	             -359
  640.8000	             -356
  641.0000	             -376
  641.2000	             -351
  641.4000	             -385
  641.6000	             -371
  641.8000	             -393
  642.0000	             -363
  642.2000	             -390
  642.4000	             -342
  642.6000	             -394
  642.8000	             -350
  643.0000	             -390
  643.2000	             -331
  643.4000	             -359
  643.6000	             -382
  643.8000	             -331
  644.0000	             -331
  644.2000	             -365
  644.4000	             -312
  644.6000	             -376
  644.8000	             -318
  645.0000	             -368
  645.2000	             -373
  645.4000	             -357
  645.6000	             -298
  645.8000	             -312
  646.0000	             -367
  646.2000	             -361
  646.4000	             -381
  646.6000	             -318
  646.8000	             -303
  647.0000	             -380
  647.2000	             -303
  647.4000	             -378
  647.6000	             -388
  647.8000	             -383
  648.0000	             -387
  648.2000	             -351
  648.4000	             -363
  648.6000	             -372
  648.8000	             -385
  649.0000	             -372
  649.2000	             -370
  649.4000	             -393
  649.6000	             -346
  649.8000	             -365
  650.0000	             -367
  650.2000	             -359
  650.4000	             -363
  650.6000	             -321
  650.8000	             -342
  651.0000	             -321
  651.2000	             -313
  651.4000	             -364
  651.6000	             -338
  651.8000	             -352
  652.0000	             -323
  652.2000	             -369
  652.4000	             -351
  652.6000	             -306
  652.8000	             -308
  653.0000	             -384
  653.2000	             -356
  653.4000	             -328
  653.6000	             -353
  653.8000	             -377
  654.0000	             -328
  654.2000	             -328
  654.4000	             -308
  654.6000	             -336
  654.8000	             -382
  655.0000	             -361
  655.2000	             -379
  655.4000	             -382
  655.6000	             -372
  655.8000	             -369
  656.0000	             -311
  656.2000	             -385
  656.4000	             -356
  656.6000	             -359
  656.8000	             -356
  657.0000	             -388
  657.2000	             -312
  657.4000	             -362
  657.6000	             -338
  657.8000	             -367
  658.0000	             -328
  658.2000	             -317
  658.4000	             -329
  658.6000	             -306
  658.8000	             -311
  659.0000	             -355
  659.2000	             -347
  659.4000	             -283
  659.6000	             -284
  659.8000	             -347
  660.0000	             -304
  660.2000	             -334
  660.4000	             -332
  660.6000	             -319
  660.8000	             -318
  661.0000	             -294
  661.2000	             -322
  661.4000	             -352
  661.6000	             -301
  661.8000	             -365
  662.0000	             -316
  662.2000	             -280
  662.4000	             -328
  662.6000	             -386
  662.8000	             -350
  663.0000	             -377
  663.2000	             -319
  663.4000	             -359
  663.6000	             -354
  663.8000	             -350
  664.0000	             -317
  664.2000	             -372
  664.4000	             -379
  664.6000	             -311
  664.8000	             -335
  665.0000	             -380
  665.2000	             -364
  665.4000	             -372
  665.6000	             -317
  665.8000	             -344
  666.0000	             -352
  666.2000	             -318
  666.4000	             -313
  666.6000	             -321
  666.8000	             -296
  667.0000	             -313
  667.2000	             -307
  667.4000	             -317
  667.6000	             -342
  667.8000	             -322
  668.0000	             -339
  668.2000	             -356
  668.4000	             -304
  668.6000	             -349
  668.8000	             -307
  669.0000	             -346
  669.2000	             -347
  669.4000	             -317
  669.6000	             -359
  669.8000	             -319
  670.0000	             -350
  670.2000	             -301
  670.4000	             -279
  670.6000	             -334
  670.8000	             -339
  671.0000	             -382
  671.2000	             -356
  671.4000	             -365
  671.6000	             -341
  671.8000	             -318
  672.0000	             -378
  672.2000	             -301
  672.4000	             -389
  672.6000	             -323
  672.8000	             -350
  673.0000	             -370
  673.2000	             -351
  673.4000	             -375
  673.6000	             -394
  673.8000	             -382
  674.0000	             -331
  674.2000	             -354
  674.4000	             -376
  674.6000	             -323
  674.8000	             -369
  675.0000	             -332
  675.2000	             -354
  675.4000	             -364
  675.6000	             -348
  675.8000	             -365
  676.0000	             -360
  676.2000	             -327
  676.4000	             -330
  676.6000	             -323
  676.8000	             -321
  677.0000	             -377
  677.2000	             -319
  677.4000	             -382
  677.6000	             -315
  677.8000	             -291
  678.0000	             -361
  678.2000	             -323
  678.4000	             -301
  678.6000	             -374
  678.8000	             -286
  679.0000	             -373
  679.2000	             -380
  679.4000	             -388
  679.6000	             -362
  679.8000	             -343
  680.0000	             -362
  680.2000	             -350
  680.4000	             -372
  680.6000	             -343
  680.8000	             -382
  681.0000	             -386
  681.2000	             -383
  681.4000	             -351
  681.6000	             -404
  681.8000	             -362
  682.0000	             -373
  682.2000	             -388
  682.4000	             -373
  682.6000	             -375
  682.8000	             -370
  683.0000	             -372
  683.2000	             -349
  683.4000	             -364
  683.6000	             -359
  683.8000	             -354
  684.0000	             -390
  684.2000	             -377
  684.4000	             -384
  684.6000	             -388
  684.8000	             -378
  685.0000	             -354
  685.2000	             -359
  685.4000	             -342
  685.6000	             -378
  685.8000	             -314
  686.0000	             -377
  686.2000	             -364
  686.4000	             -377
  686.6000	             -323
  686.8000	             -354
  687.0000	             -348
  687.2000	             -306
  687.4000	             -365
  687.6000	             -351
  687.8000	             -378
  688.0000	             -382
  688.2000	             -385
  688.4000	             -370
  688.6000	             -383
  688.8000	             -389
  689.0000	             -350
  689.2000	             -351
  689.4000	             -387
  689.6000	             -366
  689.8000	             -336
  690.0000	             -383
  690.2000	             -373
  690.4000	             -355
  690.6000	             -376
  690.8000	             -368
  691.0000	             -354
  691.2000	             -393
  691.4000	             -345
  691.6000	             -373
  691.8000	             -356
  692.0000	             -356
  692.2000	             -384
  692.4000	             -386
  692.6000	             -403
  692.8000	             -353
  693.0000	             -329
  693.2000	             -322
  693.4000	             -356
  693.6000	             -353
  693.8000	             -359
  694.0000	             -351
  694.2000	             -356
  694.4000	             -378
  694.6000	             -393
  694.8000	             -373
  695.0000	             -388
  695.2000	             -375
  695.4000	             -360
  695.6000	             -372
  695.8000	             -353
  696.0000	             -344
  696.2000	             -369
  696.4000	             -377
  696.6000	              281
  696.8000	             -377
  697.0000	             -378
  697.2000	             -353
  697.4000	             -382
  697.6000	             -371
  697.8000	             -377
  698.0000	             -390
  698.2000	             -356
  698.4000	             -391
  698.6000	             -348
  698.8000	             -361
  699.0000	             -382
  699.2000	             -389
  699.4000	             -359
  699.6000	             -388
  699.8000	             -373
  700.0000	             -311
  700.2000	             -344
  700.4000	             -382
  700.6000	             -372
  700.8000	             -362
  701.0000	             -379
  701.2000	             -378
  701.4000	             -375
  701.6000	             -328
  701.8000	             -386
  702.0000	             -388
  702.2000	             -373
  702.4000	             -353
  702.6000	             -356
  702.8000	             -367
  703.0000	             -325
  703.2000	             -364
  703.4000	             -359
  703.6000	             -367
  703.8000	             -363
  704.0000	             -370
  704.2000	             -332
  704.4000	             -375
  704.6000	             -363
  704.8000	             -382
  705.0000	             -365
  705.2000	             -390
  705.4000	             -353
  705.6000	             -350
  705.8000	             -367
  706.0000	             -369
  706.2000	             -364
  706.4000	             -372
  706.6000	             -240
  706.8000	             -311
  707.0000	             -356
  707.2000	             -371
  707.4000	             -322
  707.6000	             -352
  707.8000	             -389
  708.0000	             -331
  708.2000	             -359
  708.4000	             -378
  708.6000	             -379
  708.8000	             -388
  709.0000	             -378
  709.2000	             -389
  709.4000	             -356
  709.6000	             -392
  709.8000	             -385
  710.0000	             -355
  710.2000	             -362
  710.4000	             -356
  710.6000	             -382
  710.8000	             -359
  711.0000	             -379
  711.2000	             -382
  711.4000	             -376
  711.6000	             -370
  711.8000	             -356
  712.0000	             -356
  712.2000	             -384
  712.4000	             -356
  712.6000	             -377
  712.8000	             -398
  713.0000	             -368
  713.2000	             -356
  713.4000	             -397
  713.6000	             -378
  713.8000	             -311
  714.0000	             -323
  714.2000	             -358
  714.4000	             -342
  714.6000	             -350
  714.8000	             -373
  715.0000	             -345
  715.2000	             -356
  715.4000	             -368
  715.6000	             -379
  715.8000	             -318
  716.0000	             -379
  716.2000	             -390
  716.4000	             -351
  716.6000	             -388
  716.8000	             -332
  717.0000	             -393
  717.2000	             -386
  717.4000	             -382
  717.6000	             -372
  717.8000	             -380
  718.0000	             -357
  718.2000	             -388
  718.4000	             -381
  718.6000	             -362
  718.8000	             -390
  719.0000	             -388
  719.2000	             -350
  719.4000	             -393
  719.6000	             -391
  719.8000	             -354
  720.0000	             -358
  720.2000	             -377
  720.4000	             -334
  720.6000	             -328
  720.8000	             -303
  721.0000	             -389
  721.2000	             -392
  721.4000	             -356
  721.6000	             -388
  721.8000	             -387
  722.0000	             -376
  722.2000	             -375
  722.4000	             -359
  722.6000	             -382
  722.8000	             -331
  723.0000	             -345
  723.2000	             -333
  723.4000	             -354
  723.6000	             -382
  723.8000	             -357
  724.0000	             -375
  724.2000	             -357
  724.4000	             -362
  724.6000	             -368
  724.8000	             -376
  725.0000	             -350
  725.2000	             -323
  725.4000	             -362
  725.6000	             -370
  725.8000	             -374
  726.0000	             -329
  726.2000	             -377
  726.4000	             -356
  726.6000	             -333
  726.8000	             -321
  727.0000	             -370
  727.2000	             -233
  727.4000	             -375
  727.6000	             -371
  727.8000	             -362
  728.0000	             -351
  728.2000	             -384
  728.4000	             -348
  728.6000	             -370
  728.8000	             -317
  729.0000	             -338
  729.2000	             -388
  729.4000	             -359
  729.6000	             -303
  729.8000	             -362
  730.0000	             -378
  730.2000	             -389
  730.4000	             -327
  730.6000	             -370
  730.8000	             -383
  731.0000	             -321
  731.2000	             -375
  731.4000	             -382
  731.6000	             -334
  731.8000	             -368
  732.0000	             -371
  732.2000	             -374
  732.4000	             -365
  732.6000	             -370
  732.8000	             -319
  733.0000	             -387
  733.2000	             -359
  733.4000	             -367
  733.6000	             -374
  733.8000	             -313
  734.0000	             -318
  734.2000	             -342
  734.4000	             -327
  734.6000	             -343
  734.8000	             -359
  735.0000	             -346
  735.2000	             -359
  735.4000	             -359
  735.6000	             -321
  735.8000	             -372
  736.0000	             -359
  736.2000	             -365
  736.4000	             -338
  736.6000	             -365
  736.8000	             -368
  737.0000	             -341
  737.2000	             -295
  737.4000	             -314
  737.6000	             -331
  737.8000	             -378
  738.0000	             -375
  738.2000	             -370
  738.4000	              759
  738.6000	             -343
  738.8000	             -334
  739.0000	             -373
  739.2000	             -379
  739.4000	             -351
  739.6000	             -370
  739.8000	             -333
  740.0000	             -352
  740.2000	             -382
  740.4000	             -352
  740.6000	             -347
  740.8000	             -366
  741.0000	             -356
  741.2000	             -365
  741.4000	             -375
  741.6000	             -351
  741.8000	             -362
  742.0000	             -358
  742.2000	             -372
  742.4000	             -378
  742.6000	             -371
  742.8000	             -380
  743.0000	             -370
  743.2000	             -382
  743.4000	             -366
  743.6000	             -334
  743.8000	             -314
  744.0000	             -333
  744.2000	             -361
  744.4000	             -370
  744.6000	             -374
  744.8000	             -369
  745.0000	             -375
  745.2000	             -337
  745.4000	             -347
  745.6000	             -359
  745.8000	             -366
  746.0000	             -341
  746.2000	             -325
  746.4000	             -316
  746.6000	             -300
  746.8000	             -354
  747.0000	             -375
  747.2000	             -346
  747.4000	             -315
  747.6000	             -365
  747.8000	             -334
  748.0000	             -302
  748.2000	             -324
  748.4000	             -375
  748.6000	             -351
  748.8000	             -350
  749.0000	             -336
  749.2000	             -367
  749.4000	             -333
  749.6000	             -372
  749.8000	             -371
  750.0000	             -334
  750.2000	             -281
  750.4000	             5413
  750.6000	             -314
  750.8000	             -352
  751.0000	             -368
  751.2000	             -372
  751.4000	             1063
  751.6000	             -375
  751.8000	             -366
  752.0000	             -370
  752.2000	             -382
  752.4000	             -355
  752.6000	             -379
  752.8000	             -375
  753.0000	             -307
  753.2000	             -356
  753.4000	             -348
  753.6000	             -352
  753.8000	             -385
  754.0000	             -356
  754.2000	             -364
  754.4000	             -344
  754.6000	             -328
  754.8000	             -328
  755.0000	             -359
  755.2000	             -374
  755.4000	             -389
  755.6000	             -371
  755.8000	             -356
  756.0000	             -348
  756.2000	             -372
  756.4000	             -323
  756.6000	             -359
  756.8000	             -363
  757.0000	             -382
  757.2000	             -352
  757.4000	             -333
  757.6000	             -344
  757.8000	             -294
  758.0000	             -330
  758.2000	             -363
  758.4000	             -337
  758.6000	             -318
  758.8000	             -350
  759.0000	             -352
  759.2000	             -325
  759.4000	             -401
  759.6000	             -369
  759.8000	             -351
  760.0000	             -351
  760.2000	             -314
  760.4000	             -301
  760.6000	             -323
  760.8000	             -349
  761.0000	             -352
  761.2000	             -318
  761.4000	             -382
  761.6000	             -371
  761.8000	             -323
  762.0000	             -364
  762.2000	             -350
  762.4000	             -345
  762.6000	             -298
  762.8000	             -377
  763.0000	             -356
  763.2000	             -321
  763.4000	              476
  763.6000	             -330
  763.8000	             -369
  764.0000	             -350
  764.2000	             -343
  764.4000	             -350
  764.6000	             -356
  764.8000	             -362
  765.0000	             -303
  765.2000	             -363
  765.4000	             -370
  765.6000	             -353
  765.8000	             -356
  766.0000	             -335
  766.2000	             -350
  766.4000	             -381
  766.6000	             -336
  766.8000	             -380
  767.0000	             -389
  767.2000	             -320
  767.4000	             -345
  767.6000	             -362
  767.8000	             -369
  768.0000	             -369
  768.2000	             -316
  768.4000	             -340
  768.6000	             -328
  768.8000	             -318
  769.0000	             -332
  769.2000	             -321
  769.4000	             -364
  769.6000	             -330
  769.8000	             -376
  770.0000	             -354
  770.2000	             -301
  770.4000	             -359
  770.6000	             -274
  770.8000	             -351
  771.0000	             -313
  771.2000	             -314
  771.4000	             -362
  771.6000	             -380
  771.8000	             -309
  772.0000	             -333
  772.2000	             -295
  772.4000	             1298
  772.6000	             -291
  772.8000	             -333
  773.0000	             -260
  773.2000	             -319
  773.4000	             -345
  773.6000	             -355
  773.8000	             -308
  774.0000	             -344
  774.2000	             -369
  774.4000	             -344
  774.6000	             -316
  774.8000	             -324
  775.0000	             -342
  775.2000	             -292
  775.4000	             -374
  775.6000	             -382
  775.8000	             -351
  776.0000	             -378
  776.2000	             -372
  776.4000	             -329
  776.6000	             -337
  776.8000	             -321
  777.0000	             -335
  777.2000	             -333
  777.4000	             -376
  777.6000	             -389
  777.8000	             -387
  778.0000	             -387
  778.2000	             -391
  778.4000	             -356
  778.6000	             -383
  778.8000	             -370
  779.0000	             -332
  779.2000	             -344
  779.4000	             -327
  779.6000	             -356
  779.8000	             -363
  780.0000	             -361
  780.2000	             -356
  780.4000	             -395
  780.6000	             -372
  780.8000	             -388
  781.0000	             -367
  781.2000	             -382
  781.4000	             -386
  781.6000	             -388
  781.8000	             -356
  782.0000	             -375
  782.2000	             -393
  782.4000	             -352
  782.6000	             -363
  782.8000	             -356
  783.0000	             -372
  783.2000	             -356
  783.4000	             -383
  783.6000	             -327
  783.8000	             -372
  784.0000	             -390
  784.2000	             -372
  784.4000	             -356
  784.6000	             -353
  784.8000	             -348
  785.0000	             -351
  785.2000	             -380
  785.4000	             -365
  785.6000	             -352
  785.8000	             -380
  786.0000	             -356
  786.2000	             -389
  786.4000	             -384
  786.6000	             -369
  786.8000	             -322
  787.0000	             -361
  787.2000	             -363
  787.4000	             -377
  787.6000	             -392
  787.8000	             -384
  788.0000	             -363
  788.2000	             -361
  788.4000	             -385
  788.6000	             -346
  788.8000	             -390
  789.0000	             -362
  789.2000	             -390
  789.4000	             -373
  789.6000	             -379
  789.8000	             -366
  790.0000	             -344
  790.2000	             -380
  790.4000	             -379
  790.6000	             -395
  790.8000	             -367
  791.0000	             -393
  791.2000	             -332
  791.4000	             -386
  791.6000	             -371
  791.8000	             -378
  792.0000	             -392
  792.2000	             -371
  792.4000	             -379
  792.6000	             -366
  792.8000	             -356
  793.0000	             -372
  793.2000	             -354
  793.4000	             -356
  793.6000	             -387
  793.8000	             -375
  794.0000	             -356
  794.2000	             -363
  794.4000	             -378
  794.6000	             -364
  794.8000	              532
  795.0000	             -382
  795.2000	             -353
  795.4000	             -388
  795.6000	             -378
  795.8000	             -395
  796.0000	             -356
  796.2000	             -384
  796.4000	             -352
  796.6000	             -386
  796.8000	             -364
  797.0000	             -378
  797.2000	             -372
  797.4000	             -379
  797.6000	             -359
  797.8000	             -399
  798.0000	             -369
  798.2000	             -368
  798.4000	             -378
  798.6000	             -387
  798.8000	             -382
  799.0000	             -355
  799.2000	             -379
  799.4000	             -356
  799.6000	             -362
  799.8000	             -343
  800.0000	             -356
  800.2000	             -389
  800.4000	             -386
  800.6000	              146
  800.8000	             -353
  801.0000	             -350
  801.2000	             -328
  801.4000	               -6
  801.6000	             -377
  801.8000	             -382
  802.0000	             -373
  802.2000	             -354
  802.4000	             -367
  802.6000	             -363
  802.8000	             -351
  803.0000	             -327
  803.2000	             -363
  803.4000	             -356
  803.6000	             -369
  803.8000	             -388
  804.0000	             -362
  804.2000	             -351
  804.4000	             -346
  804.6000	             -365
  804.8000	             -350
  805.0000	             -369
