  600.0000	             -408
  600.2000	             -393
  600.4000	             -393
  600.6000	             -398
  600.8000	             -433
  601.0000	             -383
  601.2000	             -371
  601.4000	             -425
  601.6000	             -421
  601.8000	             -407
  602.0000	             -414
  602.2000	             -363
  602.4000	             -396
  602.6000	             -418
  602.8000	             -420
  603.0000	             -391
  603.2000	             -346
  603.4000	             -410
  603.6000	             -438
  603.8000	             -432
  604.0000	             -391
  604.2000	             -383
  604.4000	             -361
  604.6000	             -399
  604.8000	             -410
  605.0000	             -370
  605.2000	             -397
  605.4000	             -387
  605.6000	             -424
  605.8000	             -410
  606.0000	             -355
  606.2000	             -382
  606.4000	             -387
  606.6000	             -432
  606.8000	             -379
  607.0000	             -391
  607.2000	             -411
  607.4000	             -404
  607.6000	             -404
  607.8000	             -391
  608.0000	             -397
  608.2000	             -397
  608.4000	             -395
  608.6000	             -420
  608.8000	             -434
  609.0000	             -393
  609.2000	             -404
  609.4000	             -424
  609.6000	             -412
  609.8000	             -381
  610.0000	             -397
  610.2000	             -397
  610.4000	             -394
  610.6000	             -399
  610.8000	             -404
  611.0000	             -397
  611.2000	             -403
  611.4000	             -402
  611.6000	             -400
  611.8000	             -432
  612.0000	             -400
  612.2000	             -382
  612.4000	             -410
  612.6000	             -424
  612.8000	             -412
  613.0000	             -418
  613.2000	             -418
  613.4000	             -415
  613.6000	             -426
  613.8000	             -395
  614.0000	             -384
  614.2000	             -414
  614.4000	             -413
  614.6000	             -409
  614.8000	             -414
  615.0000	             -404
  615.2000	             -416
  615.4000	             -422
  615.6000	             -424
  615.8000	             -420
  616.0000	             -418
  616.2000	             -400
  616.4000	             -397
  616.6000	             -394
  616.8000	             -407
  617.0000	             -428
  617.2000	             -379
  617.4000	             -414
  617.6000	             -404
  617.8000	             -410
  618.0000	             -439
  618.2000	             -422
  618.4000	             -422
  618.6000	             -396
  618.8000	             -425
  619.0000	             -376
  619.2000	             -416
  619.4000	             -414
  619.6000	             -411
  619.8000	             -406
  620.0000	             -420
  620.2000	             -414
  620.4000	             -418
  620.6000	             -411
  620.8000	             -404
  621.0000	             -418
  621.2000	             -410
  621.4000	             -428
  621.6000	             -422
  621.8000	             -404
  622.0000	             -369
  622.2000	             -404
  622.4000	             -407
  622.6000	             -392
  622.8000	             -418
  623.0000	             -396
  623.2000	             -419
  623.4000	             -422
  623.6000	             -420
  623.8000	             -422
  624.0000	             -378
  624.2000	             -378
  624.4000	             -377
  624.6000	             -430
  624.8000	             -404
  625.0000	             -359
  625.2000	             -434
  625.4000	             -418
  625.6000	             -400
  625.8000	             -410
  626.0000	             -407
  626.2000	             -396
  626.4000	             -416
  626.6000	             -420
  626.8000	             -430
  627.0000	             -421
  627.2000	             -396
  627.4000	             -407
  627.6000	             -418
  627.8000	             -409
  628.0000	             -406
  628.2000	             -420
  628.4000	             -423
  628.6000	             -413
  628.8000	             -421
  629.0000	             -380
  629.2000	             -401
  629.4000	             -403
  629.6000	             -391
  629.8000	             -376
  630.0000	             -402
  630.2000	             -436
  630.4000	             -397
  630.6000	             -420
  630.8000	             -397
  631.0000	             -371
  631.2000	             -365
  631.4000	             -415
  631.6000	             -413
  631.8000	             -358
  632.0000	             -357
  632.2000	             -362
  632.4000	             -408
  632.6000	             -376
  632.8000	             -403
  633.0000	             -418
  633.2000	             -406
  633.4000	             -392
  633.6000	             -395
  633.8000	             -429
  634.0000	             -421
  634.2000	             -419
  634.4000	             -407
  634.6000	             -395
  634.8000	             -414
  635.0000	             -416
  635.2000	             -432
  635.4000	             -414
  635.6000	             -410
  635.8000	             -391
  636.0000	             -422
  636.2000	             -376
  636.4000	             -363
  636.6000	             -362
  636.8000	             -376
  637.0000	             -394
  637.2000	             -397
  637.4000	             -436
  637.6000	             -421
  637.8000	             -415
  638.0000	             -364
  638.2000	             -394
  638.4000	             -422
  638.6000	             -419
  638.8000	             -398
  639.0000	             -397
  639.2000	             -414
  639.4000	             -386
  639.6000	             -397
  639.8000	             -400
  640.0000	             -395
  640.2000	             -397
  640.4000	             -396
  640.6000	             -439
  640.8000	             -422
  641.0000	             -407
  641.2000	             -426
  641.4000	             -420
  641.6000	             -394
  641.8000	             -391
  642.0000	             -432
  642.2000	             -401
  642.4000	             -397
  642.6000	             -351
  642.8000	             -438
  643.0000	             -421
  643.2000	             -386
  643.4000	             -406
  643.6000	             -380
  643.8000	             -408
  644.0000	             -412
  644.2000	             -415
  644.4000	             -432
  644.6000	             -391
  644.8000	             -394
  645.0000	             -415
  645.2000	             -372
  645.4000	             -391
  645.6000	             -384
  645.8000	             -394
  646.0000	             -432
  646.2000	             -376
  646.4000	             -421
  646.6000	             -390
  646.8000	             -376
  647.0000	             -424
  647.2000	             -433
  647.4000	             -417
  647.6000	             -433
  647.8000	             -420
  648.0000	             -365
  648.2000	             -413
  648.4000	             -425
  648.6000	             -397
  648.8000	             -407
  649.0000	             -421
  649.2000	             -397
  649.4000	             -410
  649.6000	             -401
  649.8000	             -407
  650.0000	             -425
  650.2000	             -420
  650.4000	             -373
  650.6000	             -392
  650.8000	             -374
  651.0000	             -400
  651.2000	             -400
  651.4000	             -344
  651.6000	             -379
  651.8000	             -368
  652.0000	             -421
  652.2000	             -345
  652.4000	             -379
  652.6000	             -342
  652.8000	             -399
  653.0000	             -432
  653.2000	             -378
  653.4000	             -301
  653.6000	             -432
  653.8000	             -391
  654.0000	             -376
  654.2000	             -382
  654.4000	             -347
  654.6000	             -403
  654.8000	             -412
  655.0000	             -419
  655.2000	             -412
  655.4000	             -402
  655.6000	             -400
  655.8000	             -412
  656.0000	             -425
  656.2000	             -406
  656.4000	             -402
  656.6000	             -390
  656.8000	             -418
  657.0000	             -410
  657.2000	             -398
  657.4000	             -425
  657.6000	             -408
  657.8000	             -373
  658.0000	             -408
  658.2000	             -371
  658.4000	             -393
  658.6000	             -398
  658.8000	             -380
  659.0000	             -382
  659.2000	             -383
  659.4000	             -350
  659.6000	             -365
  659.8000	             -361
  660.0000	             -392
  660.2000	             -388
  660.4000	             -380
  660.6000	             -356
  660.8000	             -386
  661.0000	             -363
  661.2000	             -327
  661.4000	             -373
  661.6000	             -366
  661.8000	             -416
  662.0000	             -386
  662.2000	             -336
  662.4000	             -421
  662.6000	             -407
  662.8000	             -413
  663.0000	             -397
  663.2000	             -391
  663.4000	             -393
  663.6000	             -419
  663.8000	             -425
  664.0000	             -350
  664.2000	             -421
  664.4000	             -393
  664.6000	             -386
  664.8000	             -383
  665.0000	             -422
  665.2000	             -420
  665.4000	             -356
  665.6000	             -401
  665.8000	             -391
  666.0000	             -363
  666.2000	             -425
  666.4000	             -406
  666.6000	             -396
  666.8000	             -385
  667.0000	             -384
  667.2000	             -360
  667.4000	             -301
  667.6000	             -351
  667.8000	             -416
  668.0000	             -364
  668.2000	             -401
  668.4000	             -387
  668.6000	             -386
  668.8000	             -307
  669.0000	             -409
  669.2000	             -371
  669.4000	             -366
  669.6000	             -392
  669.8000	             -391
  670.0000	             -363
  670.2000	             -406
  670.4000	             -348
  670.6000	             -427
  670.8000	             -437
  671.0000	             -420
  671.2000	             -418
  671.4000	             -426
  671.6000	             -438
  671.8000	             -419
  672.0000	             -432
  672.2000	             -413
  672.4000	             -417
  672.6000	             -401
  672.8000	             -432
  673.0000	             -404
  673.2000	             -422
  673.4000	             -426
  673.6000	             -419
  673.8000	             -397
  674.0000	             -392
  674.2000	             -369
  674.4000	             -365
  674.6000	             -361
  674.8000	             -419
  675.0000	             -405
  675.2000	             -412
  675.4000	             -370
  675.6000	             -371
  675.8000	             -384
  676.0000	             -373
  676.2000	             -422
  676.4000	             -393
  676.6000	             -365
  676.8000	             -379
  677.0000	             -364
  677.2000	             -386
  677.4000	             -412
  677.6000	             -351
  677.8000	             -313
  678.0000	             -393
  678.2000	             -421
  678.4000	             -391
  678.6000	             -389
  678.8000	             -350
  679.0000	             -411
  679.2000	             -424
  679.4000	             -406
  679.6000	             -404
  679.8000	             -421
  680.0000	             -371
  680.2000	             -407
  680.4000	             -410
  680.6000	             -410
  680.8000	             -414
  681.0000	             -424
  681.2000	             -395
  681.4000	             -407
  681.6000	             -418
  681.8000	             -391
  682.0000	             -405
  682.2000	             -403
  682.4000	             -406
  682.6000	             -418
  682.8000	             -425
  683.0000	             -391
  683.2000	             -430
  683.4000	             -418
  683.6000	             -427
  683.8000	             -439
  684.0000	             -426
  684.2000	             -433
  684.4000	             -362
  684.6000	             -393
  684.8000	             -436
  685.0000	             -425
  685.2000	             -404
  685.4000	             -378
  685.6000	             -390
  685.8000	             -411
  686.0000	             -406
  686.2000	             -432
  686.4000	             -391
  686.6000	             -421
  686.8000	             -410
  687.0000	             -418
  687.2000	             -405
  687.4000	             -365
  687.6000	             -348
  687.8000	             -411
  688.0000	             -439
  688.2000	             -397
  688.4000	             -416
  688.6000	             -397
  688.8000	             -447
  689.0000	             -382
  689.2000	             -409
  689.4000	             -416
  689.6000	             -441
  689.8000	             -403
  690.0000	             -401
  690.2000	             -427
  690.4000	             -412
  690.6000	             -422
  690.8000	             -414
  691.0000	             -432
  691.2000	             -434
  691.4000	             -393
  691.6000	             -426
  691.8000	             -416
  692.0000	             -427
  692.2000	             -416
  692.4000	             -418
  692.6000	             -421
  692.8000	             -409
  693.0000	             -404
  693.2000	             -409
  693.4000	             -408
  693.6000	             -412
  693.8000	             -415
  694.0000	             -428
  694.2000	             -416
  694.4000	             -404
  694.6000	             -404
  694.8000	             -436
  695.0000	             -409
  695.2000	             -418
  695.4000	             -367
  695.6000	             -418
  695.8000	             -421
  696.0000	             -416
  696.2000	             -374
  696.4000	             -370
  696.6000	              218
  696.8000	             -412
  697.0000	             -414
  697.2000	             -417
  697.4000	             -413
  697.6000	             -418
  697.8000	             -398
  698.0000	             -411
  698.2000	             -396
  698.4000	             -414
  698.6000	             -428
  698.8000	             -428
  699.0000	             -395
  699.2000	             -403
  699.4000	             -416
  699.6000	             -425
  699.8000	             -419
  700.0000	             -396
  700.2000	             -382
  700.4000	             -399
  700.6000	             -422
  700.8000	             -409
  701.0000	             -421
  701.2000	             -407
  701.4000	             -422
  701.6000	             -395
  701.8000	             -416
  702.0000	             -428
  702.2000	             -397
  702.4000	             -410
  702.6000	             -397
  702.8000	             -418
  703.0000	             -409
  703.2000	             -404
  703.4000	             -411
  703.6000	             -390
  703.8000	             -416
  704.0000	             -411
  704.2000	             -425
  704.4000	             -415
  704.6000	             -404
  704.8000	             -418
  705.0000	             -425
  705.2000	             -367
  705.4000	             -416
  705.6000	             -426
  705.8000	             -397
  706.0000	             -405
  706.2000	             -424
  706.4000	             -377
  706.6000	             -281
  706.8000	             -378
  707.0000	             -382
  707.2000	             -397
  707.4000	             -404
  707.6000	             -413
  707.8000	             -408
  708.0000	             -414
  708.2000	             -416
  708.4000	             -414
  708.6000	             -405
  708.8000	             -411
  709.0000	             -414
  709.2000	             -384
  709.4000	             -419
  709.6000	             -419
  709.8000	             -429
  710.0000	             -421
  710.2000	             -432
  710.4000	             -413
  710.6000	             -433
  710.8000	             -397
  711.0000	             -420
  711.2000	             -422
  711.4000	             -414
  711.6000	             -411
  711.8000	             -416
  712.0000	             -416
  712.2000	             -358
  712.4000	             -411
  712.6000	             -415
  712.8000	             -404
  713.0000	             -396
  713.2000	             -399
  713.4000	             -404
  713.6000	             -432
  713.8000	             -404
  714.0000	             -385
  714.2000	             -433
  714.4000	             -433
  714.6000	             -369
  714.8000	             -411
  715.0000	             -426
  715.2000	             -423
  715.4000	             -395
  715.6000	             -414
  715.8000	             -414
  716.0000	             -416
  716.2000	             -416
  716.4000	             -422
  716.6000	             -411
  716.8000	             -397
  717.0000	             -412
  717.2000	             -391
  717.4000	             -438
  717.6000	             -432
  717.8000	             -424
  718.0000	             -396
  718.2000	             -404
  718.4000	             -408
  718.6000	             -404
  718.8000	             -439
  719.0000	             -426
  719.2000	             -395
  719.4000	             -431
  719.6000	             -404
  719.8000	             -416
  720.0000	             -416
  720.2000	             -438
  720.4000	             -399
  720.6000	             -418
  720.8000	             -406
  721.0000	             -439
  721.2000	             -415
  721.4000	             -393
  721.6000	             -425
  721.8000	             -414
  722.0000	             -406
  722.2000	             -417
  722.4000	             -425
  722.6000	             -404
  722.8000	             -436
  723.0000	             -412
  723.2000	             -419
  723.4000	             -406
  723.6000	             -396
  723.8000	             -377
  724.0000	             -404
  724.2000	             -418
  724.4000	             -421
  724.6000	             -402
  724.8000	             -397
  725.0000	             -421
  725.2000	             -383
  725.4000	             -437
  725.6000	             -413
  725.8000	             -412
  726.0000	             -426
  726.2000	             -370
  726.4000	             -417
  726.6000	             -420
  726.8000	             -403
  727.0000	             -406
  727.2000	             -329
  727.4000	             -365
  727.6000	             -406
  727.8000	             -414
  728.0000	             -430
  728.2000	             -425
  728.4000	             -406
  728.6000	             -413
  728.8000	             -391
  729.0000	             -397
  729.2000	             -361
  729.4000	             -411
  729.6000	             -395
  729.8000	             -406
  730.0000	             -416
  730.2000	             -397
  730.4000	             -388
  730.6000	             -420
  730.8000	             -410
  731.0000	             -411
  731.2000	             -391
  731.4000	             -437
  731.6000	             -432
  731.8000	             -384
  732.0000	             -382
  732.2000	             -407
  732.4000	             -410
  732.6000	             -431
  732.8000	             -420
  733.0000	             -408
  733.2000	             -425
  733.4000	             -404
  733.6000	             -423
  733.8000	             -356
  734.0000	             -405
  734.2000	             -422
  734.4000	             -377
  734.6000	             -407
  734.8000	             -377
  735.0000	             -412
  735.2000	             -391
  735.4000	             -412
  735.6000	             -377
  735.8000	             -419
  736.0000	             -402
  736.2000	             -356
  736.4000	             -425
  736.6000	             -413
  736.8000	             -418
  737.0000	             -356
  737.2000	             -393
  737.4000	             -398
  737.6000	             -430
  737.8000	             -418
  738.0000	             -379
  738.2000	             -411
  738.4000	              742
  738.6000	             -376
  738.8000	             -405
  739.0000	             -410
  739.2000	             -395
  739.4000	             -424
  739.6000	             -415
  739.8000	             -403
  740.0000	             -412
  740.2000	             -399
  740.4000	             -371
  740.6000	             -406
  740.8000	             -407
  741.0000	             -397
  741.2000	             -404
  741.4000	             -412
  741.6000	             -419
  741.8000	             -424
  742.0000	             -418
  742.2000	             -420
  742.4000	             -435
  742.6000	             -407
  742.8000	             -369
  743.0000	             -410
  743.2000	             -407
  743.4000	             -401
  743.6000	             -400
  743.8000	             -397
  744.0000	             -374
  744.2000	             -383
  744.4000	             -424
  744.6000	             -404
  744.8000	             -407
  745.0000	             -400
  745.2000	             -365
  745.4000	             -426
  745.6000	             -363
  745.8000	             -391
  746.0000	             -389
  746.2000	             -365
  746.4000	             -424
  746.6000	             -348
  746.8000	             -422
  747.0000	             -395
  747.2000	             -409
  747.4000	             -382
  747.6000	             -420
  747.8000	             -371
  748.0000	             -405
  748.2000	             -381
  748.4000	             -376
  748.6000	             -407
  748.8000	             -377
  749.0000	             -306
  749.2000	             -426
  749.4000	             -408
  749.6000	             -374
  749.8000	             -383
  750.0000	             -384
  750.2000	             -328
  750.4000	             5148
  750.6000	             -365
  750.8000	             -420
  751.0000	             -383
  751.2000	             -425
  751.4000	             1004
  751.6000	             -367
  751.8000	             -419
  752.0000	             -395
  752.2000	             -405
  752.4000	             -397
  752.6000	             -433
  752.8000	             -383
  753.0000	             -383
  753.2000	             -390
  753.4000	             -424
  753.6000	             -386
  753.8000	             -423
  754.0000	             -415
  754.2000	             -400
  754.4000	             -420
  754.6000	             -420
  754.8000	             -368
  755.0000	             -410
  755.2000	             -412
  755.4000	             -397
  755.6000	             -411
  755.8000	             -419
  756.0000	             -416
  756.2000	             -406
  756.4000	             -403
  756.6000	             -422
  756.8000	             -411
  757.0000	             -395
  757.2000	             -382
  757.4000	             -411
  757.6000	             -401
  757.8000	             -391
  758.0000	             -403
  758.2000	             -432
  758.4000	             -365
  758.6000	             -403
  758.8000	             -362
  759.0000	             -426
  759.2000	             -421
  759.4000	             -418
  759.6000	             -391
  759.8000	             -412
  760.0000	             -420
  760.2000	             -356
  760.4000	             -371
  760.6000	             -391
  760.8000	             -418
  761.0000	             -428
  761.2000	             -315
  761.4000	             -384
  761.6000	             -391
  761.8000	             -376
  762.0000	             -420
  762.2000	             -376
  762.4000	             -339
  762.6000	             -378
  762.8000	             -441
  763.0000	             -425
  763.2000	             -370
  763.4000	              460
  763.6000	             -368
  763.8000	             -401
  764.0000	             -416
  764.2000	             -426
  764.4000	             -433
  764.6000	             -421
  764.8000	             -406
  765.0000	             -414
  765.2000	             -404
  765.4000	             -426
  765.6000	             -418
  765.8000	             -415
  766.0000	             -410
  766.2000	             -401
  766.4000	             -397
  766.6000	             -428
  766.8000	             -429
  767.0000	             -420
  767.2000	             -397
  767.4000	             -420
  767.6000	             -362
  767.8000	             -406
  768.0000	             -363
  768.2000	             -410
  768.4000	             -426
  768.6000	             -410
  768.8000	             -397
  769.0000	             -413
  769.2000	             -400
  769.4000	             -389
  769.6000	             -368
  769.8000	             -391
  770.0000	             -396
  770.2000	             -327
  770.4000	             -363
  770.6000	             -389
  770.8000	             -380
  771.0000	             -358
  771.2000	             -359
  771.4000	             -375
  771.6000	             -400
  771.8000	             -380
  772.0000	             -397
  772.2000	             -402
  772.4000	             1197
  772.6000	             -351
  772.8000	             -365
  773.0000	             -318
  773.2000	             -423
  773.4000	             -370
  773.6000	             -386
  773.8000	             -364
  774.0000	             -339
  774.2000	             -410
  774.4000	             -390
  774.6000	             -376
  774.8000	             -396
  775.0000	             -367
  775.2000	             -338
  775.4000	             -375
  775.6000	             -397
  775.8000	             -428
  776.0000	             -415
  776.2000	             -405
  776.4000	             -420
  776.6000	             -418
  776.8000	             -423
  777.0000	             -371
  777.2000	             -408
  777.4000	             -380
  777.6000	             -439
  777.8000	             -397
  778.0000	             -416
  778.2000	             -417
  778.4000	             -421
  778.6000	             -421
  778.8000	             -424
  779.0000	             -416
  779.2000	             -432
  779.4000	             -414
  779.6000	             -426
  779.8000	             -404
  780.0000	             -414
  780.2000	             -409
  780.4000	             -409
  780.6000	             -424
  780.8000	             -418
  781.0000	             -412
  781.2000	             -386
  781.4000	             -411
  781.6000	             -404
  781.8000	             -432
  782.0000	             -405
  782.2000	             -430
  782.4000	             -382
  782.6000	             -406
  782.8000	             -420
  783.0000	             -412
  783.2000	             -423
  783.4000	             -410
  783.6000	             -425
  783.8000	             -362
  784.0000	             -414
  784.2000	             -432
  784.4000	             -415
  784.6000	             -407
  784.8000	             -404
  785.0000	             -414
  785.2000	             -411
  785.4000	             -369
  785.6000	             -436
  785.8000	             -418
  786.0000	             -414
  786.2000	             -424
  786.4000	             -404
  786.6000	             -404
  786.8000	             -428
  787.0000	             -407
  787.2000	             -418
  787.4000	             -421
  787.6000	             -409
  787.8000	             -418
  788.0000	             -424
  788.2000	             -404
  788.4000	             -425
  788.6000	             -410
  788.8000	             -439
  789.0000	             -405
  789.2000	             -408
  789.4000	             -414
  789.6000	             -418
  789.8000	             -419
  790.0000	             -423
  790.2000	             -411
  790.4000	             -419
  790.6000	             -416
  790.8000	             -419
  791.0000	             -414
  791.2000	             -415
  791.4000	             -404
  791.6000	             -401
  791.8000	             -415
  792.0000	             -409
  792.2000	             -401
  792.4000	             -424
  792.6000	             -419
  792.8000	             -413
  793.0000	             -421
  793.2000	             -448
  793.4000	             -416
  793.6000	             -419
  793.8000	             -414
  794.0000	             -433
  794.2000	             -427
  794.4000	             -427
  794.6000	             -410
  794.8000	              483
  795.0000	             -410
  795.2000	             -380
  795.4000	             -421
  795.6000	             -408
  795.8000	             -400
  796.0000	             -409
  796.2000	             -410
  796.4000	             -414
  796.6000	             -404
  796.8000	             -404
  797.0000	             -422
  797.2000	             -410
  797.4000	             -415
  797.6000	             -409
  797.8000	             -439
  798.0000	             -414
  798.2000	             -397
  798.4000	             -427
  798.6000	             -418
  798.8000	             -424
  799.0000	             -395
  799.2000	             -437
  799.4000	             -416
  799.6000	             -395
  799.8000	             -408
  800.0000	             -422
  800.2000	             -412
  800.4000	             -416
  800.6000	                4
  800.8000	             -431
  801.0000	             -441
  801.2000	             -419
  801.4000	              -46
  801.6000	             -411
  801.8000	             -416
  802.0000	             -404
  802.2000	             -421
  802.4000	             -437
  802.6000	             -441
  802.8000	             -414
  803.0000	             -404
  803.2000	             -434
  803.4000	             -397
  803.6000	             -432
  803.8000	             -414
  804.0000	             -414
  804.2000	             -414
  804.4000	             -407
  804.6000	             -404
  804.8000	             -407
  805.0000	             -437
