  600.0000	             -383
  600.2000	             -406
  600.4000	             -432
  600.6000	             -365
  600.8000	             -386
  601.0000	             -382
  601.2000	             -402
  601.4000	             -411
  601.6000	             -438
  601.8000	             -416
  602.0000	             -425
  602.2000	             -398
  602.4000	             -416
  602.6000	             -426
  602.8000	             -439
  603.0000	             -417
  603.2000	             -401
  603.4000	             -411
  603.6000	             -414
  603.8000	             -422
  604.0000	             -425
  604.2000	             -411
  604.4000	             -425
  604.6000	             -425
  604.8000	             -429
  605.0000	             -419
  605.2000	             -393
  605.4000	             -404
  605.6000	             -415
  605.8000	             -395
  606.0000	             -397
  606.2000	             -361
  606.4000	             -418
  606.6000	             -433
  606.8000	             -377
  607.0000	             -432
  607.2000	             -370
  607.4000	             -425
  607.6000	             -416
  607.8000	             -426
  608.0000	             -417
  608.2000	             -409
  608.4000	             -404
  608.6000	             -434
  608.8000	             -434
  609.0000	             -420
  609.2000	             -409
  609.4000	             -416
  609.6000	             -421
  609.8000	             -417
  610.0000	             -412
  610.2000	             -408
  610.4000	             -424
  610.6000	             -408
  610.8000	             -427
  611.0000	             -424
  611.2000	             -403
  611.4000	             -414
  611.6000	             -417
  611.8000	             -412
  612.0000	             -411
  612.2000	             -430
  612.4000	             -427
  612.6000	             -423
  612.8000	             -440
  613.0000	             -450
  613.2000	             -450
  613.4000	             -443
  613.6000	             -446
  613.8000	             -443
  614.0000	             -446
  614.2000	             -407
  614.4000	             -430
  614.6000	             -441
  614.8000	             -421
  615.0000	             -446
  615.2000	             -418
  615.4000	             -425
  615.6000	             -427
  615.8000	             -424
  616.0000	             -412
  616.2000	             -424
  616.4000	             -444
  616.6000	             -407
  616.8000	             -410
  617.0000	             -418
  617.2000	             -410
  617.4000	             -446
  617.6000	             -447
  617.8000	             -424
  618.0000	             -425
  618.2000	             -456
  618.4000	             -377
  618.6000	             -412
  618.8000	             -447
  619.0000	             -440
  619.2000	             -449
  619.4000	             -453
  619.6000	             -439
  619.8000	             -419
  620.0000	             -430
  620.2000	             -416
  620.4000	             -426
  620.6000	             -429
  620.8000	             -438
  621.0000	             -438
  621.2000	             -447
  621.4000	             -431
  621.6000	             -416
  621.8000	             -398
  622.0000	             -430
  622.2000	             -440
  622.4000	             -412
  622.6000	             -443
  622.8000	             -399
  623.0000	             -426
  623.2000	             -408
  623.4000	             -419
  623.6000	             -411
  623.8000	             -414
  624.0000	             -427
  624.2000	             -432
  624.4000	             -421
  624.6000	             -425
  624.8000	             -404
  625.0000	             -416
  625.2000	             -424
  625.4000	             -445
  625.6000	             -440
  625.8000	             -418
  626.0000	             -416
  626.2000	             -447
  626.4000	             -437
  626.6000	             -427
  626.8000	             -429
  627.0000	             -441
  627.2000	             -416
  627.4000	             -397
  627.6000	             -425
  627.8000	             -438
  628.0000	             -429
  628.2000	             -421
  628.4000	             -432
  628.6000	             -424
  628.8000	             -410
  629.0000	             -411
  629.2000	             -424
  629.4000	             -414
  629.6000	             -404
  629.8000	             -404
  630.0000	             -419
  630.2000	             -412
  630.4000	             -403
  630.6000	             -402
  630.8000	             -404
  631.0000	             -418
  631.2000	             -411
  631.4000	             -422
  631.6000	             -438
  631.8000	             -407
  632.0000	             -389
  632.2000	             -366
  632.4000	             -438
  632.6000	             -411
  632.8000	             -427
  633.0000	             -425
  633.2000	             -402
  633.4000	             -446
  633.6000	             -429
  633.8000	             -407
  634.0000	             -394
  634.2000	             -404
  634.4000	             -412
  634.6000	             -439
  634.8000	             -426
  635.0000	             -433
  635.2000	             -409
  635.4000	             -414
  635.6000	             -397
  635.8000	             -410
  636.0000	             -405
  636.2000	             -390
  636.4000	             -385
  636.6000	             -397
  636.8000	             -410
  637.0000	             -412
  637.2000	             -419
  637.4000	             -418
  637.6000	             -404
  637.8000	             -404
  638.0000	             -403
  638.2000	             -419
  638.4000	             -421
  638.6000	             -429
  638.8000	             -419
  639.0000	             -425
  639.2000	             -414
  639.4000	             -407
  639.6000	             -441
  639.8000	             -418
  640.0000	             -435
  640.2000	             -395
  640.4000	             -404
  640.6000	             -438
  640.8000	             -426
  641.0000	             -427
  641.2000	             -442
  641.4000	             -426
  641.6000	             -433
  641.8000	             -425
  642.0000	             -409
  642.2000	             -437
  642.4000	             -427
  642.6000	             -416
  642.8000	             -369
  643.0000	             -420
  643.2000	             -416
  643.4000	             -411
  643.6000	             -396
  643.8000	             -383
  644.0000	             -362
  644.2000	             -432
  644.4000	             -414
  644.6000	             -412
  644.8000	             -408
  645.0000	             -439
  645.2000	             -410
  645.4000	             -407
  645.6000	             -414
  645.8000	             -378
  646.0000	             -410
  646.2000	             -405
  646.4000	             -418
  646.6000	             -415
  646.8000	             -366
  647.0000	             -415
  647.2000	             -425
  647.4000	             -404
  647.6000	             -418
  647.8000	             -417
  648.0000	             -417
  648.2000	             -409
  648.4000	             -437
  648.6000	             -411
  648.8000	             -425
  649.0000	             -414
  649.2000	             -404
  649.4000	             -425
  649.6000	             -411
  649.8000	             -425
  650.0000	             -376
  650.2000	             -404
  650.4000	             -382
  650.6000	             -413
  650.8000	             -392
  651.0000	             -362
  651.2000	             -425
  651.4000	             -404
  651.6000	             -380
  651.8000	             -389
  652.0000	             -426
  652.2000	             -412
  652.4000	             -393
  652.6000	             -362
  652.8000	             -391
  653.0000	             -441
  653.2000	             -405
  653.4000	             -350
  653.6000	             -414
  653.8000	             -356
  654.0000	             -406
  654.2000	             -426
  654.4000	             -334
  654.6000	             -441
  654.8000	             -404
  655.0000	             -369
  655.2000	             -403
  655.4000	             -427
  655.6000	             -411
  655.8000	             -409
  656.0000	             -422
  656.2000	             -404
  656.4000	             -422
  656.6000	             -406
  656.8000	             -412
  657.0000	             -451
  657.2000	             -421
  657.4000	             -414
  657.6000	             -400
  657.8000	             -385
  658.0000	             -362
  658.2000	             -426
  658.4000	             -376
  658.6000	             -382
  658.8000	             -388
  659.0000	             -371
  659.2000	             -380
  659.4000	             -359
  659.6000	             -361
  659.8000	             -394
  660.0000	             -404
  660.2000	             -382
  660.4000	             -356
  660.6000	             -381
  660.8000	             -424
  661.0000	             -371
  661.2000	             -324
  661.4000	             -363
  661.6000	             -420
  661.8000	             -408
  662.0000	             -393
  662.2000	             -310
  662.4000	             -409
  662.6000	             -443
  662.8000	             -405
  663.0000	             -418
  663.2000	             -433
  663.4000	             -400
  663.6000	             -418
  663.8000	             -418
  664.0000	             -406
  664.2000	             -399
  664.4000	             -428
  664.6000	             -369
  664.8000	             -425
  665.0000	             -417
  665.2000	             -405
  665.4000	             -418
  665.6000	             -418
  665.8000	             -421
  666.0000	             -420
  666.2000	             -416
  666.4000	             -393
  666.6000	             -362
  666.8000	             -371
  667.0000	             -412
  667.2000	             -407
  667.4000	             -375
  667.6000	             -332
  667.8000	             -356
  668.0000	             -382
  668.2000	             -405
  668.4000	             -385
  668.6000	             -361
  668.8000	             -382
  669.0000	             -365
  669.2000	             -353
  669.4000	             -372
  669.6000	             -400
  669.8000	             -383
  670.0000	             -431
  670.2000	             -354
  670.4000	             -300
  670.6000	             -437
  670.8000	             -417
  671.0000	             -420
  671.2000	             -411
  671.4000	             -415
  671.6000	             -414
  671.8000	             -398
  672.0000	             -434
  672.2000	             -420
  672.4000	             -443
  672.6000	             -416
  672.8000	             -406
  673.0000	             -420
  673.2000	             -427
  673.4000	             -404
  673.6000	             -412
  673.8000	             -430
  674.0000	             -403
  674.2000	             -435
  674.4000	             -423
  674.6000	             -432
  674.8000	             -383
  675.0000	             -424
  675.2000	             -426
  675.4000	             -438
  675.6000	             -397
  675.8000	             -416
  676.0000	             -383
  676.2000	             -406
  676.4000	             -432
  676.6000	             -439
  676.8000	             -420
  677.0000	             -396
  677.2000	             -417
  677.4000	             -416
  677.6000	             -397
  677.8000	             -393
  678.0000	             -412
  678.2000	             -418
  678.4000	             -391
  678.6000	             -376
  678.8000	             -371
  679.0000	             -439
  679.2000	             -425
  679.4000	             -427
  679.6000	             -425
  679.8000	             -431
  680.0000	             -461
  680.2000	             -418
  680.4000	             -427
  680.6000	             -426
  680.8000	             -426
  681.0000	             -418
  681.2000	             -409
  681.4000	             -443
  681.6000	             -438
  681.8000	             -411
  682.0000	             -419
  682.2000	             -447
  682.4000	             -443
  682.6000	             -427
  682.8000	             -419
  683.0000	             -412
  683.2000	             -448
  683.4000	             -438
  683.6000	             -408
  683.8000	             -419
  684.0000	             -434
  684.2000	             -432
  684.4000	             -415
  684.6000	             -405
  684.8000	             -409
  685.0000	             -425
  685.2000	             -409
  685.4000	             -358
  685.6000	             -398
  685.8000	             -370
  686.0000	             -426
  686.2000	             -444
  686.4000	             -405
  686.6000	             -426
  686.8000	             -415
  687.0000	             -424
  687.2000	             -384
  687.4000	             -396
  687.6000	             -398
  687.8000	             -408
  688.0000	             -441
  688.2000	             -444
  688.4000	             -438
  688.6000	             -419
  688.8000	             -394
  689.0000	             -419
  689.2000	             -418
  689.4000	             -435
  689.6000	             -383
  689.8000	             -436
  690.0000	             -442
  690.2000	             -440
  690.4000	             -416
  690.6000	             -436
  690.8000	             -403
  691.0000	             -427
  691.2000	             -426
  691.4000	             -412
  691.6000	             -413
  691.8000	             -442
  692.0000	             -447
  692.2000	             -443
  692.4000	             -425
  692.6000	             -441
  692.8000	             -426
  693.0000	             -458
  693.2000	             -421
  693.4000	             -447
  693.6000	             -418
  693.8000	             -403
  694.0000	             -437
  694.2000	             -438
  694.4000	             -447
  694.6000	             -445
  694.8000	             -459
  695.0000	             -398
  695.2000	             -443
  695.4000	             -407
  695.6000	             -399
  695.8000	             -432
  696.0000	             -442
  696.2000	             -443
  696.4000	             -419
  696.6000	              210
  696.8000	             -447
  697.0000	             -443
  697.2000	             -427
  697.4000	             -423
  697.6000	             -440
  697.8000	             -429
  698.0000	             -450
  698.2000	             -452
  698.4000	             -443
  698.6000	             -411
  698.8000	             -419
  699.0000	             -438
  699.2000	             -412
  699.4000	             -398
  699.6000	             -446
  699.8000	             -409
  700.0000	             -427
  700.2000	             -397
  700.4000	             -439
  700.6000	             -443
  700.8000	             -446
  701.0000	             -444
  701.2000	             -447
  701.4000	             -448
  701.6000	             -384
  701.8000	             -430
  702.0000	             -445
  702.2000	             -425
  702.4000	             -409
  702.6000	             -448
  702.8000	             -425
  703.0000	             -421
  703.2000	             -434
  703.4000	             -442
  703.6000	             -432
  703.8000	             -425
  704.0000	             -446
  704.2000	             -463
  704.4000	             -408
  704.6000	             -441
  704.8000	             -425
  705.0000	             -453
  705.2000	             -427
  705.4000	             -438
  705.6000	             -417
  705.8000	             -434
  706.0000	             -420
  706.2000	             -426
  706.4000	             -443
  706.6000	             -304
  706.8000	             -386
  707.0000	             -409
  707.2000	             -443
  707.4000	             -386
  707.6000	             -436
  707.8000	             -407
  708.0000	             -434
  708.2000	             -447
  708.4000	             -413
  708.6000	             -424
  708.8000	             -439
  709.0000	             -440
  709.2000	             -395
  709.4000	             -437
  709.6000	             -394
  709.8000	             -435
  710.0000	             -441
  710.2000	             -443
  710.4000	             -412
  710.6000	             -388
  710.8000	             -407
  711.0000	             -433
  711.2000	             -427
  711.4000	             -446
  711.6000	             -426
  711.8000	             -450
  712.0000	             -437
  712.2000	             -426
  712.4000	             -427
  712.6000	             -422
  712.8000	             -430
  713.0000	             -409
  713.2000	             -445
  713.4000	             -446
  713.6000	             -459
  713.8000	             -444
  714.0000	             -407
  714.2000	             -438
  714.4000	             -435
  714.6000	             -339
  714.8000	             -394
  715.0000	             -450
  715.2000	             -449
  715.4000	             -412
  715.6000	             -457
  715.8000	             -404
  716.0000	             -443
  716.2000	             -434
  716.4000	             -398
  716.6000	             -436
  716.8000	             -448
  717.0000	             -395
  717.2000	             -454
  717.4000	             -422
  717.6000	             -441
  717.8000	             -418
  718.0000	             -440
  718.2000	             -446
  718.4000	             -419
  718.6000	             -394
  718.8000	             -426
  719.0000	             -397
  719.2000	             -429
  719.4000	             -434
  719.6000	             -443
  719.8000	             -428
  720.0000	             -460
  720.2000	             -407
  720.4000	             -426
  720.6000	             -426
  720.8000	             -425
  721.0000	             -427
  721.2000	             -417
  721.4000	             -435
  721.6000	             -403
  721.8000	             -418
  722.0000	             -393
  722.2000	             -432
  722.4000	             -410
  722.6000	             -419
  722.8000	             -419
  723.0000	             -422
  723.2000	             -417
  723.4000	             -436
  723.6000	             -427
  723.8000	             -418
  724.0000	             -418
  724.2000	             -416
  724.4000	             -453
  724.6000	             -404
  724.8000	             -417
  725.0000	             -373
  725.2000	             -407
  725.4000	             -425
  725.6000	             -426
  725.8000	             -404
  726.0000	             -414
  726.2000	             -443
  726.4000	             -403
  726.6000	             -438
  726.8000	             -425
  727.0000	             -421
  727.2000	             -322
  727.4000	             -421
  727.6000	             -424
  727.8000	             -425
  728.0000	             -394
  728.2000	             -424
  728.4000	             -443
  728.6000	             -438
  728.8000	             -394
  729.0000	             -430
  729.2000	             -430
  729.4000	             -439
  729.6000	             -455
  729.8000	             -448
  730.0000	             -450
  730.2000	             -436
  730.4000	             -429
  730.6000	             -439
  730.8000	             -451
  731.0000	             -446
  731.2000	             -416
  731.4000	             -435
  731.6000	             -440
  731.8000	             -430
  732.0000	             -424
  732.2000	             -427
  732.4000	             -412
  732.6000	             -448
  732.8000	             -423
  733.0000	             -419
  733.2000	             -421
  733.4000	             -431
  733.6000	             -432
  733.8000	             -426
  734.0000	             -419
  734.2000	             -426
  734.4000	             -406
  734.6000	             -414
  734.8000	             -420
  735.0000	             -411
  735.2000	             -409
  735.4000	             -407
  735.6000	             -417
  735.8000	             -424
  736.0000	             -412
  736.2000	             -428
  736.4000	             -404
  736.6000	             -412
  736.8000	             -409
  737.0000	             -420
  737.2000	             -371
  737.4000	             -410
  737.6000	             -426
  737.8000	             -411
  738.0000	             -397
  738.2000	             -421
  738.4000	              859
  738.6000	             -400
  738.8000	             -429
  739.0000	             -438
  739.2000	             -439
  739.4000	             -446
  739.6000	             -439
  739.8000	             -434
  740.0000	             -447
  740.2000	             -431
  740.4000	             -437
  740.6000	             -427
  740.8000	             -412
  741.0000	             -434
  741.2000	             -416
  741.4000	             -394
  741.6000	             -441
  741.8000	             -409
  742.0000	             -426
  742.2000	             -411
  742.4000	             -431
  742.6000	             -404
  742.8000	             -410
  743.0000	             -433
  743.2000	             -427
  743.4000	             -416
  743.6000	             -405
  743.8000	             -419
  744.0000	             -405
  744.2000	             -401
  744.4000	             -405
  744.6000	             -441
  744.8000	             -408
  745.0000	             -426
  745.2000	             -362
  745.4000	             -426
  745.6000	             -423
  745.8000	             -412
  746.0000	             -388
  746.2000	             -410
  746.4000	             -415
  746.6000	             -389
  746.8000	             -374
  747.0000	             -438
  747.2000	             -404
  747.4000	             -412
  747.6000	             -374
  747.8000	             -405
  748.0000	             -394
  748.2000	             -384
  748.4000	             -416
  748.6000	             -414
  748.8000	             -390
  749.0000	             -381
  749.2000	             -403
  749.4000	             -408
  749.6000	             -416
  749.8000	             -361
  750.0000	             -356
  750.2000	             -320
  750.4000	             5531
  750.6000	             -410
  750.8000	             -416
  751.0000	             -418
  751.2000	             -409
  751.4000	             1251
  751.6000	             -395
  751.8000	             -404
  752.0000	             -407
  752.2000	             -433
  752.4000	             -404
  752.6000	             -414
  752.8000	             -404
  753.0000	             -455
  753.2000	             -424
  753.4000	             -400
  753.6000	             -412
  753.8000	             -438
  754.0000	             -427
  754.2000	             -434
  754.4000	             -425
  754.6000	             -422
  754.8000	             -416
  755.0000	             -421
  755.2000	             -409
  755.4000	             -443
  755.6000	             -407
  755.8000	             -404
  756.0000	             -443
  756.2000	             -407
  756.4000	             -417
  756.6000	             -421
  756.8000	             -401
  757.0000	             -406
  757.2000	             -410
  757.4000	             -404
  757.6000	             -412
  757.8000	             -400
  758.0000	             -362
  758.2000	             -410
  758.4000	             -411
  758.6000	             -411
  758.8000	             -420
  759.0000	             -418
  759.2000	             -380
  759.4000	             -421
  759.6000	             -399
  759.8000	             -419
  760.0000	             -397
  760.2000	             -380
  760.4000	             -413
  760.6000	             -432
  760.8000	             -383
  761.0000	             -419
  761.2000	             -351
  761.4000	             -443
  761.6000	             -416
  761.8000	             -416
  762.0000	             -425
  762.2000	             -413
  762.4000	             -416
  762.6000	             -394
  762.8000	             -426
  763.0000	             -425
  763.2000	             -424
  763.4000	              702
  763.6000	             -434
  763.8000	             -427
  764.0000	             -425
  764.2000	             -437
  764.4000	             -409
  764.6000	             -419
  764.8000	             -423
  765.0000	             -427
  765.2000	             -412
  765.4000	             -416
  765.6000	             -407
  765.8000	             -438
  766.0000	             -424
  766.2000	             -438
  766.4000	             -413
  766.6000	             -426
  766.8000	             -425
  767.0000	             -414
  767.2000	             -437
  767.4000	             -432
  767.6000	             -425
  767.8000	             -420
  768.0000	             -387
  768.2000	             -394
  768.4000	             -414
  768.6000	             -423
  768.8000	             -431
  769.0000	             -420
  769.2000	             -414
  769.4000	             -403
  769.6000	             -357
  769.8000	             -377
  770.0000	             -377
  770.2000	             -375
  770.4000	             -412
  770.6000	             -349
  770.8000	             -357
  771.0000	             -397
  771.2000	             -382
  771.4000	             -376
  771.6000	             -416
  771.8000	             -383
  772.0000	             -391
  772.2000	             -387
  772.4000	             1371
  772.6000	             -389
  772.8000	             -393
  773.0000	             -347
  773.2000	             -411
  773.4000	             -361
  773.6000	             -363
  773.8000	             -306
  774.0000	             -425
  774.2000	             -401
  774.4000	             -393
  774.6000	             -370
  774.8000	             -412
  775.0000	             -384
  775.2000	             -311
  775.4000	             -384
  775.6000	             -427
  775.8000	             -438
  776.0000	             -417
  776.2000	             -446
  776.4000	             -426
  776.6000	             -409
  776.8000	             -422
  777.0000	             -417
  777.2000	             -412
  777.4000	             -395
  777.6000	             -444
  777.8000	             -446
  778.0000	             -419
  778.2000	             -446
  778.4000	             -445
  778.6000	             -427
  778.8000	             -435
  779.0000	             -427
  779.2000	             -444
  779.4000	             -426
  779.6000	             -452
  779.8000	             -447
  780.0000	             -436
  780.2000	             -434
  780.4000	             -441
  780.6000	             -446
  780.8000	             -455
  781.0000	             -453
  781.2000	             -449
  781.4000	             -431
  781.6000	             -425
  781.8000	             -427
  782.0000	             -418
  782.2000	             -423
  782.4000	             -459
  782.6000	             -421
  782.8000	             -452
  783.0000	             -397
  783.2000	             -460
  783.4000	             -409
  783.6000	             -460
  783.8000	             -457
  784.0000	             -438
  784.2000	             -444
  784.4000	             -446
  784.6000	             -426
  784.8000	             -457
  785.0000	             -437
  785.2000	             -404
  785.4000	             -418
  785.6000	             -409
  785.8000	             -412
  786.0000	             -425
  786.2000	             -426
  786.4000	             -434
  786.6000	             -421
  786.8000	             -438
  787.0000	             -419
  787.2000	             -438
  787.4000	             -403
  787.6000	             -417
  787.8000	             -424
  788.0000	             -441
  788.2000	             -417
  788.4000	             -436
  788.6000	             -403
  788.8000	             -441
  789.0000	             -395
  789.2000	             -436
  789.4000	             -456
  789.6000	             -439
  789.8000	             -446
  790.0000	             -458
  790.2000	             -443
  790.4000	             -416
  790.6000	             -422
  790.8000	             -412
  791.0000	             -403
  791.2000	             -434
  791.4000	             -411
  791.6000	             -443
  791.8000	             -443
  792.0000	             -446
  792.2000	             -429
  792.4000	             -457
  792.6000	             -451
  792.8000	             -438
  793.0000	             -395
  793.2000	             -441
  793.4000	             -407
  793.6000	             -444
  793.8000	             -405
  794.0000	             -447
  794.2000	             -438
  794.4000	             -394
  794.6000	             -440
  794.8000	              622
  795.0000	             -411
  795.2000	             -460
  795.4000	             -441
  795.6000	             -434
  795.8000	             -379
  796.0000	             -442
  796.2000	             -438
  796.4000	             -449
  796.6000	             -403
  796.8000	             -394
  797.0000	             -437
  797.2000	             -407
  797.4000	             -439
  797.6000	             -432
  797.8000	             -403
  798.0000	             -407
  798.2000	             -443
  798.4000	             -440
  798.6000	             -394
  798.8000	             -427
  799.0000	             -440
  799.2000	             -463
  799.4000	             -443
  799.6000	             -407
  799.8000	             -406
  800.0000	             -438
  800.2000	             -440
  800.4000	             -430
  800.6000	              106
  800.8000	             -429
  801.0000	             -425
  801.2000	             -447
  801.4000	               14
  801.6000	             -458
  801.8000	             -460
  802.0000	             -451
  802.2000	             -427
  802.4000	             -438
  802.6000	             -425
  802.8000	             -459
  803.0000	             -431
  803.2000	             -441
  803.4000	             -430
  803.6000	             -443
  803.8000	             -438
  804.0000	             -434
  804.2000	             -425
  804.4000	             -459
  804.6000	             -443
  804.8000	             -439
  805.0000	             -446
