  600.0000	             -432
  600.2000	             -422
  600.4000	             -439
  600.6000	             -409
  600.8000	             -432
  601.0000	             -422
  601.2000	             -394
  601.4000	             -391
  601.6000	             -427
  601.8000	             -438
  602.0000	             -451
  602.2000	             -395
  602.4000	             -425
  602.6000	             -436
  602.8000	             -414
  603.0000	             -436
  603.2000	             -362
  603.4000	             -414
  603.6000	             -420
  603.8000	             -422
  604.0000	             -396
  604.2000	             -386
  604.4000	             -391
  604.6000	             -448
  604.8000	             -416
  605.0000	             -416
  605.2000	             -397
  605.4000	             -375
  605.6000	             -390
  605.8000	             -394
  606.0000	             -413
  606.2000	             -390
  606.4000	             -418
  606.6000	             -421
  606.8000	             -425
  607.0000	             -382
  607.2000	             -445
  607.4000	             -421
  607.6000	             -426
  607.8000	             -431
  608.0000	             -398
  608.2000	             -434
  608.4000	             -425
  608.6000	             -438
  608.8000	             -441
  609.0000	             -425
  609.2000	             -403
  609.4000	             -426
  609.6000	             -419
  609.8000	             -403
  610.0000	             -429
  610.2000	             -371
  610.4000	             -426
  610.6000	             -404
  610.8000	             -412
  611.0000	             -439
  611.2000	             -427
  611.4000	             -414
  611.6000	             -412
  611.8000	             -427
  612.0000	             -456
  612.2000	             -394
  612.4000	             -417
  612.6000	             -437
  612.8000	             -430
  613.0000	             -438
  613.2000	             -431
  613.4000	             -429
  613.6000	             -448
  613.8000	             -441
  614.0000	             -427
  614.2000	             -395
  614.4000	             -430
  614.6000	             -418
  614.8000	             -397
  615.0000	             -457
  615.2000	             -437
  615.4000	             -443
  615.6000	             -417
  615.8000	             -429
  616.0000	             -429
  616.2000	             -429
  616.4000	             -443
  616.6000	             -438
  616.8000	             -427
  617.0000	             -426
  617.2000	             -404
  617.4000	             -415
  617.6000	             -443
  617.8000	             -430
  618.0000	             -427
  618.2000	             -398
  618.4000	             -448
  618.6000	             -421
  618.8000	             -435
  619.0000	             -419
  619.2000	             -428
  619.4000	             -407
  619.6000	             -453
  619.8000	             -443
  620.0000	             -458
  620.2000	             -404
  620.4000	             -443
  620.6000	             -432
  620.8000	             -453
  621.0000	             -435
  621.2000	             -414
  621.4000	             -412
  621.6000	             -411
  621.8000	             -424
  622.0000	             -424
  622.2000	             -439
  622.4000	             -443
  622.6000	             -417
  622.8000	             -425
  623.0000	             -425
  623.2000	             -419
  623.4000	             -423
  623.6000	             -416
  623.8000	             -414
  624.0000	             -409
  624.2000	             -446
  624.4000	             -442
  624.6000	             -452
  624.8000	             -427
  625.0000	             -443
  625.2000	             -404
  625.4000	             -456
  625.6000	             -397
  625.8000	             -438
  626.0000	             -443
  626.2000	             -403
  626.4000	             -414
  626.6000	             -424
  626.8000	             -424
  627.0000	             -439
  627.2000	             -410
  627.4000	             -433
  627.6000	             -407
  627.8000	             -412
  628.0000	             -426
  628.2000	             -419
  628.4000	             -418
  628.6000	             -426
  628.8000	             -404
  629.0000	             -419
  629.2000	             -425
  629.4000	             -409
  629.6000	             -369
  629.8000	             -411
  630.0000	             -409
  630.2000	             -411
  630.4000	             -408
  630.6000	             -418
  630.8000	             -409
  631.0000	             -409
  631.2000	             -420
  631.4000	             -416
  631.6000	             -411
  631.8000	             -409
  632.0000	             -426
  632.2000	             -396
  632.4000	             -355
  632.6000	             -406
  632.8000	             -446
  633.0000	             -427
  633.2000	             -419
  633.4000	             -439
  633.6000	             -417
  633.8000	             -443
  634.0000	             -443
  634.2000	             -441
  634.4000	             -419
  634.6000	             -440
  634.8000	             -414
  635.0000	             -416
  635.2000	             -455
  635.4000	             -417
  635.6000	             -425
  635.8000	             -428
  636.0000	             -400
  636.2000	             -397
  636.4000	             -404
  636.6000	             -421
  636.8000	             -432
  637.0000	             -404
  637.2000	             -410
  637.4000	             -417
  637.6000	             -418
  637.8000	             -374
  638.0000	             -414
  638.2000	             -406
  638.4000	             -408
  638.6000	             -417
  638.8000	             -426
  639.0000	             -426
  639.2000	             -426
  639.4000	             -365
  639.6000	             -446
  639.8000	             -418
  640.0000	             -406
  640.2000	             -445
  640.4000	             -437
  640.6000	             -438
  640.8000	             -407
  641.0000	             -409
  641.2000	             -406
  641.4000	             -426
  641.6000	             -415
  641.8000	             -440
  642.0000	             -382
  642.2000	             -427
  642.4000	             -425
  642.6000	             -406
  642.8000	             -421
  643.0000	             -393
  643.2000	             -417
  643.4000	             -382
  643.6000	             -422
  643.8000	             -384
  644.0000	             -366
  644.2000	             -421
  644.4000	             -425
  644.6000	             -380
  644.8000	             -410
  645.0000	             -391
  645.2000	             -374
  645.4000	             -411
  645.6000	             -431
  645.8000	             -357
  646.0000	             -433
  646.2000	             -416
  646.4000	             -407
  646.6000	             -391
  646.8000	             -369
  647.0000	             -446
  647.2000	             -438
  647.4000	             -425
  647.6000	             -409
  647.8000	             -442
  648.0000	             -441
  648.2000	             -412
  648.4000	             -417
  648.6000	             -412
  648.8000	             -436
  649.0000	             -409
  649.2000	             -419
  649.4000	             -403
  649.6000	             -412
  649.8000	             -420
  650.0000	             -423
  650.2000	             -434
  650.4000	             -410
  650.6000	             -416
  650.8000	             -433
  651.0000	             -400
  651.2000	             -406
  651.4000	             -365
  651.6000	             -353
  651.8000	             -424
  652.0000	             -436
  652.2000	             -363
  652.4000	             -377
  652.6000	             -363
  652.8000	             -387
  653.0000	             -414
  653.2000	             -391
  653.4000	             -372
  653.6000	             -411
  653.8000	             -423
  654.0000	             -410
  654.2000	             -389
  654.4000	             -361
  654.6000	             -426
  654.8000	             -412
  655.0000	             -419
  655.2000	             -427
  655.4000	             -431
  655.6000	             -426
  655.8000	             -419
  656.0000	             -427
  656.2000	             -424
  656.4000	             -407
  656.6000	             -379
  656.8000	             -424
  657.0000	             -427
  657.2000	             -412
  657.4000	             -416
  657.6000	             -410
  657.8000	             -412
  658.0000	             -348
  658.2000	             -371
  658.4000	             -382
  658.6000	             -372
  658.8000	             -391
  659.0000	             -356
  659.2000	             -374
  659.4000	             -353
  659.6000	             -379
  659.8000	             -376
  660.0000	             -372
  660.2000	             -367
  660.4000	             -389
  660.6000	             -389
  660.8000	             -414
  661.0000	             -355
  661.2000	             -370
  661.4000	             -361
  661.6000	             -376
  661.8000	             -411
  662.0000	             -368
  662.2000	             -280
  662.4000	             -411
  662.6000	             -430
  662.8000	             -429
  663.0000	             -397
  663.2000	             -413
  663.4000	             -376
  663.6000	             -424
  663.8000	             -416
  664.0000	             -404
  664.2000	             -429
  664.4000	             -439
  664.6000	             -404
  664.8000	             -434
  665.0000	             -429
  665.2000	             -397
  665.4000	             -404
  665.6000	             -415
  665.8000	             -416
  666.0000	             -399
  666.2000	             -412
  666.4000	             -352
  666.6000	             -409
  666.8000	             -381
  667.0000	             -397
  667.2000	             -412
  667.4000	             -364
  667.6000	             -368
  667.8000	             -425
  668.0000	             -363
  668.2000	             -421
  668.4000	             -372
  668.6000	             -373
  668.8000	             -354
  669.0000	             -412
  669.2000	             -371
  669.4000	             -360
  669.6000	             -405
  669.8000	             -406
  670.0000	             -410
  670.2000	             -403
  670.4000	             -338
  670.6000	             -446
  670.8000	             -409
  671.0000	             -406
  671.2000	             -421
  671.4000	             -439
  671.6000	             -418
  671.8000	             -421
  672.0000	             -412
  672.2000	             -405
  672.4000	             -373
  672.6000	             -429
  672.8000	             -437
  673.0000	             -432
  673.2000	             -417
  673.4000	             -438
  673.6000	             -425
  673.8000	             -414
  674.0000	             -418
  674.2000	             -443
  674.4000	             -425
  674.6000	             -356
  674.8000	             -396
  675.0000	             -375
  675.2000	             -410
  675.4000	             -376
  675.6000	             -416
  675.8000	             -414
  676.0000	             -420
  676.2000	             -390
  676.4000	             -410
  676.6000	             -405
  676.8000	             -377
  677.0000	             -397
  677.2000	             -362
  677.4000	             -403
  677.6000	             -360
  677.8000	             -349
  678.0000	             -409
  678.2000	             -412
  678.4000	             -421
  678.6000	             -396
  678.8000	             -338
  679.0000	             -390
  679.2000	             -445
  679.4000	             -450
  679.6000	             -404
  679.8000	             -441
  680.0000	             -438
  680.2000	             -434
  680.4000	             -443
  680.6000	             -430
  680.8000	             -443
  681.0000	             -440
  681.2000	             -438
  681.4000	             -444
  681.6000	             -436
  681.8000	             -440
  682.0000	             -445
  682.2000	             -403
  682.4000	             -419
  682.6000	             -418
  682.8000	             -427
  683.0000	             -426
  683.2000	             -424
  683.4000	             -412
  683.6000	             -409
  683.8000	             -410
  684.0000	             -404
  684.2000	             -403
  684.4000	             -418
  684.6000	             -395
  684.8000	             -438
  685.0000	             -370
  685.2000	             -418
  685.4000	             -418
  685.6000	             -434
  685.8000	             -418
  686.0000	             -416
  686.2000	             -436
  686.4000	             -421
  686.6000	             -427
  686.8000	             -453
  687.0000	             -407
  687.2000	             -404
  687.4000	             -409
  687.6000	             -435
  687.8000	             -454
  688.0000	             -459
  688.2000	             -441
  688.4000	             -379
  688.6000	             -395
  688.8000	             -409
  689.0000	             -395
  689.2000	             -449
  689.4000	             -449
  689.6000	             -430
  689.8000	             -426
  690.0000	             -460
  690.2000	             -405
  690.4000	             -418
  690.6000	             -414
  690.8000	             -417
  691.0000	             -425
  691.2000	             -438
  691.4000	             -430
  691.6000	             -443
  691.8000	             -457
  692.0000	             -431
  692.2000	             -446
  692.4000	             -446
  692.6000	             -445
  692.8000	             -449
  693.0000	             -460
  693.2000	             -438
  693.4000	             -441
  693.6000	             -450
  693.8000	             -436
  694.0000	             -430
  694.2000	             -438
  694.4000	             -460
  694.6000	             -437
  694.8000	             -447
  695.0000	             -422
  695.2000	             -403
  695.4000	             -418
  695.6000	             -438
  695.8000	             -418
  696.0000	             -453
  696.2000	             -427
  696.4000	             -416
  696.6000	              150
  696.8000	             -443
  697.0000	             -438
  697.2000	             -460
  697.4000	             -443
  697.6000	             -399
  697.8000	             -451
  698.0000	             -427
  698.2000	             -444
  698.4000	             -442
  698.6000	             -450
  698.8000	             -370
  699.0000	             -443
  699.2000	             -435
  699.4000	             -435
  699.6000	             -427
  699.8000	             -444
  700.0000	             -438
  700.2000	             -424
  700.4000	             -438
  700.6000	             -406
  700.8000	             -445
  701.0000	             -424
  701.2000	             -427
  701.4000	             -446
  701.6000	             -440
  701.8000	             -438
  702.0000	             -435
  702.2000	             -425
  702.4000	             -403
  702.6000	             -429
  702.8000	             -427
  703.0000	             -406
  703.2000	             -419
  703.4000	             -446
  703.6000	             -434
  703.8000	             -423
  704.0000	             -460
  704.2000	             -438
  704.4000	             -456
  704.6000	             -446
  704.8000	             -436
  705.0000	             -449
  705.2000	             -440
  705.4000	             -439
  705.6000	             -427
  705.8000	             -395
  706.0000	             -386
  706.2000	             -403
  706.4000	             -453
  706.6000	             -277
  706.8000	             -356
  707.0000	             -412
  707.2000	             -434
  707.4000	             -445
  707.6000	             -443
  707.8000	             -437
  708.0000	             -430
  708.2000	             -440
  708.4000	             -443
  708.6000	             -407
  708.8000	             -441
  709.0000	             -449
  709.2000	             -460
  709.4000	             -418
  709.6000	             -427
  709.8000	             -438
  710.0000	             -403
  710.2000	             -421
  710.4000	             -416
  710.6000	             -407
  710.8000	             -407
  711.0000	             -449
  711.2000	             -438
  711.4000	             -460
  711.6000	             -391
  711.8000	             -394
  712.0000	             -408
  712.2000	             -439
  712.4000	             -442
  712.6000	             -427
  712.8000	             -445
  713.0000	             -448
  713.2000	             -438
  713.4000	             -439
  713.6000	             -390
  713.8000	             -445
  714.0000	             -424
  714.2000	             -452
  714.4000	             -394
  714.6000	             -422
  714.8000	             -419
  715.0000	             -462
  715.2000	             -386
  715.4000	             -455
  715.6000	             -443
  715.8000	             -441
  716.0000	             -419
  716.2000	             -443
  716.4000	             -371
  716.6000	             -391
  716.8000	             -425
  717.0000	             -447
  717.2000	             -442
  717.4000	             -464
  717.6000	             -447
  717.8000	             -427
  718.0000	             -447
  718.2000	             -437
  718.4000	             -444
  718.6000	             -449
  718.8000	             -379
  719.0000	             -442
  719.2000	             -460
  719.4000	             -410
  719.6000	             -446
  719.8000	             -398
  720.0000	             -394
  720.2000	             -426
  720.4000	             -433
  720.6000	             -427
  720.8000	             -425
  721.0000	             -440
  721.2000	             -425
  721.4000	             -438
  721.6000	             -422
  721.8000	             -427
  722.0000	             -449
  722.2000	             -412
  722.4000	             -414
  722.6000	             -434
  722.8000	             -443
  723.0000	             -429
  723.2000	             -425
  723.4000	             -410
  723.6000	             -416
  723.8000	             -403
  724.0000	             -416
  724.2000	             -444
  724.4000	             -419
  724.6000	             -416
  724.8000	             -370
  725.0000	             -404
  725.2000	             -407
  725.4000	             -427
  725.6000	             -412
  725.8000	             -408
  726.0000	             -400
  726.2000	             -429
  726.4000	             -438
  726.6000	             -425
  726.8000	             -443
  727.0000	             -417
  727.2000	             -308
  727.4000	             -437
  727.6000	             -439
  727.8000	             -456
  728.0000	             -445
  728.2000	             -436
  728.4000	             -399
  728.6000	             -426
  728.8000	             -403
  729.0000	             -434
  729.2000	             -458
  729.4000	             -425
  729.6000	             -461
  729.8000	             -413
  730.0000	             -443
  730.2000	             -443
  730.4000	             -408
  730.6000	             -443
  730.8000	             -449
  731.0000	             -450
  731.2000	             -417
  731.4000	             -414
  731.6000	             -399
  731.8000	             -443
  732.0000	             -398
  732.2000	             -427
  732.4000	             -382
  732.6000	             -439
  732.8000	             -409
  733.0000	             -456
  733.2000	             -419
  733.4000	             -427
  733.6000	             -389
  733.8000	             -446
  734.0000	             -420
  734.2000	             -407
  734.4000	             -414
  734.6000	             -404
  734.8000	             -397
  735.0000	             -401
  735.2000	             -418
  735.4000	             -416
  735.6000	             -416
  735.8000	             -409
  736.0000	             -404
  736.2000	             -422
  736.4000	             -426
  736.6000	             -436
  736.8000	             -381
  737.0000	             -407
  737.2000	             -393
  737.4000	             -397
  737.6000	             -436
  737.8000	             -427
  738.0000	             -417
  738.2000	             -371
  738.4000	              893
  738.6000	             -386
  738.8000	             -426
  739.0000	             -407
  739.2000	             -370
  739.4000	             -434
  739.6000	             -405
  739.8000	             -411
  740.0000	             -438
  740.2000	             -417
  740.4000	             -435
  740.6000	             -418
  740.8000	             -409
  741.0000	             -447
  741.2000	             -444
  741.4000	             -443
  741.6000	             -430
  741.8000	             -443
  742.0000	             -429
  742.2000	             -425
  742.4000	             -427
  742.6000	             -421
  742.8000	             -434
  743.0000	             -403
  743.2000	             -427
  743.4000	             -417
  743.6000	             -401
  743.8000	             -424
  744.0000	             -417
  744.2000	             -416
  744.4000	             -412
  744.6000	             -423
  744.8000	             -397
  745.0000	             -414
  745.2000	             -363
  745.4000	             -379
  745.6000	             -363
  745.8000	             -419
  746.0000	             -365
  746.2000	             -399
  746.4000	             -397
  746.6000	             -412
  746.8000	             -425
  747.0000	             -425
  747.2000	             -383
  747.4000	             -437
  747.6000	             -425
  747.8000	             -425
  748.0000	             -419
  748.2000	             -371
  748.4000	             -414
  748.6000	             -406
  748.8000	             -417
  749.0000	             -342
  749.2000	             -372
  749.4000	             -409
  749.6000	             -415
  749.8000	             -414
  750.0000	             -425
  750.2000	             -321
  750.4000	             5292
  750.6000	             -421
  750.8000	             -427
  751.0000	             -418
  751.2000	             -432
  751.4000	             1259
  751.6000	             -397
  751.8000	             -379
  752.0000	             -428
  752.2000	             -409
  752.4000	             -449
  752.6000	             -407
  752.8000	             -406
  753.0000	             -419
  753.2000	             -395
  753.4000	             -442
  753.6000	             -406
  753.8000	             -427
  754.0000	             -423
  754.2000	             -414
  754.4000	             -402
  754.6000	             -411
  754.8000	             -414
  755.0000	             -458
  755.2000	             -435
  755.4000	             -427
  755.6000	             -438
  755.8000	             -410
  756.0000	             -409
  756.2000	             -424
  756.4000	             -407
  756.6000	             -413
  756.8000	             -407
  757.0000	             -413
  757.2000	             -412
  757.4000	             -416
  757.6000	             -410
  757.8000	             -426
  758.0000	             -427
  758.2000	             -425
  758.4000	             -374
  758.6000	             -399
  758.8000	             -388
  759.0000	             -416
  759.2000	             -423
  759.4000	             -404
  759.6000	             -391
  759.8000	             -426
  760.0000	             -393
  760.2000	             -404
  760.4000	             -392
  760.6000	             -440
  760.8000	             -371
  761.0000	             -363
  761.2000	             -399
  761.4000	             -438
  761.6000	             -406
  761.8000	             -422
  762.0000	             -409
  762.2000	             -397
  762.4000	             -365
  762.6000	             -403
  762.8000	             -418
  763.0000	             -425
  763.2000	             -412
  763.4000	              735
  763.6000	             -426
  763.8000	             -416
  764.0000	             -443
  764.2000	             -426
  764.4000	             -442
  764.6000	             -426
  764.8000	             -443
  765.0000	             -409
  765.2000	             -394
  765.4000	             -416
  765.6000	             -460
  765.8000	             -425
  766.0000	             -425
  766.2000	             -439
  766.4000	             -416
  766.6000	             -417
  766.8000	             -420
  767.0000	             -414
  767.2000	             -427
  767.4000	             -429
  767.6000	             -432
  767.8000	             -427
  768.0000	             -417
  768.2000	             -432
  768.4000	             -403
  768.6000	             -416
  768.8000	             -426
  769.0000	             -379
  769.2000	             -356
  769.4000	             -407
  769.6000	             -408
  769.8000	             -397
  770.0000	             -424
  770.2000	             -344
  770.4000	             -425
  770.6000	             -349
  770.8000	             -407
  771.0000	             -407
  771.2000	             -359
  771.4000	             -389
  771.6000	             -419
  771.8000	             -398
  772.0000	             -411
  772.2000	             -358
  772.4000	             1331
  772.6000	             -366
  772.8000	             -422
  773.0000	             -344
  773.2000	             -415
  773.4000	             -400
  773.6000	             -376
  773.8000	             -352
  774.0000	             -410
  774.2000	             -412
  774.4000	             -393
  774.6000	             -424
  774.8000	             -387
  775.0000	             -397
  775.2000	             -324
  775.4000	             -414
  775.6000	             -425
  775.8000	             -417
  776.0000	             -446
  776.2000	             -413
  776.4000	             -409
  776.6000	             -428
  776.8000	             -418
  777.0000	             -419
  777.2000	             -408
  777.4000	             -412
  777.6000	             -463
  777.8000	             -447
  778.0000	             -403
  778.2000	             -411
  778.4000	             -446
  778.6000	             -447
  778.8000	             -423
  779.0000	             -442
  779.2000	             -439
  779.4000	             -443
  779.6000	             -383
  779.8000	             -442
  780.0000	             -444
  780.2000	             -443
  780.4000	             -446
  780.6000	             -433
  780.8000	             -447
  781.0000	             -425
  781.2000	             -421
  781.4000	             -458
  781.6000	             -438
  781.8000	             -438
  782.0000	             -451
  782.2000	             -443
  782.4000	             -439
  782.6000	             -418
  782.8000	             -446
  783.0000	             -463
  783.2000	             -394
  783.4000	             -439
  783.6000	             -446
  783.8000	             -450
  784.0000	             -384
  784.2000	             -368
  784.4000	             -463
  784.6000	             -438
  784.8000	             -440
  785.0000	             -439
  785.2000	             -392
  785.4000	             -427
  785.6000	             -437
  785.8000	             -452
  786.0000	             -446
  786.2000	             -433
  786.4000	             -426
  786.6000	             -437
  786.8000	             -447
  787.0000	             -450
  787.2000	             -420
  787.4000	             -394
  787.6000	             -443
  787.8000	             -407
  788.0000	             -389
  788.2000	             -438
  788.4000	             -457
  788.6000	             -433
  788.8000	             -452
  789.0000	             -416
  789.2000	             -453
  789.4000	             -389
  789.6000	             -430
  789.8000	             -447
  790.0000	             -439
  790.2000	             -432
  790.4000	             -402
  790.6000	             -422
  790.8000	             -395
  791.0000	             -438
  791.2000	             -459
  791.4000	             -448
  791.6000	             -416
  791.8000	             -418
  792.0000	             -425
  792.2000	             -425
  792.4000	             -449
  792.6000	             -440
  792.8000	             -441
  793.0000	             -434
  793.2000	             -403
  793.4000	             -447
  793.6000	             -406
  793.8000	             -383
  794.0000	             -430
  794.2000	             -419
  794.4000	             -453
  794.6000	             -438
  794.8000	              537
  795.0000	             -379
  795.2000	             -438
  795.4000	             -443
  795.6000	             -453
  795.8000	             -457
  796.0000	             -452
  796.2000	             -432
  796.4000	             -463
  796.6000	             -420
  796.8000	             -463
  797.0000	             -379
  797.2000	             -421
  797.4000	             -421
  797.6000	             -441
  797.8000	             -438
  798.0000	             -446
  798.2000	             -453
  798.4000	             -443
  798.6000	             -411
  798.8000	             -438
  799.0000	             -445
  799.2000	             -403
  799.4000	             -444
  799.6000	             -454
  799.8000	             -425
  800.0000	             -445
  800.2000	             -403
  800.4000	             -441
  800.6000	               88
  800.8000	             -463
  801.0000	             -398
  801.2000	             -443
  801.4000	               73
  801.6000	             -379
  801.8000	             -449
  802.0000	             -460
  802.2000	             -434
  802.4000	             -379
  802.6000	             -446
  802.8000	             -446
  803.0000	             -425
  803.2000	             -446
  803.4000	             -442
  803.6000	             -425
  803.8000	             -431
  804.0000	             -419
  804.2000	             -443
  804.4000	             -427
  804.6000	             -438
  804.8000	             -453
  805.0000	             -409
