  600.0000	             -395
  600.2000	             -438
  600.4000	             -399
  600.6000	             -404
  600.8000	             -417
  601.0000	             -432
  601.2000	             -421
  601.4000	             -443
  601.6000	             -431
  601.8000	             -406
  602.0000	             -425
  602.2000	             -438
  602.4000	             -406
  602.6000	             -439
  602.8000	             -361
  603.0000	             -412
  603.2000	             -365
  603.4000	             -409
  603.6000	             -432
  603.8000	             -412
  604.0000	             -408
  604.2000	             -443
  604.4000	             -397
  604.6000	             -409
  604.8000	             -418
  605.0000	             -438
  605.2000	             -401
  605.4000	             -416
  605.6000	             -409
  605.8000	             -417
  606.0000	             -433
  606.2000	             -397
  606.4000	             -424
  606.6000	             -404
  606.8000	             -365
  607.0000	             -361
  607.2000	             -444
  607.4000	             -430
  607.6000	             -443
  607.8000	             -399
  608.0000	             -416
  608.2000	             -439
  608.4000	             -409
  608.6000	             -440
  608.8000	             -434
  609.0000	             -427
  609.2000	             -443
  609.4000	             -396
  609.6000	             -450
  609.8000	             -451
  610.0000	             -403
  610.2000	             -425
  610.4000	             -438
  610.6000	             -395
  610.8000	             -404
  611.0000	             -438
  611.2000	             -443
  611.4000	             -416
  611.6000	             -423
  611.8000	             -438
  612.0000	             -424
  612.2000	             -421
  612.4000	             -448
  612.6000	             -404
  612.8000	             -436
  613.0000	             -449
  613.2000	             -379
  613.4000	             -434
  613.6000	             -425
  613.8000	             -439
  614.0000	             -449
  614.2000	             -440
  614.4000	             -441
  614.6000	             -438
  614.8000	             -447
  615.0000	             -433
  615.2000	             -447
  615.4000	             -443
  615.6000	             -446
  615.8000	             -446
  616.0000	             -448
  616.2000	             -427
  616.4000	             -441
  616.6000	             -446
  616.8000	             -431
  617.0000	             -434
  617.2000	             -365
  617.4000	             -440
  617.6000	             -427
  617.8000	             -425
  618.0000	             -418
  618.2000	             -397
  618.4000	             -436
  618.6000	             -425
  618.8000	             -443
  619.0000	             -425
  619.2000	             -437
  619.4000	             -453
  619.6000	             -431
  619.8000	             -457
  620.0000	             -464
  620.2000	             -436
  620.4000	             -378
  620.6000	             -406
  620.8000	             -458
  621.0000	             -443
  621.2000	             -435
  621.4000	             -446
  621.6000	             -421
  621.8000	             -451
  622.0000	             -445
  622.2000	             -447
  622.4000	             -430
  622.6000	             -433
  622.8000	             -379
  623.0000	             -427
  623.2000	             -422
  623.4000	             -438
  623.6000	             -404
  623.8000	             -419
  624.0000	             -427
  624.2000	             -409
  624.4000	             -421
  624.6000	             -429
  624.8000	             -425
  625.0000	             -417
  625.2000	             -443
  625.4000	             -430
  625.6000	             -447
  625.8000	             -443
  626.0000	             -399
  626.2000	             -403
  626.4000	             -452
  626.6000	             -443
  626.8000	             -442
  627.0000	             -419
  627.2000	             -415
  627.4000	             -438
  627.6000	             -444
  627.8000	             -383
  628.0000	             -430
  628.2000	             -407
  628.4000	             -445
  628.6000	             -429
  628.8000	             -438
  629.0000	             -433
  629.2000	             -412
  629.4000	             -438
  629.6000	             -420
  629.8000	             -443
  630.0000	             -443
  630.2000	             -416
  630.4000	             -365
  630.6000	             -404
  630.8000	             -422
  631.0000	             -426
  631.2000	             -397
  631.4000	             -421
  631.6000	             -452
  631.8000	             -434
  632.0000	             -443
  632.2000	             -348
  632.4000	             -434
  632.6000	             -406
  632.8000	             -431
  633.0000	             -452
  633.2000	             -425
  633.4000	             -407
  633.6000	             -425
  633.8000	             -446
  634.0000	             -443
  634.2000	             -427
  634.4000	             -446
  634.6000	             -358
  634.8000	             -425
  635.0000	             -427
  635.2000	             -424
  635.4000	             -444
  635.6000	             -409
  635.8000	             -414
  636.0000	             -425
  636.2000	             -409
  636.4000	             -415
  636.6000	             -394
  636.8000	             -409
  637.0000	             -418
  637.2000	             -445
  637.4000	             -435
  637.6000	             -401
  637.8000	             -407
  638.0000	             -419
  638.2000	             -425
  638.4000	             -414
  638.6000	             -425
  638.8000	             -446
  639.0000	             -425
  639.2000	             -434
  639.4000	             -404
  639.6000	             -394
  639.8000	             -460
  640.0000	             -443
  640.2000	             -429
  640.4000	             -408
  640.6000	             -425
  640.8000	             -429
  641.0000	             -419
  641.2000	             -387
  641.4000	             -461
  641.6000	             -404
  641.8000	             -416
  642.0000	             -429
  642.2000	             -425
  642.4000	             -427
  642.6000	             -417
  642.8000	             -420
  643.0000	             -429
  643.2000	             -378
  643.4000	             -409
  643.6000	             -425
  643.8000	             -382
  644.0000	             -416
  644.2000	             -408
  644.4000	             -425
  644.6000	             -418
  644.8000	             -407
  645.0000	             -415
  645.2000	             -413
  645.4000	             -414
  645.6000	             -424
  645.8000	             -391
  646.0000	             -435
  646.2000	             -412
  646.4000	             -432
  646.6000	             -428
  646.8000	             -367
  647.0000	             -442
  647.2000	             -428
  647.4000	             -430
  647.6000	             -435
  647.8000	             -426
  648.0000	             -427
  648.2000	             -423
  648.4000	             -424
  648.6000	             -444
  648.8000	             -445
  649.0000	             -427
  649.2000	             -416
  649.4000	             -417
  649.6000	             -441
  649.8000	             -428
  650.0000	             -418
  650.2000	             -416
  650.4000	             -417
  650.6000	             -415
  650.8000	             -397
  651.0000	             -410
  651.2000	             -399
  651.4000	             -370
  651.6000	             -358
  651.8000	             -425
  652.0000	             -407
  652.2000	             -426
  652.4000	             -426
  652.6000	             -401
  652.8000	             -401
  653.0000	             -418
  653.2000	             -412
  653.4000	             -387
  653.6000	             -425
  653.8000	             -377
  654.0000	             -413
  654.2000	             -412
  654.4000	             -321
  654.6000	             -440
  654.8000	             -432
  655.0000	             -448
  655.2000	             -404
  655.4000	             -429
  655.6000	             -404
  655.8000	             -412
  656.0000	             -405
  656.2000	             -435
  656.4000	             -424
  656.6000	             -428
  656.8000	             -407
  657.0000	             -437
  657.2000	             -371
  657.4000	             -425
  657.6000	             -409
  657.8000	             -402
  658.0000	             -365
  658.2000	             -371
  658.4000	             -416
  658.6000	             -367
  658.8000	             -372
  659.0000	             -353
  659.2000	             -353
  659.4000	             -315
  659.6000	             -379
  659.8000	             -368
  660.0000	             -342
  660.2000	             -362
  660.4000	             -392
  660.6000	             -393
  660.8000	             -424
  661.0000	             -384
  661.2000	             -318
  661.4000	             -378
  661.6000	             -365
  661.8000	             -407
  662.0000	             -391
  662.2000	             -291
  662.4000	             -418
  662.6000	             -449
  662.8000	             -434
  663.0000	             -438
  663.2000	             -404
  663.4000	             -403
  663.6000	             -416
  663.8000	             -412
  664.0000	             -425
  664.2000	             -425
  664.4000	             -414
  664.6000	             -411
  664.8000	             -441
  665.0000	             -426
  665.2000	             -394
  665.4000	             -409
  665.6000	             -403
  665.8000	             -368
  666.0000	             -359
  666.2000	             -410
  666.4000	             -424
  666.6000	             -410
  666.8000	             -355
  667.0000	             -424
  667.2000	             -393
  667.4000	             -360
  667.6000	             -380
  667.8000	             -364
  668.0000	             -386
  668.2000	             -375
  668.4000	             -384
  668.6000	             -410
  668.8000	             -366
  669.0000	             -421
  669.2000	             -412
  669.4000	             -341
  669.6000	             -414
  669.8000	             -392
  670.0000	             -379
  670.2000	             -382
  670.4000	             -295
  670.6000	             -439
  670.8000	             -445
  671.0000	             -435
  671.2000	             -440
  671.4000	             -438
  671.6000	             -415
  671.8000	             -426
  672.0000	             -425
  672.2000	             -404
  672.4000	             -427
  672.6000	             -431
  672.8000	             -433
  673.0000	             -446
  673.2000	             -434
  673.4000	             -425
  673.6000	             -406
  673.8000	             -411
  674.0000	             -400
  674.2000	             -411
  674.4000	             -418
  674.6000	             -432
  674.8000	             -396
  675.0000	             -406
  675.2000	             -397
  675.4000	             -439
  675.6000	             -397
  675.8000	             -397
  676.0000	             -396
  676.2000	             -411
  676.4000	             -388
  676.6000	             -360
  676.8000	             -425
  677.0000	             -439
  677.2000	             -386
  677.4000	             -397
  677.6000	             -432
  677.8000	             -351
  678.0000	             -443
  678.2000	             -417
  678.4000	             -416
  678.6000	             -409
  678.8000	             -348
  679.0000	             -429
  679.2000	             -438
  679.4000	             -439
  679.6000	             -457
  679.8000	             -426
  680.0000	             -409
  680.2000	             -459
  680.4000	             -394
  680.6000	             -446
  680.8000	             -456
  681.0000	             -430
  681.2000	             -389
  681.4000	             -442
  681.6000	             -457
  681.8000	             -428
  682.0000	             -430
  682.2000	             -418
  682.4000	             -409
  682.6000	             -418
  682.8000	             -399
  683.0000	             -445
  683.2000	             -407
  683.4000	             -418
  683.6000	             -434
  683.8000	             -406
  684.0000	             -409
  684.2000	             -409
  684.4000	             -410
  684.6000	             -439
  684.8000	             -448
  685.0000	             -446
  685.2000	             -416
  685.4000	             -418
  685.6000	             -427
  685.8000	             -409
  686.0000	             -395
  686.2000	             -419
  686.4000	             -412
  686.6000	             -458
  686.8000	             -399
  687.0000	             -446
  687.2000	             -394
  687.4000	             -421
  687.6000	             -407
  687.8000	             -444
  688.0000	             -446
  688.2000	             -435
  688.4000	             -448
  688.6000	             -427
  688.8000	             -452
  689.0000	             -427
  689.2000	             -455
  689.4000	             -447
  689.6000	             -430
  689.8000	             -460
  690.0000	             -439
  690.2000	             -437
  690.4000	             -439
  690.6000	             -441
  690.8000	             -427
  691.0000	             -461
  691.2000	             -409
  691.4000	             -424
  691.6000	             -438
  691.8000	             -459
  692.0000	             -458
  692.2000	             -465
  692.4000	             -407
  692.6000	             -435
  692.8000	             -436
  693.0000	             -447
  693.2000	             -417
  693.4000	             -440
  693.6000	             -443
  693.8000	             -421
  694.0000	             -442
  694.2000	             -438
  694.4000	             -391
  694.6000	             -429
  694.8000	             -430
  695.0000	             -453
  695.2000	             -456
  695.4000	             -426
  695.6000	             -415
  695.8000	             -421
  696.0000	             -453
  696.2000	             -458
  696.4000	             -410
  696.6000	              197
  696.8000	             -460
  697.0000	             -386
  697.2000	             -455
  697.4000	             -460
  697.6000	             -407
  697.8000	             -426
  698.0000	             -438
  698.2000	             -460
  698.4000	             -425
  698.6000	             -430
  698.8000	             -459
  699.0000	             -435
  699.2000	             -446
  699.4000	             -430
  699.6000	             -453
  699.8000	             -463
  700.0000	             -427
  700.2000	             -432
  700.4000	             -421
  700.6000	             -422
  700.8000	             -409
  701.0000	             -425
  701.2000	             -430
  701.4000	             -416
  701.6000	             -440
  701.8000	             -425
  702.0000	             -455
  702.2000	             -459
  702.4000	             -438
  702.6000	             -405
  702.8000	             -450
  703.0000	             -417
  703.2000	             -455
  703.4000	             -437
  703.6000	             -440
  703.8000	             -426
  704.0000	             -440
  704.2000	             -447
  704.4000	             -436
  704.6000	             -427
  704.8000	             -438
  705.0000	             -457
  705.2000	             -403
  705.4000	             -438
  705.6000	             -418
  705.8000	             -407
  706.0000	             -443
  706.2000	             -407
  706.4000	             -411
  706.6000	             -301
  706.8000	             -401
  707.0000	             -436
  707.2000	             -455
  707.4000	             -446
  707.6000	             -428
  707.8000	             -415
  708.0000	             -443
  708.2000	             -427
  708.4000	             -454
  708.6000	             -446
  708.8000	             -451
  709.0000	             -466
  709.2000	             -452
  709.4000	             -430
  709.6000	             -456
  709.8000	             -438
  710.0000	             -436
  710.2000	             -430
  710.4000	             -463
  710.6000	             -435
  710.8000	             -454
  711.0000	             -427
  711.2000	             -412
  711.4000	             -429
  711.6000	             -454
  711.8000	             -438
  712.0000	             -416
  712.2000	             -452
  712.4000	             -459
  712.6000	             -418
  712.8000	             -429
  713.0000	             -425
  713.2000	             -448
  713.4000	             -447
  713.6000	             -405
  713.8000	             -416
  714.0000	             -418
  714.2000	             -426
  714.4000	             -449
  714.6000	             -412
  714.8000	             -441
  715.0000	             -409
  715.2000	             -440
  715.4000	             -429
  715.6000	             -453
  715.8000	             -430
  716.0000	             -442
  716.2000	             -418
  716.4000	             -407
  716.6000	             -423
  716.8000	             -452
  717.0000	             -416
  717.2000	             -442
  717.4000	             -430
  717.6000	             -392
  717.8000	             -441
  718.0000	             -447
  718.2000	             -407
  718.4000	             -451
  718.6000	             -460
  718.8000	             -416
  719.0000	             -442
  719.2000	             -429
  719.4000	             -451
  719.6000	             -416
  719.8000	             -447
  720.0000	             -430
  720.2000	             -441
  720.4000	             -459
  720.6000	             -453
  720.8000	             -446
  721.0000	             -445
  721.2000	             -437
  721.4000	             -446
  721.6000	             -424
  721.8000	             -465
  722.0000	             -445
  722.2000	             -438
  722.4000	             -416
  722.6000	             -427
  722.8000	             -411
  723.0000	             -412
  723.2000	             -425
  723.4000	             -447
  723.6000	             -419
  723.8000	             -413
  724.0000	             -425
  724.2000	             -434
  724.4000	             -443
  724.6000	             -435
  724.8000	             -419
  725.0000	             -434
  725.2000	             -435
  725.4000	             -425
  725.6000	             -412
  725.8000	             -403
  726.0000	             -414
  726.2000	             -425
  726.4000	             -399
  726.6000	             -443
  726.8000	             -427
  727.0000	             -438
  727.2000	             -311
  727.4000	             -438
  727.6000	             -396
  727.8000	             -434
  728.0000	             -394
  728.2000	             -440
  728.4000	             -443
  728.6000	             -433
  728.8000	             -427
  729.0000	             -443
  729.2000	             -421
  729.4000	             -445
  729.6000	             -447
  729.8000	             -432
  730.0000	             -447
  730.2000	             -443
  730.4000	             -434
  730.6000	             -425
  730.8000	             -430
  731.0000	             -436
  731.2000	             -376
  731.4000	             -421
  731.6000	             -417
  731.8000	             -397
  732.0000	             -441
  732.2000	             -447
  732.4000	             -427
  732.6000	             -410
  732.8000	             -439
  733.0000	             -425
  733.2000	             -434
  733.4000	             -446
  733.6000	             -398
  733.8000	             -430
  734.0000	             -412
  734.2000	             -411
  734.4000	             -420
  734.6000	             -416
  734.8000	             -441
  735.0000	             -432
  735.2000	             -410
  735.4000	             -395
  735.6000	             -418
  735.8000	             -415
  736.0000	             -414
  736.2000	             -425
  736.4000	             -411
  736.6000	             -409
  736.8000	             -426
  737.0000	             -418
  737.2000	             -385
  737.4000	             -426
  737.6000	             -438
  737.8000	             -409
  738.0000	             -412
  738.2000	             -420
  738.4000	              853
  738.6000	             -359
  738.8000	             -440
  739.0000	             -443
  739.2000	             -446
  739.4000	             -419
  739.6000	             -388
  739.8000	             -427
  740.0000	             -411
  740.2000	             -439
  740.4000	             -417
  740.6000	             -437
  740.8000	             -417
  741.0000	             -437
  741.2000	             -424
  741.4000	             -427
  741.6000	             -443
  741.8000	             -434
  742.0000	             -455
  742.2000	             -395
  742.4000	             -438
  742.6000	             -461
  742.8000	             -439
  743.0000	             -406
  743.2000	             -424
  743.4000	             -410
  743.6000	             -412
  743.8000	             -406
  744.0000	             -409
  744.2000	             -411
  744.4000	             -447
  744.6000	             -395
  744.8000	             -418
  745.0000	             -431
  745.2000	             -412
  745.4000	             -419
  745.6000	             -417
  745.8000	             -405
  746.0000	             -388
  746.2000	             -395
  746.4000	             -391
  746.6000	             -412
  746.8000	             -407
  747.0000	             -427
  747.2000	             -391
  747.4000	             -413
  747.6000	             -422
  747.8000	             -405
  748.0000	             -411
  748.2000	             -422
  748.4000	             -431
  748.6000	             -432
  748.8000	             -409
  749.0000	             -378
  749.2000	             -419
  749.4000	             -396
  749.6000	             -433
  749.8000	             -404
  750.0000	             -356
  750.2000	             -329
  750.4000	             5251
  750.6000	             -416
  750.8000	             -417
  751.0000	             -414
  751.2000	             -431
  751.4000	             1209
  751.6000	             -406
  751.8000	             -416
  752.0000	             -396
  752.2000	             -422
  752.4000	             -411
  752.6000	             -417
  752.8000	             -379
  753.0000	             -397
  753.2000	             -452
  753.4000	             -438
  753.6000	             -441
  753.8000	             -441
  754.0000	             -439
  754.2000	             -441
  754.4000	             -411
  754.6000	             -418
  754.8000	             -404
  755.0000	             -430
  755.2000	             -412
  755.4000	             -447
  755.6000	             -425
  755.8000	             -453
  756.0000	             -425
  756.2000	             -409
  756.4000	             -407
  756.6000	             -407
  756.8000	             -419
  757.0000	             -441
  757.2000	             -406
  757.4000	             -411
  757.6000	             -417
  757.8000	             -404
  758.0000	             -410
  758.2000	             -444
  758.4000	             -382
  758.6000	             -423
  758.8000	             -382
  759.0000	             -417
  759.2000	             -428
  759.4000	             -416
  759.6000	             -436
  759.8000	             -410
  760.0000	             -397
  760.2000	             -414
  760.4000	             -423
  760.6000	             -413
  760.8000	             -420
  761.0000	             -432
  761.2000	             -402
  761.4000	             -425
  761.6000	             -427
  761.8000	             -431
  762.0000	             -416
  762.2000	             -424
  762.4000	             -376
  762.6000	             -391
  762.8000	             -447
  763.0000	             -430
  763.2000	             -433
  763.4000	              718
  763.6000	             -410
  763.8000	             -416
  764.0000	             -412
  764.2000	             -447
  764.4000	             -406
  764.6000	             -443
  764.8000	             -444
  765.0000	             -404
  765.2000	             -429
  765.4000	             -435
  765.6000	             -442
  765.8000	             -423
  766.0000	             -425
  766.2000	             -438
  766.4000	             -381
  766.6000	             -441
  766.8000	             -440
  767.0000	             -440
  767.2000	             -411
  767.4000	             -443
  767.6000	             -424
  767.8000	             -425
  768.0000	             -406
  768.2000	             -396
  768.4000	             -427
  768.6000	             -382
  768.8000	             -431
  769.0000	             -415
  769.2000	             -391
  769.4000	             -395
  769.6000	             -365
  769.8000	             -400
  770.0000	             -406
  770.2000	             -368
  770.4000	             -406
  770.6000	             -315
  770.8000	             -351
  771.0000	             -388
  771.2000	             -360
  771.4000	             -400
  771.6000	             -448
  771.8000	             -393
  772.0000	             -376
  772.2000	             -382
  772.4000	             1311
  772.6000	             -365
  772.8000	             -400
  773.0000	             -329
  773.2000	             -397
  773.4000	             -393
  773.6000	             -422
  773.8000	             -359
  774.0000	             -414
  774.2000	             -404
  774.4000	             -426
  774.6000	             -365
  774.8000	             -393
  775.0000	             -412
  775.2000	             -344
  775.4000	             -412
  775.6000	             -443
  775.8000	             -443
  776.0000	             -427
  776.2000	             -425
  776.4000	             -427
  776.6000	             -414
  776.8000	             -418
  777.0000	             -435
  777.2000	             -423
  777.4000	             -415
  777.6000	             -412
  777.8000	             -478
  778.0000	             -447
  778.2000	             -413
  778.4000	             -427
  778.6000	             -413
  778.8000	             -452
  779.0000	             -458
  779.2000	             -441
  779.4000	             -415
  779.6000	             -442
  779.8000	             -441
  780.0000	             -426
  780.2000	             -439
  780.4000	             -434
  780.6000	             -426
  780.8000	             -447
  781.0000	             -447
  781.2000	             -406
  781.4000	             -459
  781.6000	             -416
  781.8000	             -438
  782.0000	             -407
  782.2000	             -438
  782.4000	             -442
  782.6000	             -452
  782.8000	             -427
  783.0000	             -447
  783.2000	             -458
  783.4000	             -438
  783.6000	             -455
  783.8000	             -443
  784.0000	             -408
  784.2000	             -441
  784.4000	             -427
  784.6000	             -394
  784.8000	             -460
  785.0000	             -443
  785.2000	             -443
  785.4000	             -460
  785.6000	             -460
  785.8000	             -421
  786.0000	             -435
  786.2000	             -441
  786.4000	             -446
  786.6000	             -447
  786.8000	             -455
  787.0000	             -450
  787.2000	             -449
  787.4000	             -447
  787.6000	             -457
  787.8000	             -446
  788.0000	             -429
  788.2000	             -441
  788.4000	             -452
  788.6000	             -455
  788.8000	             -432
  789.0000	             -422
  789.2000	             -460
  789.4000	             -457
  789.6000	             -438
  789.8000	             -435
  790.0000	             -447
  790.2000	             -438
  790.4000	             -442
  790.6000	             -458
  790.8000	             -409
  791.0000	             -455
  791.2000	             -457
  791.4000	             -379
  791.6000	             -441
  791.8000	             -414
  792.0000	             -421
  792.2000	             -435
  792.4000	             -455
  792.6000	             -457
  792.8000	             -438
  793.0000	             -442
  793.2000	             -452
  793.4000	             -441
  793.6000	             -408
  793.8000	             -460
  794.0000	             -454
  794.2000	             -447
  794.4000	             -453
  794.6000	             -408
  794.8000	              564
  795.0000	             -462
  795.2000	             -438
  795.4000	             -446
  795.6000	             -438
  795.8000	             -460
  796.0000	             -442
  796.2000	             -457
  796.4000	             -459
  796.6000	             -385
  796.8000	             -441
  797.0000	             -410
  797.2000	             -440
  797.4000	             -439
  797.6000	             -425
  797.8000	             -435
  798.0000	             -442
  798.2000	             -447
  798.4000	             -446
  798.6000	             -446
  798.8000	             -418
  799.0000	             -437
  799.2000	             -423
  799.4000	             -452
  799.6000	             -438
  799.8000	             -459
  800.0000	             -391
  800.2000	             -402
  800.4000	             -429
  800.6000	               74
  800.8000	             -434
  801.0000	             -424
  801.2000	             -407
  801.4000	                9
  801.6000	             -430
  801.8000	             -417
  802.0000	             -434
  802.2000	             -427
  802.4000	             -394
  802.6000	             -394
  802.8000	             -386
  803.0000	             -383
  803.2000	             -442
  803.4000	             -431
  803.6000	             -445
  803.8000	             -427
  804.0000	             -442
  804.2000	             -441
  804.4000	             -443
  804.6000	             -443
  804.8000	             -435
  805.0000	             -446
