  600.0000	             -534
  600.2000	             -522
  600.4000	             -470
  600.6000	             -492
  600.8000	             -502
  601.0000	             -525
  601.2000	             -506
  601.4000	             -544
  601.6000	             -512
  601.8000	             -555
  602.0000	             -499
  602.2000	             -529
  602.4000	             -503
  602.6000	             -544
  602.8000	             -550
  603.0000	             -495
  603.2000	             -481
  603.4000	             -545
  603.6000	             -522
  603.8000	             -503
  604.0000	             -494
  604.2000	             -517
  604.4000	             -500
  604.6000	             -487
  604.8000	             -513
  605.0000	             -527
  605.2000	             -515
  605.4000	             -501
  605.6000	             -525
  605.8000	             -541
  606.0000	             -511
  606.2000	             -457
  606.4000	             -522
  606.6000	             -525
  606.8000	             -461
  607.0000	             -522
  607.2000	             -525
  607.4000	             -569
  607.6000	             -541
  607.8000	             -497
  608.0000	             -544
  608.2000	             -552
  608.4000	             -506
  608.6000	             -546
  608.8000	             -545
  609.0000	             -554
  609.2000	             -510
  609.4000	             -556
  609.6000	             -487
  609.8000	             -495
  610.0000	             -558
  610.2000	             -506
  610.4000	             -544
  610.6000	             -508
  610.8000	             -567
  611.0000	             -482
  611.2000	             -487
  611.4000	             -540
  611.6000	             -538
  611.8000	             -506
  612.0000	             -539
  612.2000	             -536
  612.4000	             -539
  612.6000	             -508
  612.8000	             -508
  613.0000	             -511
  613.2000	             -524
  613.4000	             -569
  613.6000	             -552
  613.8000	             -559
  614.0000	             -569
  614.2000	             -554
  614.4000	             -525
  614.6000	             -495
  614.8000	             -555
  615.0000	             -512
  615.2000	             -531
  615.4000	             -555
  615.6000	             -545
  615.8000	             -554
  616.0000	             -544
  616.2000	             -531
  616.4000	             -559
  616.6000	             -522
  616.8000	             -544
  617.0000	             -541
  617.2000	             -525
  617.4000	             -547
  617.6000	             -541
  617.8000	             -569
  618.0000	             -543
  618.2000	             -545
  618.4000	             -530
  618.6000	             -499
  618.8000	             -556
  619.0000	             -545
  619.2000	             -539
  619.4000	             -552
  619.6000	             -554
  619.8000	             -545
  620.0000	             -549
  620.2000	             -549
  620.4000	             -549
  620.6000	             -541
  620.8000	             -530
  621.0000	             -544
  621.2000	             -543
  621.4000	             -540
  621.6000	             -540
  621.8000	             -559
  622.0000	             -482
  622.2000	             -557
  622.4000	             -543
  622.6000	             -541
  622.8000	             -551
  623.0000	             -511
  623.2000	             -558
  623.4000	             -536
  623.6000	             -494
  623.8000	             -536
  624.0000	             -549
  624.2000	             -506
  624.4000	             -510
  624.6000	             -536
  624.8000	             -556
  625.0000	             -542
  625.2000	             -539
  625.4000	             -545
  625.6000	             -546
  625.8000	             -549
  626.0000	             -495
  626.2000	             -541
  626.4000	             -516
  626.6000	             -532
  626.8000	             -530
  627.0000	             -556
  627.2000	             -537
  627.4000	             -551
  627.6000	             -531
  627.8000	             -516
  628.0000	             -505
  628.2000	             -555
  628.4000	             -536
  628.6000	             -513
  628.8000	             -516
  629.0000	             -533
  629.2000	             -518
  629.4000	             -465
  629.6000	             -515
  629.8000	             -497
  630.0000	             -540
  630.2000	             -522
  630.4000	             -497
  630.6000	             -524
  630.8000	             -506
  631.0000	             -519
  631.2000	             -531
  631.4000	             -539
  631.6000	             -480
  631.8000	             -513
  632.0000	             -539
  632.2000	             -513
  632.4000	             -555
  632.6000	             -525
  632.8000	             -519
  633.0000	             -508
  633.2000	             -538
  633.4000	             -543
  633.6000	             -537
  633.8000	             -543
  634.0000	             -499
  634.2000	             -533
  634.4000	             -493
  634.6000	             -552
  634.8000	             -482
  635.0000	             -559
  635.2000	             -489
  635.4000	             -518
  635.6000	             -499
  635.8000	             -527
  636.0000	             -534
  636.2000	             -465
  636.4000	             -497
  636.6000	             -488
  636.8000	             -497
  637.0000	             -480
  637.2000	             -482
  637.4000	             -535
  637.6000	             -517
  637.8000	             -481
  638.0000	             -537
  638.2000	             -493
  638.4000	             -504
  638.6000	             -482
  638.8000	             -536
  639.0000	             -513
  639.2000	             -527
  639.4000	             -431
  639.6000	             -530
  639.8000	             -498
  640.0000	             -493
  640.2000	             -542
  640.4000	             -538
  640.6000	             -498
  640.8000	             -536
  641.0000	             -530
  641.2000	             -536
  641.4000	             -487
  641.6000	             -450
  641.8000	             -534
  642.0000	             -481
  642.2000	             -536
  642.4000	             -500
  642.6000	             -481
  642.8000	             -477
  643.0000	             -512
  643.2000	             -451
  643.4000	             -504
  643.6000	             -511
  643.8000	             -486
  644.0000	             -457
  644.2000	             -517
  644.4000	             -495
  644.6000	             -521
  644.8000	             -488
  645.0000	             -453
  645.2000	             -494
  645.4000	             -526
  645.6000	             -474
  645.8000	             -475
  646.0000	             -525
  646.2000	             -525
  646.4000	             -495
  646.6000	             -506
  646.8000	             -458
  647.0000	             -523
  647.2000	             -480
  647.4000	             -523
  647.6000	             -511
  647.8000	             -522
  648.0000	             -497
  648.2000	             -500
  648.4000	             -500
  648.6000	             -553
  648.8000	             -506
  649.0000	             -513
  649.2000	             -481
  649.4000	             -536
  649.6000	             -513
  649.8000	             -497
  650.0000	             -461
  650.2000	             -528
  650.4000	             -477
  650.6000	             -517
  650.8000	             -461
  651.0000	             -483
  651.2000	             -484
  651.4000	             -504
  651.6000	             -429
  651.8000	             -479
  652.0000	             -453
  652.2000	             -412
  652.4000	             -512
  652.6000	             -487
  652.8000	             -473
  653.0000	             -512
  653.2000	             -493
  653.4000	             -381
  653.6000	             -513
  653.8000	             -492
  654.0000	             -505
  654.2000	             -454
  654.4000	             -391
  654.6000	             -525
  654.8000	             -508
  655.0000	             -539
  655.2000	             -475
  655.4000	             -489
  655.6000	             -525
  655.8000	             -519
  656.0000	             -481
  656.2000	             -537
  656.4000	             -503
  656.6000	             -511
  656.8000	             -535
  657.0000	             -497
  657.2000	             -444
  657.4000	             -509
  657.6000	             -514
  657.8000	             -499
  658.0000	             -431
  658.2000	             -459
  658.4000	             -487
  658.6000	             -470
  658.8000	             -435
  659.0000	             -482
  659.2000	             -440
  659.4000	             -431
  659.6000	             -432
  659.8000	             -461
  660.0000	             -476
  660.2000	             -482
  660.4000	             -397
  660.6000	             -476
  660.8000	             -514
  661.0000	             -493
  661.2000	             -376
  661.4000	             -469
  661.6000	             -470
  661.8000	             -510
  662.0000	             -399
  662.2000	             -405
  662.4000	             -508
  662.6000	             -508
  662.8000	             -533
  663.0000	             -475
  663.2000	             -520
  663.4000	             -501
  663.6000	             -522
  663.8000	             -474
  664.0000	             -484
  664.2000	             -530
  664.4000	             -522
  664.6000	             -514
  664.8000	             -512
  665.0000	             -537
  665.2000	             -458
  665.4000	             -488
  665.6000	             -459
  665.8000	             -431
  666.0000	             -448
  666.2000	             -501
  666.4000	             -459
  666.6000	             -421
  666.8000	             -486
  667.0000	             -443
  667.2000	             -483
  667.4000	             -440
  667.6000	             -457
  667.8000	             -504
  668.0000	             -449
  668.2000	             -474
  668.4000	             -461
  668.6000	             -427
  668.8000	             -452
  669.0000	             -481
  669.2000	             -468
  669.4000	             -421
  669.6000	             -474
  669.8000	             -460
  670.0000	             -454
  670.2000	             -481
  670.4000	             -406
  670.6000	             -495
  670.8000	             -480
  671.0000	             -495
  671.2000	             -516
  671.4000	             -499
  671.6000	             -484
  671.8000	             -495
  672.0000	             -535
  672.2000	             -497
  672.4000	             -531
  672.6000	             -492
  672.8000	             -525
  673.0000	             -492
  673.2000	             -498
  673.4000	             -517
  673.6000	             -540
  673.8000	             -493
  674.0000	             -516
  674.2000	             -495
  674.4000	             -490
  674.6000	             -453
  674.8000	             -501
  675.0000	             -494
  675.2000	             -454
  675.4000	             -480
  675.6000	             -480
  675.8000	             -495
  676.0000	             -529
  676.2000	             -507
  676.4000	             -453
  676.6000	             -507
  676.8000	             -503
  677.0000	             -504
  677.2000	             -493
  677.4000	             -484
  677.6000	             -457
  677.8000	             -450
  678.0000	             -525
  678.2000	             -463
  678.4000	             -511
  678.6000	             -503
  678.8000	             -420
  679.0000	             -492
  679.2000	             -555
  679.4000	             -544
  679.6000	             -536
  679.8000	             -478
  680.0000	             -499
  680.2000	             -543
  680.4000	             -501
  680.6000	             -536
  680.8000	             -541
  681.0000	             -541
  681.2000	             -538
  681.4000	             -541
  681.6000	             -533
  681.8000	             -554
  682.0000	             -508
  682.2000	             -546
  682.4000	             -540
  682.6000	             -495
  682.8000	             -540
  683.0000	             -508
  683.2000	             -529
  683.4000	             -478
  683.6000	             -517
  683.8000	             -525
  684.0000	             -487
  684.2000	             -511
  684.4000	             -530
  684.6000	             -536
  684.8000	             -509
  685.0000	             -494
  685.2000	             -502
  685.4000	             -508
  685.6000	             -533
  685.8000	             -528
  686.0000	             -497
  686.2000	             -512
  686.4000	             -460
  686.6000	             -543
  686.8000	             -489
  687.0000	             -510
  687.2000	             -473
  687.4000	             -513
  687.6000	             -522
  687.8000	             -554
  688.0000	             -540
  688.2000	             -487
  688.4000	             -520
  688.6000	             -508
  688.8000	             -558
  689.0000	             -543
  689.2000	             -557
  689.4000	             -525
  689.6000	             -495
  689.8000	             -569
  690.0000	             -531
  690.2000	             -544
  690.4000	             -534
  690.6000	             -535
  690.8000	             -510
  691.0000	             -504
  691.2000	             -548
  691.4000	             -550
  691.6000	             -536
  691.8000	             -548
  692.0000	             -495
  692.2000	             -540
  692.4000	             -524
  692.6000	             -514
  692.8000	             -536
  693.0000	             -519
  693.2000	             -519
  693.4000	             -524
  693.6000	             -476
  693.8000	             -527
  694.0000	             -465
  694.2000	             -551
  694.4000	             -495
  694.6000	             -523
  694.8000	             -495
  695.0000	             -521
  695.2000	             -536
  695.4000	             -510
  695.6000	             -568
  695.8000	             -569
  696.0000	             -525
  696.2000	             -529
  696.4000	             -503
  696.6000	              142
  696.8000	             -559
  697.0000	             -508
  697.2000	             -508
  697.4000	             -513
  697.6000	             -516
  697.8000	             -492
  698.0000	             -542
  698.2000	             -502
  698.4000	             -542
  698.6000	             -541
  698.8000	             -515
  699.0000	             -538
  699.2000	             -557
  699.4000	             -557
  699.6000	             -522
  699.8000	             -531
  700.0000	             -487
  700.2000	             -525
  700.4000	             -558
  700.6000	             -500
  700.8000	             -543
  701.0000	             -521
  701.2000	             -544
  701.4000	             -538
  701.6000	             -508
  701.8000	             -554
  702.0000	             -540
  702.2000	             -548
  702.4000	             -487
  702.6000	             -496
  702.8000	             -527
  703.0000	             -495
  703.2000	             -524
  703.4000	             -542
  703.6000	             -545
  703.8000	             -540
  704.0000	             -552
  704.2000	             -536
  704.4000	             -547
  704.6000	             -554
  704.8000	             -558
  705.0000	             -543
  705.2000	             -554
  705.4000	             -538
  705.6000	             -518
  705.8000	             -500
  706.0000	             -536
  706.2000	             -541
  706.4000	             -539
  706.6000	             -326
  706.8000	             -498
  707.0000	             -537
  707.2000	             -536
  707.4000	             -536
  707.6000	             -549
  707.8000	             -487
  708.0000	             -506
  708.2000	             -538
  708.4000	             -541
  708.6000	             -546
  708.8000	             -531
  709.0000	             -549
  709.2000	             -543
  709.4000	             -502
  709.6000	             -554
  709.8000	             -508
  710.0000	             -551
  710.2000	             -521
  710.4000	             -522
  710.6000	             -545
  710.8000	             -541
  711.0000	             -547
  711.2000	             -525
  711.4000	             -542
  711.6000	             -518
  711.8000	             -519
  712.0000	             -511
  712.2000	             -487
  712.4000	             -536
  712.6000	             -541
  712.8000	             -524
  713.0000	             -527
  713.2000	             -492
  713.4000	             -510
  713.6000	             -531
  713.8000	             -518
  714.0000	             -538
  714.2000	             -497
  714.4000	             -487
  714.6000	             -467
  714.8000	             -508
  715.0000	             -546
  715.2000	             -495
  715.4000	             -500
  715.6000	             -510
  715.8000	             -517
  716.0000	             -539
  716.2000	             -538
  716.4000	             -509
  716.6000	             -521
  716.8000	             -506
  717.0000	             -540
  717.2000	             -513
  717.4000	             -538
  717.6000	             -559
  717.8000	             -458
  718.0000	             -541
  718.2000	             -526
  718.4000	             -554
  718.6000	             -521
  718.8000	             -554
  719.0000	             -519
  719.2000	             -482
  719.4000	             -547
  719.6000	             -543
  719.8000	             -538
  720.0000	             -525
  720.2000	             -550
  720.4000	             -492
  720.6000	             -538
  720.8000	             -531
  721.0000	             -482
  721.2000	             -513
  721.4000	             -540
  721.6000	             -494
  721.8000	             -527
  722.0000	             -524
  722.2000	             -482
  722.4000	             -473
  722.6000	             -547
  722.8000	             -495
  723.0000	             -497
  723.2000	             -475
  723.4000	             -544
  723.6000	             -500
  723.8000	             -514
  724.0000	             -479
  724.2000	             -535
  724.4000	             -536
  724.6000	             -482
  724.8000	             -527
  725.0000	             -506
  725.2000	             -523
  725.4000	             -468
  725.6000	             -495
  725.8000	             -509
  726.0000	             -502
  726.2000	             -460
  726.4000	             -535
  726.6000	             -502
  726.8000	             -532
  727.0000	             -529
  727.2000	             -355
  727.4000	             -540
  727.6000	             -516
  727.8000	             -538
  728.0000	             -554
  728.2000	             -543
  728.4000	             -492
  728.6000	             -495
  728.8000	             -497
  729.0000	             -506
  729.2000	             -497
  729.4000	             -543
  729.6000	             -546
  729.8000	             -528
  730.0000	             -528
  730.2000	             -523
  730.4000	             -536
  730.6000	             -535
  730.8000	             -510
  731.0000	             -495
  731.2000	             -532
  731.4000	             -542
  731.6000	             -496
  731.8000	             -494
  732.0000	             -541
  732.2000	             -511
  732.4000	             -515
  732.6000	             -495
  732.8000	             -491
  733.0000	             -497
  733.2000	             -514
  733.4000	             -463
  733.6000	             -503
  733.8000	             -524
  734.0000	             -495
  734.2000	             -495
  734.4000	             -480
  734.6000	             -488
  734.8000	             -513
  735.0000	             -499
  735.2000	             -504
  735.4000	             -512
  735.6000	             -498
  735.8000	             -512
  736.0000	             -515
  736.2000	             -478
  736.4000	             -505
  736.6000	             -461
  736.8000	             -520
  737.0000	             -481
  737.2000	             -471
  737.4000	             -462
  737.6000	             -525
  737.8000	             -497
  738.0000	             -465
  738.2000	             -511
  738.4000	             1040
  738.6000	             -496
  738.8000	             -547
  739.0000	             -510
  739.2000	             -549
  739.4000	             -541
  739.6000	             -485
  739.8000	             -527
  740.0000	             -477
  740.2000	             -512
  740.4000	             -529
  740.6000	             -543
  740.8000	             -482
  741.0000	             -519
  741.2000	             -533
  741.4000	             -541
  741.6000	             -528
  741.8000	             -497
  742.0000	             -486
  742.2000	             -512
  742.4000	             -497
  742.6000	             -507
  742.8000	             -544
  743.0000	             -497
  743.2000	             -506
  743.4000	             -507
  743.6000	             -463
  743.8000	             -527
  744.0000	             -511
  744.2000	             -506
  744.4000	             -528
  744.6000	             -450
  744.8000	             -504
  745.0000	             -521
  745.2000	             -470
  745.4000	             -512
  745.6000	             -504
  745.8000	             -518
  746.0000	             -497
  746.2000	             -488
  746.4000	             -515
  746.6000	             -472
  746.8000	             -496
  747.0000	             -517
  747.2000	             -471
  747.4000	             -491
  747.6000	             -505
  747.8000	             -436
  748.0000	             -480
  748.2000	             -432
  748.4000	             -494
  748.6000	             -477
  748.8000	             -512
  749.0000	             -416
  749.2000	             -505
  749.4000	             -514
  749.6000	             -501
  749.8000	             -505
  750.0000	             -501
  750.2000	             -419
  750.4000	             5998
  750.6000	             -460
  750.8000	             -479
  751.0000	             -497
  751.2000	             -506
  751.4000	             1444
  751.6000	             -490
  751.8000	             -472
  752.0000	             -507
  752.2000	             -480
  752.4000	             -510
  752.6000	             -511
  752.8000	             -527
  753.0000	             -529
  753.2000	             -541
  753.4000	             -493
  753.6000	             -494
  753.8000	             -482
  754.0000	             -503
  754.2000	             -485
  754.4000	             -533
  754.6000	             -528
  754.8000	             -533
  755.0000	             -521
  755.2000	             -517
  755.4000	             -495
  755.6000	             -497
  755.8000	             -544
  756.0000	             -513
  756.2000	             -503
  756.4000	             -495
  756.6000	             -496
  756.8000	             -480
  757.0000	             -502
  757.2000	             -473
  757.4000	             -515
  757.6000	             -515
  757.8000	             -505
  758.0000	             -483
  758.2000	             -512
  758.4000	             -493
  758.6000	             -501
  758.8000	             -467
  759.0000	             -522
  759.2000	             -457
  759.4000	             -508
  759.6000	             -457
  759.8000	             -415
  760.0000	             -521
  760.2000	             -517
  760.4000	             -495
  760.6000	             -525
  760.8000	             -461
  761.0000	             -517
  761.2000	             -435
  761.4000	             -525
  761.6000	             -539
  761.8000	             -526
  762.0000	             -488
  762.2000	             -528
  762.4000	             -428
  762.6000	             -475
  762.8000	             -522
  763.0000	             -489
  763.2000	             -539
  763.4000	              781
  763.6000	             -513
  763.8000	             -513
  764.0000	             -516
  764.2000	             -528
  764.4000	             -512
  764.6000	             -497
  764.8000	             -520
  765.0000	             -525
  765.2000	             -495
  765.4000	             -459
  765.6000	             -536
  765.8000	             -495
  766.0000	             -471
  766.2000	             -539
  766.4000	             -527
  766.6000	             -535
  766.8000	             -516
  767.0000	             -465
  767.2000	             -501
  767.4000	             -495
  767.6000	             -474
  767.8000	             -517
  768.0000	             -486
  768.2000	             -517
  768.4000	             -495
  768.6000	             -517
  768.8000	             -496
  769.0000	             -516
  769.2000	             -492
  769.4000	             -468
  769.6000	             -426
  769.8000	             -504
  770.0000	             -430
  770.2000	             -433
  770.4000	             -449
  770.6000	             -448
  770.8000	             -455
  771.0000	             -471
  771.2000	             -433
  771.4000	             -479
  771.6000	             -468
  771.8000	             -445
  772.0000	             -421
  772.2000	             -474
  772.4000	             1451
  772.6000	             -507
  772.8000	             -495
  773.0000	             -417
  773.2000	             -505
  773.4000	             -461
  773.6000	             -498
  773.8000	             -414
  774.0000	             -461
  774.2000	             -465
  774.4000	             -504
  774.6000	             -449
  774.8000	             -476
  775.0000	             -473
  775.2000	             -397
  775.4000	             -515
  775.6000	             -481
  775.8000	             -517
  776.0000	             -521
  776.2000	             -531
  776.4000	             -529
  776.6000	             -512
  776.8000	             -512
  777.0000	             -538
  777.2000	             -518
  777.4000	             -502
  777.6000	             -541
  777.8000	             -512
  778.0000	             -541
  778.2000	             -549
  778.4000	             -492
  778.6000	             -499
  778.8000	             -543
  779.0000	             -537
  779.2000	             -487
  779.4000	             -508
  779.6000	             -500
  779.8000	             -560
  780.0000	             -533
  780.2000	             -501
  780.4000	             -539
  780.6000	             -524
  780.8000	             -510
  781.0000	             -536
  781.2000	             -518
  781.4000	             -497
  781.6000	             -538
  781.8000	             -519
  782.0000	             -539
  782.2000	             -543
  782.4000	             -482
  782.6000	             -495
  782.8000	             -545
  783.0000	             -557
  783.2000	             -557
  783.4000	             -542
  783.6000	             -495
  783.8000	             -545
  784.0000	             -527
  784.2000	             -518
  784.4000	             -482
  784.6000	             -536
  784.8000	             -533
  785.0000	             -542
  785.2000	             -536
  785.4000	             -534
  785.6000	             -558
  785.8000	             -541
  786.0000	             -540
  786.2000	             -535
  786.4000	             -495
  786.6000	             -522
  786.8000	             -541
  787.0000	             -549
  787.2000	             -533
  787.4000	             -539
  787.6000	             -487
  787.8000	             -547
  788.0000	             -511
  788.2000	             -495
  788.4000	             -542
  788.6000	             -537
  788.8000	             -511
  789.0000	             -533
  789.2000	             -512
  789.4000	             -525
  789.6000	             -538
  789.8000	             -550
  790.0000	             -495
  790.2000	             -541
  790.4000	             -519
  790.6000	             -505
  790.8000	             -514
  791.0000	             -537
  791.2000	             -543
  791.4000	             -542
  791.6000	             -495
  791.8000	             -535
  792.0000	             -487
  792.2000	             -549
  792.4000	             -519
  792.6000	             -535
  792.8000	             -529
  793.0000	             -544
  793.2000	             -548
  793.4000	             -508
  793.6000	             -544
  793.8000	             -519
  794.0000	             -495
  794.2000	             -550
  794.4000	             -549
  794.6000	             -505
  794.8000	              665
  795.0000	             -540
  795.2000	             -549
  795.4000	             -544
  795.6000	             -537
  795.8000	             -554
  796.0000	             -497
  796.2000	             -558
  796.4000	             -556
  796.6000	             -536
  796.8000	             -492
  797.0000	             -543
  797.2000	             -510
  797.4000	             -541
  797.6000	             -558
  797.8000	             -501
  798.0000	             -538
  798.2000	             -505
  798.4000	             -553
  798.6000	             -489
  798.8000	             -551
  799.0000	             -525
  799.2000	             -543
  799.4000	             -519
  799.6000	             -519
  799.8000	             -533
  800.0000	             -521
  800.2000	             -487
  800.4000	             -524
  800.6000	               92
  800.8000	             -531
  801.0000	             -513
  801.2000	             -495
  801.4000	               95
  801.6000	             -530
  801.8000	             -487
  802.0000	             -536
  802.2000	             -538
  802.4000	             -499
  802.6000	             -500
  802.8000	             -524
  803.0000	             -541
  803.2000	             -506
  803.4000	             -516
  803.6000	             -532
  803.8000	             -538
  804.0000	             -487
  804.2000	             -511
  804.4000	             -541
  804.6000	             -512
  804.8000	             -544
  805.0000	             -536
