  600.0000	             -507
  600.2000	             -474
  600.4000	             -483
  600.6000	             -473
  600.8000	             -517
  601.0000	             -515
  601.2000	             -425
  601.4000	             -508
  601.6000	             -474
  601.8000	             -519
  602.0000	             -514
  602.2000	             -472
  602.4000	             -513
  602.6000	             -493
  602.8000	             -493
  603.0000	             -479
  603.2000	             -455
  603.4000	             -460
  603.6000	             -485
  603.8000	             -505
  604.0000	             -519
  604.2000	             -513
  604.4000	             -431
  604.6000	             -481
  604.8000	             -488
  605.0000	             -473
  605.2000	             -445
  605.4000	             -483
  605.6000	             -472
  605.8000	             -515
  606.0000	             -502
  606.2000	             -472
  606.4000	             -484
  606.6000	             -492
  606.8000	             -473
  607.0000	             -513
  607.2000	             -521
  607.4000	             -495
  607.6000	             -508
  607.8000	             -512
  608.0000	             -497
  608.2000	             -524
  608.4000	             -515
  608.6000	             -495
  608.8000	             -472
  609.0000	             -517
  609.2000	             -455
  609.4000	             -515
  609.6000	             -515
  609.8000	             -477
  610.0000	             -517
  610.2000	             -499
  610.4000	             -524
  610.6000	             -508
  610.8000	             -467
  611.0000	             -503
  611.2000	             -503
  611.4000	             -472
  611.6000	             -518
  611.8000	             -512
  612.0000	             -513
  612.2000	             -482
  612.4000	             -519
  612.6000	             -484
  612.8000	             -500
  613.0000	             -522
  613.2000	             -499
  613.4000	             -533
  613.6000	             -530
  613.8000	             -539
  614.0000	             -536
  614.2000	             -522
  614.4000	             -495
  614.6000	             -521
  614.8000	             -516
  615.0000	             -482
  615.2000	             -499
  615.4000	             -540
  615.6000	             -534
  615.8000	             -535
  616.0000	             -497
  616.2000	             -527
  616.4000	             -505
  616.6000	             -502
  616.8000	             -513
  617.0000	             -495
  617.2000	             -459
  617.4000	             -478
  617.6000	             -502
  617.8000	             -514
  618.0000	             -478
  618.2000	             -495
  618.4000	             -517
  618.6000	             -526
  618.8000	             -480
  619.0000	             -528
  619.2000	             -533
  619.4000	             -476
  619.6000	             -495
  619.8000	             -544
  620.0000	             -502
  620.2000	             -513
  620.4000	             -521
  620.6000	             -489
  620.8000	             -481
  621.0000	             -537
  621.2000	             -540
  621.4000	             -475
  621.6000	             -531
  621.8000	             -512
  622.0000	             -512
  622.2000	             -495
  622.4000	             -485
  622.6000	             -510
  622.8000	             -527
  623.0000	             -478
  623.2000	             -541
  623.4000	             -488
  623.6000	             -528
  623.8000	             -500
  624.0000	             -533
  624.2000	             -479
  624.4000	             -475
  624.6000	             -478
  624.8000	             -497
  625.0000	             -474
  625.2000	             -505
  625.4000	             -492
  625.6000	             -495
  625.8000	             -510
  626.0000	             -495
  626.2000	             -526
  626.4000	             -501
  626.6000	             -519
  626.8000	             -513
  627.0000	             -536
  627.2000	             -456
  627.4000	             -530
  627.6000	             -521
  627.8000	             -502
  628.0000	             -499
  628.2000	             -511
  628.4000	             -519
  628.6000	             -501
  628.8000	             -450
  629.0000	             -504
  629.2000	             -513
  629.4000	             -461
  629.6000	             -515
  629.8000	             -511
  630.0000	             -513
  630.2000	             -453
  630.4000	             -514
  630.6000	             -524
  630.8000	             -526
  631.0000	             -497
  631.2000	             -513
  631.4000	             -517
  631.6000	             -472
  631.8000	             -521
  632.0000	             -513
  632.2000	             -428
  632.4000	             -497
  632.6000	             -507
  632.8000	             -539
  633.0000	             -521
  633.2000	             -459
  633.4000	             -515
  633.6000	             -503
  633.8000	             -480
  634.0000	             -500
  634.2000	             -524
  634.4000	             -513
  634.6000	             -495
  634.8000	             -456
  635.0000	             -480
  635.2000	             -502
  635.4000	             -511
  635.6000	             -519
  635.8000	             -459
  636.0000	             -514
  636.2000	             -507
  636.4000	             -527
  636.6000	             -520
  636.8000	             -511
  637.0000	             -474
  637.2000	             -471
  637.4000	             -515
  637.6000	             -472
  637.8000	             -494
  638.0000	             -511
  638.2000	             -454
  638.4000	             -421
  638.6000	             -494
  638.8000	             -522
  639.0000	             -515
  639.2000	             -504
  639.4000	             -474
  639.6000	             -533
  639.8000	             -478
  640.0000	             -495
  640.2000	             -512
  640.4000	             -505
  640.6000	             -495
  640.8000	             -508
  641.0000	             -505
  641.2000	             -497
  641.4000	             -495
  641.6000	             -453
  641.8000	             -488
  642.0000	             -514
  642.2000	             -507
  642.4000	             -453
  642.6000	             -474
  642.8000	             -507
  643.0000	             -512
  643.2000	             -507
  643.4000	             -421
  643.6000	             -502
  643.8000	             -474
  644.0000	             -473
  644.2000	             -455
  644.4000	             -450
  644.6000	             -470
  644.8000	             -449
  645.0000	             -495
  645.2000	             -479
  645.4000	             -511
  645.6000	             -488
  645.8000	             -471
  646.0000	             -515
  646.2000	             -498
  646.4000	             -522
  646.6000	             -469
  646.8000	             -415
  647.0000	             -542
  647.2000	             -450
  647.4000	             -528
  647.6000	             -514
  647.8000	             -511
  648.0000	             -503
  648.2000	             -489
  648.4000	             -482
  648.6000	             -464
  648.8000	             -536
  649.0000	             -501
  649.2000	             -507
  649.4000	             -465
  649.6000	             -508
  649.8000	             -462
  650.0000	             -492
  650.2000	             -520
  650.4000	             -513
  650.6000	             -502
  650.8000	             -501
  651.0000	             -461
  651.2000	             -505
  651.4000	             -473
  651.6000	             -436
  651.8000	             -474
  652.0000	             -505
  652.2000	             -432
  652.4000	             -462
  652.6000	             -472
  652.8000	             -470
  653.0000	             -487
  653.2000	             -473
  653.4000	             -399
  653.6000	             -505
  653.8000	             -491
  654.0000	             -480
  654.2000	             -479
  654.4000	             -378
  654.6000	             -508
  654.8000	             -527
  655.0000	             -533
  655.2000	             -504
  655.4000	             -527
  655.6000	             -515
  655.8000	             -512
  656.0000	             -505
  656.2000	             -472
  656.4000	             -461
  656.6000	             -474
  656.8000	             -494
  657.0000	             -513
  657.2000	             -418
  657.4000	             -465
  657.6000	             -461
  657.8000	             -474
  658.0000	             -468
  658.2000	             -425
  658.4000	             -472
  658.6000	             -424
  658.8000	             -467
  659.0000	             -432
  659.2000	             -447
  659.4000	             -431
  659.6000	             -403
  659.8000	             -452
  660.0000	             -451
  660.2000	             -444
  660.4000	             -421
  660.6000	             -387
  660.8000	             -472
  661.0000	             -473
  661.2000	             -405
  661.4000	             -397
  661.6000	             -419
  661.8000	             -507
  662.0000	             -437
  662.2000	             -372
  662.4000	             -475
  662.6000	             -512
  662.8000	             -517
  663.0000	             -455
  663.2000	             -503
  663.4000	             -454
  663.6000	             -517
  663.8000	             -522
  664.0000	             -456
  664.2000	             -459
  664.4000	             -503
  664.6000	             -485
  664.8000	             -512
  665.0000	             -512
  665.2000	             -475
  665.4000	             -517
  665.6000	             -491
  665.8000	             -461
  666.0000	             -470
  666.2000	             -449
  666.4000	             -429
  666.6000	             -449
  666.8000	             -399
  667.0000	             -426
  667.2000	             -470
  667.4000	             -399
  667.6000	             -426
  667.8000	             -480
  668.0000	             -411
  668.2000	             -471
  668.4000	             -413
  668.6000	             -474
  668.8000	             -429
  669.0000	             -475
  669.2000	             -459
  669.4000	             -410
  669.6000	             -498
  669.8000	             -495
  670.0000	             -494
  670.2000	             -421
  670.4000	             -381
  670.6000	             -495
  670.8000	             -503
  671.0000	             -534
  671.2000	             -456
  671.4000	             -507
  671.6000	             -520
  671.8000	             -495
  672.0000	             -527
  672.2000	             -472
  672.4000	             -495
  672.6000	             -525
  672.8000	             -527
  673.0000	             -495
  673.2000	             -481
  673.4000	             -499
  673.6000	             -528
  673.8000	             -474
  674.0000	             -505
  674.2000	             -481
  674.4000	             -517
  674.6000	             -475
  674.8000	             -495
  675.0000	             -474
  675.2000	             -498
  675.4000	             -504
  675.6000	             -460
  675.8000	             -426
  676.0000	             -460
  676.2000	             -422
  676.4000	             -493
  676.6000	             -480
  676.8000	             -472
  677.0000	             -515
  677.2000	             -468
  677.4000	             -488
  677.6000	             -500
  677.8000	             -442
  678.0000	             -485
  678.2000	             -486
  678.4000	             -453
  678.6000	             -507
  678.8000	             -405
  679.0000	             -529
  679.2000	             -536
  679.4000	             -492
  679.6000	             -524
  679.8000	             -498
  680.0000	             -495
  680.2000	             -515
  680.4000	             -533
  680.6000	             -475
  680.8000	             -497
  681.0000	             -512
  681.2000	             -550
  681.4000	             -481
  681.6000	             -511
  681.8000	             -551
  682.0000	             -534
  682.2000	             -495
  682.4000	             -519
  682.6000	             -497
  682.8000	             -514
  683.0000	             -497
  683.2000	             -501
  683.4000	             -507
  683.6000	             -450
  683.8000	             -519
  684.0000	             -494
  684.2000	             -461
  684.4000	             -501
  684.6000	             -468
  684.8000	             -514
  685.0000	             -534
  685.2000	             -527
  685.4000	             -460
  685.6000	             -470
  685.8000	             -459
  686.0000	             -513
  686.2000	             -522
  686.4000	             -482
  686.6000	             -530
  686.8000	             -516
  687.0000	             -495
  687.2000	             -453
  687.4000	             -452
  687.6000	             -499
  687.8000	             -533
  688.0000	             -533
  688.2000	             -539
  688.4000	             -523
  688.6000	             -482
  688.8000	             -502
  689.0000	             -536
  689.2000	             -495
  689.4000	             -547
  689.6000	             -495
  689.8000	             -541
  690.0000	             -500
  690.2000	             -533
  690.4000	             -492
  690.6000	             -535
  690.8000	             -495
  691.0000	             -513
  691.2000	             -533
  691.4000	             -487
  691.6000	             -558
  691.8000	             -539
  692.0000	             -540
  692.2000	             -542
  692.4000	             -541
  692.6000	             -541
  692.8000	             -527
  693.0000	             -487
  693.2000	             -543
  693.4000	             -500
  693.6000	             -524
  693.8000	             -512
  694.0000	             -514
  694.2000	             -538
  694.4000	             -538
  694.6000	             -507
  694.8000	             -513
  695.0000	             -530
  695.2000	             -541
  695.4000	             -502
  695.6000	             -497
  695.8000	             -516
  696.0000	             -530
  696.2000	             -502
  696.4000	             -494
  696.6000	              168
  696.8000	             -505
  697.0000	             -546
  697.2000	             -498
  697.4000	             -513
  697.6000	             -546
  697.8000	             -536
  698.0000	             -540
  698.2000	             -510
  698.4000	             -541
  698.6000	             -495
  698.8000	             -536
  699.0000	             -528
  699.2000	             -521
  699.4000	             -521
  699.6000	             -536
  699.8000	             -496
  700.0000	             -540
  700.2000	             -494
  700.4000	             -519
  700.6000	             -505
  700.8000	             -497
  701.0000	             -510
  701.2000	             -478
  701.4000	             -495
  701.6000	             -543
  701.8000	             -503
  702.0000	             -480
  702.2000	             -492
  702.4000	             -541
  702.6000	             -495
  702.8000	             -522
  703.0000	             -478
  703.2000	             -543
  703.4000	             -510
  703.6000	             -538
  703.8000	             -517
  704.0000	             -508
  704.2000	             -525
  704.4000	             -502
  704.6000	             -536
  704.8000	             -528
  705.0000	             -526
  705.2000	             -544
  705.4000	             -502
  705.6000	             -510
  705.8000	             -461
  706.0000	             -536
  706.2000	             -481
  706.4000	             -527
  706.6000	             -315
  706.8000	             -457
  707.0000	             -505
  707.2000	             -522
  707.4000	             -544
  707.6000	             -503
  707.8000	             -504
  708.0000	             -507
  708.2000	             -525
  708.4000	             -539
  708.6000	             -497
  708.8000	             -536
  709.0000	             -521
  709.2000	             -544
  709.4000	             -487
  709.6000	             -508
  709.8000	             -527
  710.0000	             -547
  710.2000	             -549
  710.4000	             -463
  710.6000	             -482
  710.8000	             -492
  711.0000	             -511
  711.2000	             -514
  711.4000	             -527
  711.6000	             -506
  711.8000	             -495
  712.0000	             -463
  712.2000	             -481
  712.4000	             -544
  712.6000	             -498
  712.8000	             -497
  713.0000	             -530
  713.2000	             -509
  713.4000	             -517
  713.6000	             -499
  713.8000	             -533
  714.0000	             -517
  714.2000	             -534
  714.4000	             -495
  714.6000	             -492
  714.8000	             -497
  715.0000	             -497
  715.2000	             -538
  715.4000	             -499
  715.6000	             -500
  715.8000	             -487
  716.0000	             -513
  716.2000	             -475
  716.4000	             -531
  716.6000	             -540
  716.8000	             -497
  717.0000	             -533
  717.2000	             -498
  717.4000	             -501
  717.6000	             -476
  717.8000	             -541
  718.0000	             -515
  718.2000	             -533
  718.4000	             -528
  718.6000	             -508
  718.8000	             -534
  719.0000	             -541
  719.2000	             -479
  719.4000	             -495
  719.6000	             -494
  719.8000	             -557
  720.0000	             -504
  720.2000	             -541
  720.4000	             -541
  720.6000	             -482
  720.8000	             -529
  721.0000	             -478
  721.2000	             -475
  721.4000	             -495
  721.6000	             -537
  721.8000	             -495
  722.0000	             -502
  722.2000	             -503
  722.4000	             -514
  722.6000	             -478
  722.8000	             -472
  723.0000	             -456
  723.2000	             -498
  723.4000	             -537
  723.6000	             -503
  723.8000	             -470
  724.0000	             -512
  724.2000	             -495
  724.4000	             -477
  724.6000	             -519
  724.8000	             -488
  725.0000	             -537
  725.2000	             -492
  725.4000	             -519
  725.6000	             -475
  725.8000	             -459
  726.0000	             -449
  726.2000	             -529
  726.4000	             -502
  726.6000	             -515
  726.8000	             -538
  727.0000	             -531
  727.2000	             -349
  727.4000	             -456
  727.6000	             -514
  727.8000	             -527
  728.0000	             -536
  728.2000	             -551
  728.4000	             -482
  728.6000	             -478
  728.8000	             -477
  729.0000	             -487
  729.2000	             -524
  729.4000	             -524
  729.6000	             -517
  729.8000	             -497
  730.0000	             -513
  730.2000	             -508
  730.4000	             -535
  730.6000	             -481
  730.8000	             -529
  731.0000	             -488
  731.2000	             -500
  731.4000	             -456
  731.6000	             -480
  731.8000	             -503
  732.0000	             -507
  732.2000	             -465
  732.4000	             -459
  732.6000	             -533
  732.8000	             -454
  733.0000	             -517
  733.2000	             -456
  733.4000	             -521
  733.6000	             -509
  733.8000	             -507
  734.0000	             -453
  734.2000	             -514
  734.4000	             -482
  734.6000	             -493
  734.8000	             -459
  735.0000	             -470
  735.2000	             -521
  735.4000	             -513
  735.6000	             -502
  735.8000	             -503
  736.0000	             -443
  736.2000	             -504
  736.4000	             -457
  736.6000	             -449
  736.8000	             -503
  737.0000	             -412
  737.2000	             -469
  737.4000	             -482
  737.6000	             -542
  737.8000	             -452
  738.0000	             -510
  738.2000	             -440
  738.4000	             1101
  738.6000	             -485
  738.8000	             -513
  739.0000	             -523
  739.2000	             -503
  739.4000	             -482
  739.6000	             -489
  739.8000	             -515
  740.0000	             -475
  740.2000	             -494
  740.4000	             -481
  740.6000	             -513
  740.8000	             -515
  741.0000	             -528
  741.2000	             -515
  741.4000	             -513
  741.6000	             -504
  741.8000	             -511
  742.0000	             -495
  742.2000	             -530
  742.4000	             -523
  742.6000	             -513
  742.8000	             -484
  743.0000	             -504
  743.2000	             -463
  743.4000	             -501
  743.6000	             -513
  743.8000	             -512
  744.0000	             -504
  744.2000	             -504
  744.4000	             -468
  744.6000	             -512
  744.8000	             -457
  745.0000	             -488
  745.2000	             -421
  745.4000	             -474
  745.6000	             -502
  745.8000	             -449
  746.0000	             -469
  746.2000	             -483
  746.4000	             -505
  746.6000	             -405
  746.8000	             -501
  747.0000	             -508
  747.2000	             -460
  747.4000	             -502
  747.6000	             -511
  747.8000	             -494
  748.0000	             -461
  748.2000	             -472
  748.4000	             -474
  748.6000	             -453
  748.8000	             -518
  749.0000	             -452
  749.2000	             -507
  749.4000	             -467
  749.6000	             -503
  749.8000	             -517
  750.0000	             -510
  750.2000	             -405
  750.4000	             6194
  750.6000	             -504
  750.8000	             -492
  751.0000	             -527
  751.2000	             -489
  751.4000	             1403
  751.6000	             -488
  751.8000	             -518
  752.0000	             -531
  752.2000	             -465
  752.4000	             -517
  752.6000	             -494
  752.8000	             -475
  753.0000	             -472
  753.2000	             -498
  753.4000	             -533
  753.6000	             -512
  753.8000	             -536
  754.0000	             -528
  754.2000	             -495
  754.4000	             -498
  754.6000	             -515
  754.8000	             -450
  755.0000	             -503
  755.2000	             -465
  755.4000	             -503
  755.6000	             -520
  755.8000	             -462
  756.0000	             -528
  756.2000	             -515
  756.4000	             -500
  756.6000	             -488
  756.8000	             -507
  757.0000	             -495
  757.2000	             -436
  757.4000	             -453
  757.6000	             -506
  757.8000	             -457
  758.0000	             -468
  758.2000	             -522
  758.4000	             -508
  758.6000	             -486
  758.8000	             -423
  759.0000	             -531
  759.2000	             -497
  759.4000	             -514
  759.6000	             -494
  759.8000	             -494
  760.0000	             -508
  760.2000	             -454
  760.4000	             -450
  760.6000	             -534
  760.8000	             -508
  761.0000	             -507
  761.2000	             -445
  761.4000	             -526
  761.6000	             -527
  761.8000	             -459
  762.0000	             -498
  762.2000	             -457
  762.4000	             -419
  762.6000	             -468
  762.8000	             -522
  763.0000	             -503
  763.2000	             -503
  763.4000	              793
  763.6000	             -521
  763.8000	             -488
  764.0000	             -512
  764.2000	             -513
  764.4000	             -465
  764.6000	             -502
  764.8000	             -514
  765.0000	             -488
  765.2000	             -487
  765.4000	             -472
  765.6000	             -521
  765.8000	             -495
  766.0000	             -477
  766.2000	             -477
  766.4000	             -511
  766.6000	             -493
  766.8000	             -519
  767.0000	             -494
  767.2000	             -460
  767.4000	             -536
  767.6000	             -515
  767.8000	             -512
  768.0000	             -497
  768.2000	             -495
  768.4000	             -488
  768.6000	             -445
  768.8000	             -463
  769.0000	             -480
  769.2000	             -507
  769.4000	             -488
  769.6000	             -429
  769.8000	             -506
  770.0000	             -425
  770.2000	             -408
  770.4000	             -421
  770.6000	             -449
  770.8000	             -457
  771.0000	             -473
  771.2000	             -421
  771.4000	             -463
  771.6000	             -450
  771.8000	             -420
  772.0000	             -454
  772.2000	             -472
  772.4000	             1560
  772.6000	             -418
  772.8000	             -469
  773.0000	             -409
  773.2000	             -512
  773.4000	             -426
  773.6000	             -473
  773.8000	             -406
  774.0000	             -518
  774.2000	             -450
  774.4000	             -389
  774.6000	             -495
  774.8000	             -467
  775.0000	             -421
  775.2000	             -391
  775.4000	             -507
  775.6000	             -518
  775.8000	             -512
  776.0000	             -519
  776.2000	             -493
  776.4000	             -521
  776.6000	             -462
  776.8000	             -477
  777.0000	             -517
  777.2000	             -527
  777.4000	             -480
  777.6000	             -533
  777.8000	             -544
  778.0000	             -513
  778.2000	             -536
  778.4000	             -500
  778.6000	             -539
  778.8000	             -554
  779.0000	             -506
  779.2000	             -544
  779.4000	             -480
  779.6000	             -529
  779.8000	             -484
  780.0000	             -540
  780.2000	             -533
  780.4000	             -529
  780.6000	             -537
  780.8000	             -532
  781.0000	             -537
  781.2000	             -518
  781.4000	             -502
  781.6000	             -544
  781.8000	             -492
  782.0000	             -487
  782.2000	             -559
  782.4000	             -481
  782.6000	             -532
  782.8000	             -498
  783.0000	             -547
  783.2000	             -513
  783.4000	             -528
  783.6000	             -517
  783.8000	             -535
  784.0000	             -519
  784.2000	             -533
  784.4000	             -502
  784.6000	             -528
  784.8000	             -513
  785.0000	             -543
  785.2000	             -480
  785.4000	             -528
  785.6000	             -495
  785.8000	             -523
  786.0000	             -538
  786.2000	             -477
  786.4000	             -547
  786.6000	             -489
  786.8000	             -541
  787.0000	             -502
  787.2000	             -525
  787.4000	             -542
  787.6000	             -538
  787.8000	             -476
  788.0000	             -526
  788.2000	             -536
  788.4000	             -505
  788.6000	             -497
  788.8000	             -502
  789.0000	             -491
  789.2000	             -524
  789.4000	             -541
  789.6000	             -540
  789.8000	             -487
  790.0000	             -519
  790.2000	             -514
  790.4000	             -495
  790.6000	             -495
  790.8000	             -539
  791.0000	             -522
  791.2000	             -528
  791.4000	             -505
  791.6000	             -493
  791.8000	             -518
  792.0000	             -527
  792.2000	             -533
  792.4000	             -495
  792.6000	             -528
  792.8000	             -495
  793.0000	             -522
  793.2000	             -499
  793.4000	             -505
  793.6000	             -521
  793.8000	             -535
  794.0000	             -533
  794.2000	             -500
  794.4000	             -545
  794.6000	             -497
  794.8000	              695
  795.0000	             -543
  795.2000	             -539
  795.4000	             -533
  795.6000	             -497
  795.8000	             -541
  796.0000	             -528
  796.2000	             -528
  796.4000	             -501
  796.6000	             -530
  796.8000	             -481
  797.0000	             -513
  797.2000	             -530
  797.4000	             -538
  797.6000	             -528
  797.8000	             -506
  798.0000	             -511
  798.2000	             -513
  798.4000	             -480
  798.6000	             -521
  798.8000	             -535
  799.0000	             -538
  799.2000	             -510
  799.4000	             -505
  799.6000	             -502
  799.8000	             -505
  800.0000	             -535
  800.2000	             -528
  800.4000	             -525
  800.6000	                7
  800.8000	             -517
  801.0000	             -507
  801.2000	             -533
  801.4000	               65
  801.6000	             -509
  801.8000	             -536
  802.0000	             -482
  802.2000	             -482
  802.4000	             -533
  802.6000	             -482
  802.8000	             -525
  803.0000	             -464
  803.2000	             -513
  803.4000	             -508
  803.6000	             -487
  803.8000	             -513
  804.0000	             -476
  804.2000	             -504
  804.4000	             -502
  804.6000	             -506
  804.8000	             -509
  805.0000	             -536
