  600.0000	             -515
  600.2000	             -504
  600.4000	             -460
  600.6000	             -432
  600.8000	             -425
  601.0000	             -512
  601.2000	             -434
  601.4000	             -488
  601.6000	             -456
  601.8000	             -497
  602.0000	             -507
  602.2000	             -518
  602.4000	             -513
  602.6000	             -525
  602.8000	             -504
  603.0000	             -481
  603.2000	             -465
  603.4000	             -496
  603.6000	             -470
  603.8000	             -449
  604.0000	             -506
  604.2000	             -515
  604.4000	             -466
  604.6000	             -500
  604.8000	             -524
  605.0000	             -512
  605.2000	             -495
  605.4000	             -431
  605.6000	             -493
  605.8000	             -507
  606.0000	             -442
  606.2000	             -456
  606.4000	             -501
  606.6000	             -492
  606.8000	             -485
  607.0000	             -492
  607.2000	             -494
  607.4000	             -523
  607.6000	             -511
  607.8000	             -527
  608.0000	             -527
  608.2000	             -523
  608.4000	             -515
  608.6000	             -492
  608.8000	             -495
  609.0000	             -456
  609.2000	             -494
  609.4000	             -472
  609.6000	             -511
  609.8000	             -528
  610.0000	             -469
  610.2000	             -504
  610.4000	             -527
  610.6000	             -515
  610.8000	             -527
  611.0000	             -514
  611.2000	             -524
  611.4000	             -453
  611.6000	             -500
  611.8000	             -493
  612.0000	             -503
  612.2000	             -495
  612.4000	             -514
  612.6000	             -483
  612.8000	             -492
  613.0000	             -514
  613.2000	             -512
  613.4000	             -521
  613.6000	             -521
  613.8000	             -533
  614.0000	             -524
  614.2000	             -478
  614.4000	             -474
  614.6000	             -529
  614.8000	             -521
  615.0000	             -477
  615.2000	             -523
  615.4000	             -475
  615.6000	             -500
  615.8000	             -511
  616.0000	             -494
  616.2000	             -478
  616.4000	             -508
  616.6000	             -495
  616.8000	             -495
  617.0000	             -501
  617.2000	             -454
  617.4000	             -515
  617.6000	             -503
  617.8000	             -512
  618.0000	             -513
  618.2000	             -534
  618.4000	             -525
  618.6000	             -459
  618.8000	             -511
  619.0000	             -537
  619.2000	             -474
  619.4000	             -517
  619.6000	             -500
  619.8000	             -508
  620.0000	             -494
  620.2000	             -480
  620.4000	             -489
  620.6000	             -544
  620.8000	             -522
  621.0000	             -499
  621.2000	             -468
  621.4000	             -508
  621.6000	             -493
  621.8000	             -515
  622.0000	             -472
  622.2000	             -522
  622.4000	             -529
  622.6000	             -505
  622.8000	             -506
  623.0000	             -531
  623.2000	             -520
  623.4000	             -459
  623.6000	             -520
  623.8000	             -501
  624.0000	             -495
  624.2000	             -450
  624.4000	             -506
  624.6000	             -479
  624.8000	             -518
  625.0000	             -481
  625.2000	             -463
  625.4000	             -512
  625.6000	             -531
  625.8000	             -512
  626.0000	             -520
  626.2000	             -497
  626.4000	             -529
  626.6000	             -503
  626.8000	             -512
  627.0000	             -494
  627.2000	             -477
  627.4000	             -505
  627.6000	             -513
  627.8000	             -533
  628.0000	             -512
  628.2000	             -522
  628.4000	             -503
  628.6000	             -501
  628.8000	             -477
  629.0000	             -501
  629.2000	             -517
  629.4000	             -495
  629.6000	             -448
  629.8000	             -522
  630.0000	             -474
  630.2000	             -460
  630.4000	             -498
  630.6000	             -496
  630.8000	             -474
  631.0000	             -488
  631.2000	             -509
  631.4000	             -501
  631.6000	             -512
  631.8000	             -515
  632.0000	             -505
  632.2000	             -475
  632.4000	             -503
  632.6000	             -475
  632.8000	             -523
  633.0000	             -513
  633.2000	             -456
  633.4000	             -465
  633.6000	             -501
  633.8000	             -519
  634.0000	             -502
  634.2000	             -467
  634.4000	             -514
  634.6000	             -516
  634.8000	             -504
  635.0000	             -450
  635.2000	             -460
  635.4000	             -450
  635.6000	             -485
  635.8000	             -463
  636.0000	             -502
  636.2000	             -484
  636.4000	             -478
  636.6000	             -468
  636.8000	             -501
  637.0000	             -547
  637.2000	             -557
  637.4000	             -549
  637.6000	             -505
  637.8000	             -539
  638.0000	             -534
  638.2000	             -521
  638.4000	             -465
  638.6000	             -569
  638.8000	             -520
  639.0000	             -549
  639.2000	             -534
  639.4000	             -495
  639.6000	             -566
  639.8000	             -556
  640.0000	             -559
  640.2000	             -569
  640.4000	             -530
  640.6000	             -506
  640.8000	             -555
  641.0000	             -531
  641.2000	             -549
  641.4000	             -554
  641.6000	             -542
  641.8000	             -569
  642.0000	             -517
  642.2000	             -547
  642.4000	             -553
  642.6000	             -501
  642.8000	             -520
  643.0000	             -486
  643.2000	             -477
  643.4000	             -479
  643.6000	             -533
  643.8000	             -511
  644.0000	             -516
  644.2000	             -537
  644.4000	             -544
  644.6000	             -495
  644.8000	             -477
  645.0000	             -504
  645.2000	             -531
  645.4000	             -538
  645.6000	             -531
  645.8000	             -482
  646.0000	             -517
  646.2000	             -519
  646.4000	             -525
  646.6000	             -522
  646.8000	             -426
  647.0000	             -564
  647.2000	             -541
  647.4000	             -552
  647.6000	             -512
  647.8000	             -557
  648.0000	             -526
  648.2000	             -549
  648.4000	             -530
  648.6000	             -517
  648.8000	             -551
  649.0000	             -542
  649.2000	             -536
  649.4000	             -536
  649.6000	             -541
  649.8000	             -540
  650.0000	             -554
  650.2000	             -569
  650.4000	             -525
  650.6000	             -559
  650.8000	             -450
  651.0000	             -475
  651.2000	             -494
  651.4000	             -486
  651.6000	             -469
  651.8000	             -457
  652.0000	             -505
  652.2000	             -461
  652.4000	             -500
  652.6000	             -460
  652.8000	             -389
  653.0000	             -472
  653.2000	             -492
  653.4000	             -395
  653.6000	             -462
  653.8000	             -493
  654.0000	             -474
  654.2000	             -470
  654.4000	             -358
  654.6000	             -533
  654.8000	             -456
  655.0000	             -537
  655.2000	             -501
  655.4000	             -484
  655.6000	             -456
  655.8000	             -503
  656.0000	             -527
  656.2000	             -520
  656.4000	             -450
  656.6000	             -445
  656.8000	             -525
  657.0000	             -513
  657.2000	             -497
  657.4000	             -523
  657.6000	             -470
  657.8000	             -468
  658.0000	             -444
  658.2000	             -412
  658.4000	             -450
  658.6000	             -470
  658.8000	             -445
  659.0000	             -455
  659.2000	             -444
  659.4000	             -429
  659.6000	             -430
  659.8000	             -473
  660.0000	             -452
  660.2000	             -445
  660.4000	             -413
  660.6000	             -450
  660.8000	             -470
  661.0000	             -399
  661.2000	             -414
  661.4000	             -406
  661.6000	             -467
  661.8000	             -449
  662.0000	             -454
  662.2000	             -363
  662.4000	             -457
  662.6000	             -476
  662.8000	             -474
  663.0000	             -524
  663.2000	             -482
  663.4000	             -445
  663.6000	             -517
  663.8000	             -449
  664.0000	             -448
  664.2000	             -488
  664.4000	             -468
  664.6000	             -515
  664.8000	             -487
  665.0000	             -477
  665.2000	             -495
  665.4000	             -494
  665.6000	             -505
  665.8000	             -474
  666.0000	             -460
  666.2000	             -485
  666.4000	             -449
  666.6000	             -473
  666.8000	             -403
  667.0000	             -468
  667.2000	             -479
  667.4000	             -406
  667.6000	             -432
  667.8000	             -421
  668.0000	             -460
  668.2000	             -450
  668.4000	             -450
  668.6000	             -482
  668.8000	             -403
  669.0000	             -498
  669.2000	             -437
  669.4000	             -371
  669.6000	             -460
  669.8000	             -504
  670.0000	             -502
  670.2000	             -411
  670.4000	             -357
  670.6000	             -513
  670.8000	             -509
  671.0000	             -515
  671.2000	             -509
  671.4000	             -511
  671.6000	             -507
  671.8000	             -494
  672.0000	             -511
  672.2000	             -450
  672.4000	             -494
  672.6000	             -478
  672.8000	             -511
  673.0000	             -477
  673.2000	             -488
  673.4000	             -482
  673.6000	             -513
  673.8000	             -504
  674.0000	             -478
  674.2000	             -488
  674.4000	             -426
  674.6000	             -481
  674.8000	             -488
  675.0000	             -474
  675.2000	             -473
  675.4000	             -497
  675.6000	             -456
  675.8000	             -470
  676.0000	             -475
  676.2000	             -495
  676.4000	             -480
  676.6000	             -470
  676.8000	             -474
  677.0000	             -470
  677.2000	             -433
  677.4000	             -480
  677.6000	             -440
  677.8000	             -428
  678.0000	             -508
  678.2000	             -486
  678.4000	             -498
  678.6000	             -487
  678.8000	             -411
  679.0000	             -520
  679.2000	             -519
  679.4000	             -534
  679.6000	             -462
  679.8000	             -489
  680.0000	             -470
  680.2000	             -459
  680.4000	             -513
  680.6000	             -533
  680.8000	             -465
  681.0000	             -505
  681.2000	             -500
  681.4000	             -495
  681.6000	             -495
  681.8000	             -499
  682.0000	             -484
  682.2000	             -460
  682.4000	             -508
  682.6000	             -541
  682.8000	             -515
  683.0000	             -495
  683.2000	             -501
  683.4000	             -527
  683.6000	             -457
  683.8000	             -499
  684.0000	             -513
  684.2000	             -469
  684.4000	             -491
  684.6000	             -509
  684.8000	             -513
  685.0000	             -486
  685.2000	             -527
  685.4000	             -453
  685.6000	             -509
  685.8000	             -494
  686.0000	             -520
  686.2000	             -460
  686.4000	             -431
  686.6000	             -474
  686.8000	             -486
  687.0000	             -519
  687.2000	             -495
  687.4000	             -449
  687.6000	             -519
  687.8000	             -481
  688.0000	             -478
  688.2000	             -477
  688.4000	             -516
  688.6000	             -453
  688.8000	             -523
  689.0000	             -509
  689.2000	             -489
  689.4000	             -534
  689.6000	             -517
  689.8000	             -534
  690.0000	             -529
  690.2000	             -474
  690.4000	             -536
  690.6000	             -485
  690.8000	             -488
  691.0000	             -537
  691.2000	             -485
  691.4000	             -493
  691.6000	             -495
  691.8000	             -497
  692.0000	             -533
  692.2000	             -502
  692.4000	             -512
  692.6000	             -517
  692.8000	             -523
  693.0000	             -512
  693.2000	             -495
  693.4000	             -478
  693.6000	             -463
  693.8000	             -526
  694.0000	             -478
  694.2000	             -503
  694.4000	             -503
  694.6000	             -533
  694.8000	             -502
  695.0000	             -530
  695.2000	             -514
  695.4000	             -527
  695.6000	             -497
  695.8000	             -536
  696.0000	             -474
  696.2000	             -493
  696.4000	             -499
  696.6000	              218
  696.8000	             -478
  697.0000	             -497
  697.2000	             -527
  697.4000	             -477
  697.6000	             -495
  697.8000	             -508
  698.0000	             -514
  698.2000	             -506
  698.4000	             -497
  698.6000	             -465
  698.8000	             -524
  699.0000	             -521
  699.2000	             -528
  699.4000	             -513
  699.6000	             -475
  699.8000	             -495
  700.0000	             -465
  700.2000	             -503
  700.4000	             -508
  700.6000	             -465
  700.8000	             -519
  701.0000	             -450
  701.2000	             -479
  701.4000	             -517
  701.6000	             -539
  701.8000	             -459
  702.0000	             -513
  702.2000	             -497
  702.4000	             -530
  702.6000	             -517
  702.8000	             -475
  703.0000	             -498
  703.2000	             -512
  703.4000	             -519
  703.6000	             -521
  703.8000	             -521
  704.0000	             -524
  704.2000	             -508
  704.4000	             -522
  704.6000	             -513
  704.8000	             -450
  705.0000	             -526
  705.2000	             -494
  705.4000	             -505
  705.6000	             -539
  705.8000	             -541
  706.0000	             -507
  706.2000	             -519
  706.4000	             -533
  706.6000	             -339
  706.8000	             -429
  707.0000	             -510
  707.2000	             -511
  707.4000	             -515
  707.6000	             -508
  707.8000	             -483
  708.0000	             -456
  708.2000	             -517
  708.4000	             -525
  708.6000	             -515
  708.8000	             -512
  709.0000	             -523
  709.2000	             -463
  709.4000	             -495
  709.6000	             -517
  709.8000	             -518
  710.0000	             -506
  710.2000	             -494
  710.4000	             -520
  710.6000	             -473
  710.8000	             -488
  711.0000	             -508
  711.2000	             -497
  711.4000	             -515
  711.6000	             -519
  711.8000	             -505
  712.0000	             -482
  712.2000	             -519
  712.4000	             -456
  712.6000	             -515
  712.8000	             -514
  713.0000	             -511
  713.2000	             -532
  713.4000	             -481
  713.6000	             -522
  713.8000	             -512
  714.0000	             -478
  714.2000	             -456
  714.4000	             -511
  714.6000	             -449
  714.8000	             -512
  715.0000	             -512
  715.2000	             -495
  715.4000	             -477
  715.6000	             -512
  715.8000	             -532
  716.0000	             -529
  716.2000	             -489
  716.4000	             -464
  716.6000	             -527
  716.8000	             -500
  717.0000	             -514
  717.2000	             -503
  717.4000	             -517
  717.6000	             -525
  717.8000	             -478
  718.0000	             -478
  718.2000	             -512
  718.4000	             -498
  718.6000	             -546
  718.8000	             -519
  719.0000	             -522
  719.2000	             -495
  719.4000	             -495
  719.6000	             -470
  719.8000	             -477
  720.0000	             -512
  720.2000	             -506
  720.4000	             -502
  720.6000	             -507
  720.8000	             -488
  721.0000	             -472
  721.2000	             -472
  721.4000	             -479
  721.6000	             -476
  721.8000	             -464
  722.0000	             -508
  722.2000	             -504
  722.4000	             -462
  722.6000	             -511
  722.8000	             -511
  723.0000	             -515
  723.2000	             -445
  723.4000	             -517
  723.6000	             -463
  723.8000	             -483
  724.0000	             -485
  724.2000	             -515
  724.4000	             -514
  724.6000	             -531
  724.8000	             -509
  725.0000	             -505
  725.2000	             -483
  725.4000	             -499
  725.6000	             -518
  725.8000	             -514
  726.0000	             -491
  726.2000	             -502
  726.4000	             -450
  726.6000	             -456
  726.8000	             -504
  727.0000	             -478
  727.2000	             -310
  727.4000	             -505
  727.6000	             -508
  727.8000	             -502
  728.0000	             -515
  728.2000	             -508
  728.4000	             -488
  728.6000	             -511
  728.8000	             -461
  729.0000	             -501
  729.2000	             -481
  729.4000	             -479
  729.6000	             -473
  729.8000	             -488
  730.0000	             -535
  730.2000	             -477
  730.4000	             -478
  730.6000	             -453
  730.8000	             -495
  731.0000	             -489
  731.2000	             -507
  731.4000	             -499
  731.6000	             -450
  731.8000	             -479
  732.0000	             -472
  732.2000	             -511
  732.4000	             -456
  732.6000	             -500
  732.8000	             -486
  733.0000	             -504
  733.2000	             -449
  733.4000	             -472
  733.6000	             -421
  733.8000	             -495
  734.0000	             -454
  734.2000	             -473
  734.4000	             -498
  734.6000	             -428
  734.8000	             -491
  735.0000	             -434
  735.2000	             -453
  735.4000	             -498
  735.6000	             -502
  735.8000	             -510
  736.0000	             -483
  736.2000	             -497
  736.4000	             -427
  736.6000	             -474
  736.8000	             -453
  737.0000	             -486
  737.2000	             -455
  737.4000	             -470
  737.6000	             -504
  737.8000	             -517
  738.0000	             -485
  738.2000	             -481
  738.4000	             1137
  738.6000	             -409
  738.8000	             -514
  739.0000	             -504
  739.2000	             -450
  739.4000	             -495
  739.6000	             -512
  739.8000	             -462
  740.0000	             -520
  740.2000	             -488
  740.4000	             -461
  740.6000	             -500
  740.8000	             -470
  741.0000	             -495
  741.2000	             -501
  741.4000	             -519
  741.6000	             -512
  741.8000	             -480
  742.0000	             -511
  742.2000	             -522
  742.4000	             -456
  742.6000	             -510
  742.8000	             -465
  743.0000	             -507
  743.2000	             -531
  743.4000	             -524
  743.6000	             -501
  743.8000	             -507
  744.0000	             -461
  744.2000	             -471
  744.4000	             -507
  744.6000	             -501
  744.8000	             -483
  745.0000	             -506
  745.2000	             -460
  745.4000	             -454
  745.6000	             -479
  745.8000	             -469
  746.0000	             -478
  746.2000	             -399
  746.4000	             -435
  746.6000	             -437
  746.8000	             -454
  747.0000	             -499
  747.2000	             -452
  747.4000	             -480
  747.6000	             -474
  747.8000	             -486
  748.0000	             -417
  748.2000	             -411
  748.4000	             -449
  748.6000	             -457
  748.8000	             -472
  749.0000	             -440
  749.2000	             -452
  749.4000	             -514
  749.6000	             -485
  749.8000	             -470
  750.0000	             -480
  750.2000	             -363
  750.4000	             6358
  750.6000	             -486
  750.8000	             -504
  751.0000	             -495
  751.2000	             -498
  751.4000	             1458
  751.6000	             -502
  751.8000	             -484
  752.0000	             -463
  752.2000	             -526
  752.4000	             -492
  752.6000	             -524
  752.8000	             -516
  753.0000	             -519
  753.2000	             -485
  753.4000	             -517
  753.6000	             -507
  753.8000	             -464
  754.0000	             -450
  754.2000	             -527
  754.4000	             -488
  754.6000	             -473
  754.8000	             -511
  755.0000	             -450
  755.2000	             -468
  755.4000	             -466
  755.6000	             -419
  755.8000	             -453
  756.0000	             -486
  756.2000	             -480
  756.4000	             -506
  756.6000	             -465
  756.8000	             -477
  757.0000	             -517
  757.2000	             -469
  757.4000	             -422
  757.6000	             -450
  757.8000	             -463
  758.0000	             -477
  758.2000	             -507
  758.4000	             -483
  758.6000	             -451
  758.8000	             -439
  759.0000	             -508
  759.2000	             -419
  759.4000	             -513
  759.6000	             -476
  759.8000	             -461
  760.0000	             -507
  760.2000	             -491
  760.4000	             -471
  760.6000	             -502
  760.8000	             -426
  761.0000	             -474
  761.2000	             -444
  761.4000	             -495
  761.6000	             -490
  761.8000	             -504
  762.0000	             -449
  762.2000	             -474
  762.4000	             -399
  762.6000	             -438
  762.8000	             -511
  763.0000	             -513
  763.2000	             -503
  763.4000	              775
  763.6000	             -473
  763.8000	             -525
  764.0000	             -476
  764.2000	             -496
  764.4000	             -430
  764.6000	             -501
  764.8000	             -452
  765.0000	             -512
  765.2000	             -472
  765.4000	             -519
  765.6000	             -511
  765.8000	             -521
  766.0000	             -498
  766.2000	             -531
  766.4000	             -436
  766.6000	             -515
  766.8000	             -513
  767.0000	             -507
  767.2000	             -518
  767.4000	             -502
  767.6000	             -507
  767.8000	             -443
  768.0000	             -498
  768.2000	             -486
  768.4000	             -515
  768.6000	             -493
  768.8000	             -421
  769.0000	             -426
  769.2000	             -460
  769.4000	             -417
  769.6000	             -458
  769.8000	             -468
  770.0000	             -433
  770.2000	             -386
  770.4000	             -473
  770.6000	             -443
  770.8000	             -403
  771.0000	             -401
  771.2000	             -417
  771.4000	             -406
  771.6000	             -524
  771.8000	             -412
  772.0000	             -425
  772.2000	             -422
  772.4000	             1598
  772.6000	             -442
  772.8000	             -473
  773.0000	             -383
  773.2000	             -460
  773.4000	             -478
  773.6000	             -451
  773.8000	             -390
  774.0000	             -460
  774.2000	             -457
  774.4000	             -455
  774.6000	             -433
  774.8000	             -472
  775.0000	             -443
  775.2000	             -377
  775.4000	             -502
  775.6000	             -518
  775.8000	             -445
  776.0000	             -456
  776.2000	             -524
  776.4000	             -505
  776.6000	             -445
  776.8000	             -445
  777.0000	             -481
  777.2000	             -460
  777.4000	             -495
  777.6000	             -462
  777.8000	             -495
  778.0000	             -517
  778.2000	             -511
  778.4000	             -488
  778.6000	             -515
  778.8000	             -514
  779.0000	             -514
  779.2000	             -520
  779.4000	             -518
  779.6000	             -488
  779.8000	             -520
  780.0000	             -508
  780.2000	             -488
  780.4000	             -509
  780.6000	             -517
  780.8000	             -502
  781.0000	             -481
  781.2000	             -502
  781.4000	             -497
  781.6000	             -495
  781.8000	             -542
  782.0000	             -488
  782.2000	             -470
  782.4000	             -527
  782.6000	             -456
  782.8000	             -515
  783.0000	             -534
  783.2000	             -505
  783.4000	             -480
  783.6000	             -519
  783.8000	             -533
  784.0000	             -503
  784.2000	             -478
  784.4000	             -459
  784.6000	             -459
  784.8000	             -475
  785.0000	             -477
  785.2000	             -465
  785.4000	             -489
  785.6000	             -481
  785.8000	             -475
  786.0000	             -479
  786.2000	             -511
  786.4000	             -512
  786.6000	             -515
  786.8000	             -507
  787.0000	             -477
  787.2000	             -523
  787.4000	             -494
  787.6000	             -537
  787.8000	             -531
  788.0000	             -453
  788.2000	             -470
  788.4000	             -458
  788.6000	             -523
  788.8000	             -512
  789.0000	             -531
  789.2000	             -465
  789.4000	             -511
  789.6000	             -477
  789.8000	             -459
  790.0000	             -503
  790.2000	             -481
  790.4000	             -500
  790.6000	             -512
  790.8000	             -508
  791.0000	             -509
  791.2000	             -516
  791.4000	             -500
  791.6000	             -512
  791.8000	             -522
  792.0000	             -481
  792.2000	             -500
  792.4000	             -525
  792.6000	             -515
  792.8000	             -523
  793.0000	             -520
  793.2000	             -494
  793.4000	             -531
  793.6000	             -512
  793.8000	             -540
  794.0000	             -507
  794.2000	             -461
  794.4000	             -527
  794.6000	             -477
  794.8000	              712
  795.0000	             -515
  795.2000	             -515
  795.4000	             -493
  795.6000	             -512
  795.8000	             -494
  796.0000	             -533
  796.2000	             -514
  796.4000	             -495
  796.6000	             -505
  796.8000	             -519
  797.0000	             -466
  797.2000	             -512
  797.4000	             -513
  797.6000	             -506
  797.8000	             -515
  798.0000	             -495
  798.2000	             -506
  798.4000	             -501
  798.6000	             -500
  798.8000	             -517
  799.0000	             -497
  799.2000	             -481
  799.4000	             -493
  799.6000	             -515
  799.8000	             -478
  800.0000	             -520
  800.2000	             -512
  800.4000	             -456
  800.6000	               56
  800.8000	             -473
  801.0000	             -487
  801.2000	             -459
  801.4000	               85
  801.6000	             -500
  801.8000	             -515
  802.0000	             -506
  802.2000	             -516
  802.4000	             -511
  802.6000	             -494
  802.8000	             -487
  803.0000	             -537
  803.2000	             -519
  803.4000	             -509
  803.6000	             -529
  803.8000	             -484
  804.0000	             -488
  804.2000	             -515
  804.4000	             -527
  804.6000	             -501
  804.8000	             -511
  805.0000	             -496
