  600.0000	             -403
  600.2000	             -434
  600.4000	             -401
  600.6000	             -427
  600.8000	             -451
  601.0000	             -471
  601.2000	             -389
  601.4000	             -472
  601.6000	             -471
  601.8000	             -418
  602.0000	             -474
  602.2000	             -463
  602.4000	             -400
  602.6000	             -474
  602.8000	             -461
  603.0000	             -411
  603.2000	             -389
  603.4000	             -453
  603.6000	             -455
  603.8000	             -396
  604.0000	             -407
  604.2000	             -455
  604.4000	             -429
  604.6000	             -469
  604.8000	             -444
  605.0000	             -461
  605.2000	             -437
  605.4000	             -442
  605.6000	             -415
  605.8000	             -452
  606.0000	             -449
  606.2000	             -414
  606.4000	             -401
  606.6000	             -444
  606.8000	             -403
  607.0000	             -413
  607.2000	             -483
  607.4000	             -471
  607.6000	             -470
  607.8000	             -446
  608.0000	             -435
  608.2000	             -429
  608.4000	             -475
  608.6000	             -470
  608.8000	             -429
  609.0000	             -400
  609.2000	             -468
  609.4000	             -444
  609.6000	             -485
  609.8000	             -454
  610.0000	             -406
  610.2000	             -469
  610.4000	             -387
  610.6000	             -458
  610.8000	             -399
  611.0000	             -420
  611.2000	             -456
  611.4000	             -436
  611.6000	             -470
  611.8000	             -443
  612.0000	             -413
  612.2000	             -448
  612.4000	             -434
  612.6000	             -456
  612.8000	             -474
  613.0000	             -471
  613.2000	             -475
  613.4000	             -482
  613.6000	             -471
  613.8000	             -435
  614.0000	             -436
  614.2000	             -464
  614.4000	             -418
  614.6000	             -456
  614.8000	             -458
  615.0000	             -457
  615.2000	             -410
  615.4000	             -455
  615.6000	             -471
  615.8000	             -468
  616.0000	             -434
  616.2000	             -473
  616.4000	             -473
  616.6000	             -474
  616.8000	             -437
  617.0000	             -428
  617.2000	             -401
  617.4000	             -407
  617.6000	             -437
  617.8000	             -474
  618.0000	             -457
  618.2000	             -460
  618.4000	             -473
  618.6000	             -403
  618.8000	             -460
  619.0000	             -447
  619.2000	             -428
  619.4000	             -485
  619.6000	             -403
  619.8000	             -479
  620.0000	             -473
  620.2000	             -421
  620.4000	             -475
  620.6000	             -403
  620.8000	             -460
  621.0000	             -471
  621.2000	             -460
  621.4000	             -467
  621.6000	             -471
  621.8000	             -413
  622.0000	             -470
  622.2000	             -437
  622.4000	             -456
  622.6000	             -411
  622.8000	             -473
  623.0000	             -473
  623.2000	             -449
  623.4000	             -432
  623.6000	             -474
  623.8000	             -468
  624.0000	             -467
  624.2000	             -406
  624.4000	             -416
  624.6000	             -432
  624.8000	             -463
  625.0000	             -471
  625.2000	             -401
  625.4000	             -496
  625.6000	             -408
  625.8000	             -450
  626.0000	             -456
  626.2000	             -465
  626.4000	             -460
  626.6000	             -456
  626.8000	             -474
  627.0000	             -461
  627.2000	             -432
  627.4000	             -471
  627.6000	             -480
  627.8000	             -493
  628.0000	             -468
  628.2000	             -470
  628.4000	             -467
  628.6000	             -470
  628.8000	             -458
  629.0000	             -453
  629.2000	             -403
  629.4000	             -410
  629.6000	             -452
  629.8000	             -452
  630.0000	             -468
  630.2000	             -437
  630.4000	             -463
  630.6000	             -465
  630.8000	             -433
  631.0000	             -464
  631.2000	             -416
  631.4000	             -416
  631.6000	             -477
  631.8000	             -409
  632.0000	             -386
  632.2000	             -403
  632.4000	             -454
  632.6000	             -416
  632.8000	             -417
  633.0000	             -461
  633.2000	             -427
  633.4000	             -448
  633.6000	             -400
  633.8000	             -468
  634.0000	             -429
  634.2000	             -472
  634.4000	             -415
  634.6000	             -462
  634.8000	             -455
  635.0000	             -455
  635.2000	             -441
  635.4000	             -465
  635.6000	             -467
  635.8000	             -455
  636.0000	             -403
  636.2000	             -452
  636.4000	             -413
  636.6000	             -440
  636.8000	             -453
  637.0000	             -449
  637.2000	             -428
  637.4000	             -462
  637.6000	             -445
  637.8000	             -431
  638.0000	             -410
  638.2000	             -442
  638.4000	             -428
  638.6000	             -413
  638.8000	             -446
  639.0000	             -436
  639.2000	             -415
  639.4000	             -405
  639.6000	             -466
  639.8000	             -469
  640.0000	             -462
  640.2000	             -421
  640.4000	             -463
  640.6000	             -461
  640.8000	             -450
  641.0000	             -471
  641.2000	             -478
  641.4000	             -437
  641.6000	             -425
  641.8000	             -462
  642.0000	             -432
  642.2000	             -451
  642.4000	             -412
  642.6000	             -454
  642.8000	             -421
  643.0000	             -411
  643.2000	             -454
  643.4000	             -430
  643.6000	             -410
  643.8000	             -430
  644.0000	             -396
  644.2000	             -437
  644.4000	             -405
  644.6000	             -433
  644.8000	             -446
  645.0000	             -419
  645.2000	             -419
  645.4000	             -414
  645.6000	             -411
  645.8000	             -415
  646.0000	             -401
  646.2000	             -444
  646.4000	             -406
  646.6000	             -443
  646.8000	             -366
  647.0000	             -454
  647.2000	             -467
  647.4000	             -400
  647.6000	             -468
  647.8000	             -458
  648.0000	             -456
  648.2000	             -455
  648.4000	             -428
  648.6000	             -482
  648.8000	             -492
  649.0000	             -469
  649.2000	             -451
  649.4000	             -467
  649.6000	             -450
  649.8000	             -460
  650.0000	             -422
  650.2000	             -437
  650.4000	             -403
  650.6000	             -413
  650.8000	             -403
  651.0000	             -412
  651.2000	             -433
  651.4000	             -391
  651.6000	             -352
  651.8000	             -408
  652.0000	             -399
  652.2000	             -408
  652.4000	             -402
  652.6000	             -405
  652.8000	             -392
  653.0000	             -423
  653.2000	             -417
  653.4000	             -313
  653.6000	             -410
  653.8000	             -433
  654.0000	             -448
  654.2000	             -403
  654.4000	             -300
  654.6000	             -474
  654.8000	             -451
  655.0000	             -432
  655.2000	             -452
  655.4000	             -476
  655.6000	             -439
  655.8000	             -442
  656.0000	             -386
  656.2000	             -387
  656.4000	             -445
  656.6000	             -428
  656.8000	             -390
  657.0000	             -413
  657.2000	             -410
  657.4000	             -447
  657.6000	             -443
  657.8000	             -350
  658.0000	             -426
  658.2000	             -425
  658.4000	             -398
  658.6000	             -425
  658.8000	             -365
  659.0000	             -400
  659.2000	             -386
  659.4000	             -353
  659.6000	             -347
  659.8000	             -350
  660.0000	             -358
  660.2000	             -369
  660.4000	             -305
  660.6000	             -381
  660.8000	             -389
  661.0000	             -416
  661.2000	             -348
  661.4000	             -358
  661.6000	             -409
  661.8000	             -419
  662.0000	             -406
  662.2000	             -265
  662.4000	             -430
  662.6000	             -468
  662.8000	             -455
  663.0000	             -454
  663.2000	             -382
  663.4000	             -433
  663.6000	             -450
  663.8000	             -433
  664.0000	             -440
  664.2000	             -468
  664.4000	             -471
  664.6000	             -450
  664.8000	             -469
  665.0000	             -462
  665.2000	             -401
  665.4000	             -429
  665.6000	             -421
  665.8000	             -406
  666.0000	             -365
  666.2000	             -455
  666.4000	             -403
  666.6000	             -425
  666.8000	             -350
  667.0000	             -392
  667.2000	             -413
  667.4000	             -369
  667.6000	             -309
  667.8000	             -408
  668.0000	             -359
  668.2000	             -366
  668.4000	             -381
  668.6000	             -417
  668.8000	             -353
  669.0000	             -403
  669.2000	             -387
  669.4000	             -303
  669.6000	             -410
  669.8000	             -457
  670.0000	             -432
  670.2000	             -411
  670.4000	             -317
  670.6000	             -442
  670.8000	             -482
  671.0000	             -455
  671.2000	             -436
  671.4000	             -436
  671.6000	             -470
  671.8000	             -451
  672.0000	             -403
  672.2000	             -416
  672.4000	             -457
  672.6000	             -472
  672.8000	             -405
  673.0000	             -468
  673.2000	             -451
  673.4000	             -450
  673.6000	             -474
  673.8000	             -403
  674.0000	             -443
  674.2000	             -472
  674.4000	             -422
  674.6000	             -433
  674.8000	             -434
  675.0000	             -403
  675.2000	             -397
  675.4000	             -421
  675.6000	             -370
  675.8000	             -425
  676.0000	             -435
  676.2000	             -425
  676.4000	             -418
  676.6000	             -386
  676.8000	             -404
  677.0000	             -454
  677.2000	             -417
  677.4000	             -455
  677.6000	             -425
  677.8000	             -374
  678.0000	             -424
  678.2000	             -448
  678.4000	             -455
  678.6000	             -421
  678.8000	             -345
  679.0000	             -471
  679.2000	             -419
  679.4000	             -416
  679.6000	             -408
  679.8000	             -444
  680.0000	             -416
  680.2000	             -403
  680.4000	             -473
  680.6000	             -416
  680.8000	             -429
  681.0000	             -457
  681.2000	             -473
  681.4000	             -398
  681.6000	             -473
  681.8000	             -467
  682.0000	             -468
  682.2000	             -470
  682.4000	             -455
  682.6000	             -431
  682.8000	             -472
  683.0000	             -469
  683.2000	             -434
  683.4000	             -474
  683.6000	             -460
  683.8000	             -445
  684.0000	             -471
  684.2000	             -460
  684.4000	             -401
  684.6000	             -471
  684.8000	             -461
  685.0000	             -472
  685.2000	             -451
  685.4000	             -447
  685.6000	             -429
  685.8000	             -410
  686.0000	             -431
  686.2000	             -417
  686.4000	             -414
  686.6000	             -435
  686.8000	             -465
  687.0000	             -439
  687.2000	             -393
  687.4000	             -427
  687.6000	             -474
  687.8000	             -436
  688.0000	             -426
  688.2000	             -482
  688.4000	             -481
  688.6000	             -479
  688.8000	             -435
  689.0000	             -482
  689.2000	             -458
  689.4000	             -458
  689.6000	             -434
  689.8000	             -436
  690.0000	             -477
  690.2000	             -461
  690.4000	             -467
  690.6000	             -474
  690.8000	             -470
  691.0000	             -465
  691.2000	             -508
  691.4000	             -447
  691.6000	             -417
  691.8000	             -442
  692.0000	             -471
  692.2000	             -487
  692.4000	             -480
  692.6000	             -494
  692.8000	             -463
  693.0000	             -493
  693.2000	             -465
  693.4000	             -454
  693.6000	             -427
  693.8000	             -451
  694.0000	             -478
  694.2000	             -471
  694.4000	             -485
  694.6000	             -473
  694.8000	             -435
  695.0000	             -473
  695.2000	             -498
  695.4000	             -474
  695.6000	             -448
  695.8000	             -454
  696.0000	             -450
  696.2000	             -475
  696.4000	             -455
  696.6000	              222
  696.8000	             -421
  697.0000	             -487
  697.2000	             -417
  697.4000	             -474
  697.6000	             -461
  697.8000	             -426
  698.0000	             -455
  698.2000	             -473
  698.4000	             -470
  698.6000	             -436
  698.8000	             -491
  699.0000	             -468
  699.2000	             -429
  699.4000	             -426
  699.6000	             -453
  699.8000	             -435
  700.0000	             -426
  700.2000	             -437
  700.4000	             -474
  700.6000	             -435
  700.8000	             -469
  701.0000	             -447
  701.2000	             -473
  701.4000	             -426
  701.6000	             -470
  701.8000	             -431
  702.0000	             -467
  702.2000	             -461
  702.4000	             -454
  702.6000	             -433
  702.8000	             -473
  703.0000	             -373
  703.2000	             -446
  703.4000	             -468
  703.6000	             -444
  703.8000	             -439
  704.0000	             -433
  704.2000	             -470
  704.4000	             -485
  704.6000	             -454
  704.8000	             -475
  705.0000	             -485
  705.2000	             -471
  705.4000	             -473
  705.6000	             -482
  705.8000	             -448
  706.0000	             -475
  706.2000	             -461
  706.4000	             -471
  706.6000	             -256
  706.8000	             -417
  707.0000	             -435
  707.2000	             -474
  707.4000	             -452
  707.6000	             -474
  707.8000	             -476
  708.0000	             -470
  708.2000	             -461
  708.4000	             -461
  708.6000	             -473
  708.8000	             -473
  709.0000	             -480
  709.2000	             -488
  709.4000	             -479
  709.6000	             -482
  709.8000	             -500
  710.0000	             -483
  710.2000	             -446
  710.4000	             -486
  710.6000	             -419
  710.8000	             -461
  711.0000	             -453
  711.2000	             -436
  711.4000	             -463
  711.6000	             -457
  711.8000	             -454
  712.0000	             -486
  712.2000	             -467
  712.4000	             -437
  712.6000	             -420
  712.8000	             -467
  713.0000	             -458
  713.2000	             -436
  713.4000	             -472
  713.6000	             -473
  713.8000	             -473
  714.0000	             -461
  714.2000	             -457
  714.4000	             -434
  714.6000	             -406
  714.8000	             -471
  715.0000	             -454
  715.2000	             -460
  715.4000	             -486
  715.6000	             -485
  715.8000	             -470
  716.0000	             -432
  716.2000	             -456
  716.4000	             -444
  716.6000	             -476
  716.8000	             -479
  717.0000	             -473
  717.2000	             -435
  717.4000	             -471
  717.6000	             -454
  717.8000	             -453
  718.0000	             -487
  718.2000	             -389
  718.4000	             -417
  718.6000	             -477
  718.8000	             -473
  719.0000	             -458
  719.2000	             -421
  719.4000	             -488
  719.6000	             -466
  719.8000	             -488
  720.0000	             -472
  720.2000	             -463
  720.4000	             -475
  720.6000	             -452
  720.8000	             -468
  721.0000	             -478
  721.2000	             -426
  721.4000	             -460
  721.6000	             -434
  721.8000	             -431
  722.0000	             -457
  722.2000	             -457
  722.4000	             -448
  722.6000	             -434
  722.8000	             -472
  723.0000	             -461
  723.2000	             -452
  723.4000	             -421
  723.6000	             -416
  723.8000	             -405
  724.0000	             -403
  724.2000	             -473
  724.4000	             -420
  724.6000	             -455
  724.8000	             -467
  725.0000	             -467
  725.2000	             -457
  725.4000	             -455
  725.6000	             -400
  725.8000	             -453
  726.0000	             -418
  726.2000	             -411
  726.4000	             -451
  726.6000	             -420
  726.8000	             -471
  727.0000	             -454
  727.2000	             -269
  727.4000	             -458
  727.6000	             -450
  727.8000	             -485
  728.0000	             -471
  728.2000	             -418
  728.4000	             -424
  728.6000	             -493
  728.8000	             -471
  729.0000	             -418
  729.2000	             -480
  729.4000	             -434
  729.6000	             -437
  729.8000	             -427
  730.0000	             -480
  730.2000	             -473
  730.4000	             -452
  730.6000	             -434
  730.8000	             -469
  731.0000	             -470
  731.2000	             -456
  731.4000	             -451
  731.6000	             -429
  731.8000	             -420
  732.0000	             -447
  732.2000	             -434
  732.4000	             -471
  732.6000	             -487
  732.8000	             -399
  733.0000	             -470
  733.2000	             -474
  733.4000	             -426
  733.6000	             -421
  733.8000	             -458
  734.0000	             -441
  734.2000	             -442
  734.4000	             -451
  734.6000	             -454
  734.8000	             -458
  735.0000	             -425
  735.2000	             -413
  735.4000	             -470
  735.6000	             -442
  735.8000	             -453
  736.0000	             -455
  736.2000	             -447
  736.4000	             -385
  736.6000	             -420
  736.8000	             -452
  737.0000	             -430
  737.2000	             -346
  737.4000	             -435
  737.6000	             -442
  737.8000	             -390
  738.0000	             -455
  738.2000	             -443
  738.4000	             1258
  738.6000	             -417
  738.8000	             -433
  739.0000	             -493
  739.2000	             -461
  739.4000	             -406
  739.6000	             -476
  739.8000	             -429
  740.0000	             -434
  740.2000	             -470
  740.4000	             -472
  740.6000	             -485
  740.8000	             -482
  741.0000	             -474
  741.2000	             -407
  741.4000	             -463
  741.6000	             -460
  741.8000	             -403
  742.0000	             -450
  742.2000	             -474
  742.4000	             -478
  742.6000	             -451
  742.8000	             -428
  743.0000	             -469
  743.2000	             -462
  743.4000	             -450
  743.6000	             -405
  743.8000	             -456
  744.0000	             -446
  744.2000	             -460
  744.4000	             -450
  744.6000	             -410
  744.8000	             -455
  745.0000	             -429
  745.2000	             -351
  745.4000	             -373
  745.6000	             -399
  745.8000	             -434
  746.0000	             -391
  746.2000	             -419
  746.4000	             -423
  746.6000	             -421
  746.8000	             -427
  747.0000	             -424
  747.2000	             -409
  747.4000	             -390
  747.6000	             -438
  747.8000	             -418
  748.0000	             -413
  748.2000	             -371
  748.4000	             -463
  748.6000	             -452
  748.8000	             -434
  749.0000	             -367
  749.2000	             -418
  749.4000	             -448
  749.6000	             -465
  749.8000	             -395
  750.0000	             -411
  750.2000	             -317
  750.4000	             6347
  750.6000	             -444
  750.8000	             -472
  751.0000	             -420
  751.2000	             -422
  751.4000	             1619
  751.6000	             -449
  751.8000	             -428
  752.0000	             -401
  752.2000	             -467
  752.4000	             -468
  752.6000	             -433
  752.8000	             -411
  753.0000	             -471
  753.2000	             -441
  753.4000	             -437
  753.6000	             -467
  753.8000	             -433
  754.0000	             -472
  754.2000	             -423
  754.4000	             -468
  754.6000	             -393
  754.8000	             -446
  755.0000	             -434
  755.2000	             -441
  755.4000	             -447
  755.6000	             -455
  755.8000	             -403
  756.0000	             -462
  756.2000	             -455
  756.4000	             -444
  756.6000	             -449
  756.8000	             -433
  757.0000	             -432
  757.2000	             -417
  757.4000	             -410
  757.6000	             -455
  757.8000	             -441
  758.0000	             -425
  758.2000	             -448
  758.4000	             -421
  758.6000	             -402
  758.8000	             -440
  759.0000	             -431
  759.2000	             -419
  759.4000	             -458
  759.6000	             -424
  759.8000	             -398
  760.0000	             -435
  760.2000	             -452
  760.4000	             -416
  760.6000	             -440
  760.8000	             -427
  761.0000	             -402
  761.2000	             -391
  761.4000	             -452
  761.6000	             -426
  761.8000	             -425
  762.0000	             -451
  762.2000	             -435
  762.4000	             -404
  762.6000	             -409
  762.8000	             -421
  763.0000	             -455
  763.2000	             -470
  763.4000	              986
  763.6000	             -446
  763.8000	             -438
  764.0000	             -421
  764.2000	             -468
  764.4000	             -454
  764.6000	             -464
  764.8000	             -448
  765.0000	             -486
  765.2000	             -454
  765.4000	             -471
  765.6000	             -457
  765.8000	             -468
  766.0000	             -470
  766.2000	             -456
  766.4000	             -462
  766.6000	             -483
  766.8000	             -410
  767.0000	             -464
  767.2000	             -450
  767.4000	             -390
  767.6000	             -442
  767.8000	             -445
  768.0000	             -443
  768.2000	             -421
  768.4000	             -417
  768.6000	             -420
  768.8000	             -455
  769.0000	             -458
  769.2000	             -413
  769.4000	             -425
  769.6000	             -356
  769.8000	             -443
  770.0000	             -412
  770.2000	             -353
  770.4000	             -403
  770.6000	             -343
  770.8000	             -417
  771.0000	             -365
  771.2000	             -351
  771.4000	             -408
  771.6000	             -458
  771.8000	             -346
  772.0000	             -434
  772.2000	             -393
  772.4000	             1668
  772.6000	             -414
  772.8000	             -407
  773.0000	             -332
  773.2000	             -437
  773.4000	             -384
  773.6000	             -376
  773.8000	             -353
  774.0000	             -433
  774.2000	             -469
  774.4000	             -427
  774.6000	             -435
  774.8000	             -374
  775.0000	             -428
  775.2000	             -299
  775.4000	             -383
  775.6000	             -423
  775.8000	             -455
  776.0000	             -451
  776.2000	             -436
  776.4000	             -411
  776.6000	             -468
  776.8000	             -416
  777.0000	             -466
  777.2000	             -455
  777.4000	             -454
  777.6000	             -473
  777.8000	             -475
  778.0000	             -475
  778.2000	             -469
  778.4000	             -454
  778.6000	             -456
  778.8000	             -482
  779.0000	             -473
  779.2000	             -483
  779.4000	             -475
  779.6000	             -455
  779.8000	             -486
  780.0000	             -457
  780.2000	             -468
  780.4000	             -483
  780.6000	             -433
  780.8000	             -461
  781.0000	             -471
  781.2000	             -461
  781.4000	             -480
  781.6000	             -460
  781.8000	             -406
  782.0000	             -444
  782.2000	             -435
  782.4000	             -470
  782.6000	             -473
  782.8000	             -426
  783.0000	             -407
  783.2000	             -460
  783.4000	             -457
  783.6000	             -436
  783.8000	             -480
  784.0000	             -434
  784.2000	             -473
  784.4000	             -433
  784.6000	             -474
  784.8000	             -473
  785.0000	             -455
  785.2000	             -470
  785.4000	             -474
  785.6000	             -433
  785.8000	             -469
  786.0000	             -426
  786.2000	             -473
  786.4000	             -473
  786.6000	             -460
  786.8000	             -470
  787.0000	             -454
  787.2000	             -427
  787.4000	             -471
  787.6000	             -473
  787.8000	             -469
  788.0000	             -452
  788.2000	             -458
  788.4000	             -472
  788.6000	             -425
  788.8000	             -473
  789.0000	             -483
  789.2000	             -486
  789.4000	             -483
  789.6000	             -473
  789.8000	             -479
  790.0000	             -461
  790.2000	             -435
  790.4000	             -455
  790.6000	             -435
  790.8000	             -426
  791.0000	             -474
  791.2000	             -460
  791.4000	             -461
  791.6000	             -473
  791.8000	             -482
  792.0000	             -474
  792.2000	             -463
  792.4000	             -484
  792.6000	             -470
  792.8000	             -481
  793.0000	             -483
  793.2000	             -486
  793.4000	             -426
  793.6000	             -466
  793.8000	             -486
  794.0000	             -469
  794.2000	             -460
  794.4000	             -487
  794.6000	             -433
  794.8000	              791
  795.0000	             -478
  795.2000	             -461
  795.4000	             -473
  795.6000	             -487
  795.8000	             -421
  796.0000	             -479
  796.2000	             -453
  796.4000	             -458
  796.6000	             -484
  796.8000	             -468
  797.0000	             -494
  797.2000	             -462
  797.4000	             -430
  797.6000	             -473
  797.8000	             -473
  798.0000	             -483
  798.2000	             -469
  798.4000	             -483
  798.6000	             -473
  798.8000	             -474
  799.0000	             -499
  799.2000	             -469
  799.4000	             -473
  799.6000	             -471
  799.8000	             -465
  800.0000	             -455
  800.2000	             -435
  800.4000	             -456
  800.6000	              136
  800.8000	             -476
  801.0000	             -475
  801.2000	             -429
  801.4000	              141
  801.6000	             -450
  801.8000	             -426
  802.0000	             -435
  802.2000	             -471
  802.4000	             -456
  802.6000	             -460
  802.8000	             -482
  803.0000	             -415
  803.2000	             -461
  803.4000	             -465
  803.6000	             -492
  803.8000	             -427
  804.0000	             -433
  804.2000	             -456
  804.4000	             -471
  804.6000	             -458
  804.8000	             -474
  805.0000	             -474
