  500.0000	            -1140
  500.2000	            -1146
  500.4000	            -1154
  500.6000	            -1145
  500.8000	            -1153
  501.0000	            -1146
  501.2000	            -1196
  501.4000	            -1193
  501.6000	            -1056
  501.8000	            -1207
  502.0000	            -1192
  502.2000	            -1154
  502.4000	            -1178
  502.6000	            -1156
  502.8000	            -1136
  503.0000	            -1156
  503.2000	            -1163
  503.4000	            -1190
  503.6000	            -1202
  503.8000	            -1172
  504.0000	            -1206
  504.2000	            -1208
  504.4000	            -1129
  504.6000	            -1148
  504.8000	            -1147
  505.0000	            -1132
  505.2000	            -1192
  505.4000	            -1164
  505.6000	            -1202
  505.8000	            -1200
  506.0000	            -1158
  506.2000	            -1165
  506.4000	            -1151
  506.6000	            -1192
  506.8000	            -1180
  507.0000	            -1154
  507.2000	            -1179
  507.4000	            -1173
  507.6000	            -1140
  507.8000	            -1151
  508.0000	            -1118
  508.2000	            -1195
  508.4000	            -1188
  508.6000	            -1150
  508.8000	            -1137
  509.0000	            -1188
  509.2000	            -1198
  509.4000	            -1184
  509.6000	            -1177
  509.8000	            -1179
  510.0000	            -1150
  510.2000	            -1154
  510.4000	            -1194
  510.6000	            -1180
  510.8000	            -1156
  511.0000	            -1170
  511.2000	            -1165
  511.4000	            -1143
  511.6000	            -1170
  511.8000	            -1198
  512.0000	            -1167
  512.2000	            -1198
  512.4000	            -1187
  512.6000	            -1140
  512.8000	            -1151
  513.0000	            -1155
  513.2000	            -1165
  513.4000	            -1154
  513.6000	            -1183
  513.8000	            -1199
  514.0000	            -1154
  514.2000	            -1179
  514.4000	            -1161
  514.6000	            -1192
  514.8000	            -1174
  515.0000	            -1206
  515.2000	            -1133
  515.4000	            -1191
  515.6000	            -1196
  515.8000	            -1136
  516.0000	            -1206
  516.2000	            -1032
  516.4000	            -1133
  516.6000	            -1146
  516.8000	            -1146
  517.0000	            -1136
  517.2000	            -1146
  517.4000	            -1202
  517.6000	            -1169
  517.8000	            -1149
  518.0000	            -1201
  518.2000	            -1190
  518.4000	            -1151
  518.6000	            -1174
  518.8000	            -1134
  519.0000	            -1164
  519.2000	            -1146
  519.4000	            -1154
  519.6000	            -1161
  519.8000	            -1191
  520.0000	            -1132
  520.2000	            -1151
  520.4000	            -1196
  520.6000	            -1167
  520.8000	            -1153
  521.0000	            -1210
  521.2000	            -1210
  521.4000	            -1165
  521.6000	            -1149
  521.8000	            -1157
  522.0000	            -1136
  522.2000	            -1137
  522.4000	            -1159
  522.6000	            -1146
  522.8000	            -1183
  523.0000	            -1190
  523.2000	            -1196
  523.4000	            -1154
  523.6000	            -1158
  523.8000	            -1156
  524.0000	            -1156
  524.2000	            -1130
  524.4000	            -1122
  524.6000	            -1062
  524.8000	            -1129
  525.0000	            -1095
  525.2000	             -912
  525.4000	            -1072
  525.6000	            -1093
  525.8000	            -1105
  526.0000	            -1091
  526.2000	            -1059
  526.4000	            -1122
  526.6000	            -1078
  526.8000	            -1116
  527.0000	            -1073
  527.2000	            -1092
  527.4000	            -1097
  527.6000	            -1066
  527.8000	            -1083
  528.0000	            -1073
  528.2000	            -1066
  528.4000	            -1097
  528.6000	            -1095
  528.8000	            -1095
  529.0000	            -1119
  529.2000	            -1069
  529.4000	            -1095
  529.6000	            -1116
  529.8000	            -1069
  530.0000	            -1056
  530.2000	            -1076
  530.4000	            -1078
  530.6000	            -1005
  530.8000	            -1006
  531.0000	            -1077
  531.2000	            -1092
  531.4000	            -1083
  531.6000	            -1020
  531.8000	            -1092
  532.0000	            -1068
  532.2000	            -1101
  532.4000	            -1052
  532.6000	            -1070
  532.8000	            -1126
  533.0000	            -1105
  533.2000	            -1085
  533.4000	            -1125
  533.6000	            -1087
  533.8000	            -1063
  534.0000	            -1084
  534.2000	            -1070
  534.4000	            -1039
  534.6000	            -1003
  534.8000	             -994
  535.0000	            -1010
  535.2000	             -931
  535.4000	            -1027
  535.6000	            -1011
  535.8000	             -994
  536.0000	             -986
  536.2000	             -979
  536.4000	             -944
  536.6000	             -849
  536.8000	            -1003
  537.0000	             -994
  537.2000	             -654
  537.4000	            -1037
  537.6000	            -1033
  537.8000	             -947
  538.0000	             -929
  538.2000	             -912
  538.4000	             -978
  538.6000	             -851
  538.8000	             -950
  539.0000	             -890
  539.2000	             -900
  539.4000	             -899
  539.6000	             -888
  539.8000	             -851
  540.0000	             -800
  540.2000	             -960
  540.4000	             -932
  540.6000	             -419
  540.8000	             -997
  541.0000	             -954
  541.2000	             -993
  541.4000	             -924
  541.6000	             -884
  541.8000	             -878
  542.0000	             -710
  542.2000	             -717
  542.4000	             -953
  542.6000	             -883
  542.8000	             -813
  543.0000	             -868
  543.2000	             -782
  543.4000	             -801
  543.6000	             -700
  543.8000	             -888
  544.0000	             -793
  544.2000	             -802
  544.4000	             -957
  544.6000	             -923
  544.8000	             -844
  545.0000	             -637
  545.2000	             -785
  545.4000	             -847
  545.6000	             -663
  545.8000	             -668
  546.0000	             -894
  546.2000	             -811
  546.4000	             -727
  546.6000	             -815
  546.8000	             -692
  547.0000	             -724
  547.2000	             -482
  547.4000	             -896
  547.6000	             -728
  547.8000	             -668
  548.0000	             -940
  548.2000	             -863
  548.4000	             -923
  548.6000	             -841
  548.8000	             -857
  549.0000	             -808
  549.2000	             -896
  549.4000	             -431
  549.6000	             -889
  549.8000	             -853
  550.0000	             -816
  550.2000	             -895
  550.4000	             -818
  550.6000	             -707
  550.8000	             -783
  551.0000	             -791
  551.2000	             -940
  551.4000	             -284
  551.6000	            -1025
  551.8000	             -971
  552.0000	            -1010
  552.2000	             -965
  552.4000	             -856
  552.6000	             -898
  552.8000	             -962
  553.0000	            -1006
  553.2000	             -823
  553.4000	            -1003
  553.6000	             -989
  553.8000	             -966
  554.0000	            -1000
  554.2000	            -1059
  554.4000	             -940
  554.6000	             -971
  554.8000	             -979
  555.0000	            -1095
  555.2000	             -793
  555.4000	            -1091
  555.6000	            -1075
  555.8000	             -197
  556.0000	            -1058
  556.2000	            -1057
  556.4000	            -1080
  556.6000	            -1019
  556.8000	            -1041
  557.0000	             -977
  557.2000	             -794
  557.4000	            -1088
  557.6000	            -1050
  557.8000	             -996
  558.0000	            -1052
  558.2000	            -1077
  558.4000	            -1061
  558.6000	            -1032
  558.8000	            -1061
  559.0000	            -1076
  559.2000	             -946
  559.4000	            -1092
  559.6000	            -1061
  559.8000	            -1129
  560.0000	            -1015
  560.2000	            -1139
  560.4000	            -1122
  560.6000	             -158
  560.8000	            -1149
  561.0000	            -1123
  561.2000	            -1135
  561.4000	            -1120
  561.6000	            -1152
  561.8000	            -1084
  562.0000	            -1138
  562.2000	            -1081
  562.4000	            -1134
  562.6000	            -1113
  562.8000	            -1136
  563.0000	            -1134
  563.2000	            -1093
  563.4000	            -1143
  563.6000	            -1128
  563.8000	            -1144
  564.0000	            -1120
  564.2000	            -1125
  564.4000	            -1129
  564.6000	            -1128
  564.8000	            -1014
  565.0000	             -760
  565.2000	            -1108
  565.4000	            -1138
  565.6000	            -1129
  565.8000	            -1078
  566.0000	            -1116
  566.2000	            -1126
  566.4000	            -1154
  566.6000	            -1174
  566.8000	            -1148
  567.0000	            -1160
  567.2000	            -1144
  567.4000	            -1119
  567.6000	            -1127
  567.8000	            -1113
  568.0000	            -1125
  568.2000	            -1087
  568.4000	            -1152
  568.6000	            -1142
  568.8000	            -1135
  569.0000	            -1133
  569.2000	            -1142
  569.4000	            -1139
  569.6000	            -1158
  569.8000	            -1095
  570.0000	            -1109
  570.2000	            -1107
  570.4000	            -1105
  570.6000	            -1034
  570.8000	            -1111
  571.0000	            -1051
  571.2000	            -1068
  571.4000	            -1045
  571.6000	            -1038
  571.8000	             -898
  572.0000	            -1003
  572.2000	             -933
  572.4000	             -863
  572.6000	             -767
  572.8000	             -779
  573.0000	             -831
  573.2000	             -536
  573.4000	             -973
  573.6000	             -846
  573.8000	             -780
  574.0000	             -728
  574.2000	             -764
  574.4000	             -789
  574.6000	            -1168
  574.8000	            -1147
  575.0000	            -1154
  575.2000	            -1173
  575.4000	            -1168
  575.6000	            -1166
  575.8000	            -1122
  576.0000	            -1136
  576.2000	            -1189
  576.4000	            -1151
  576.6000	            -1154
  576.8000	            -1152
  577.0000	            -1124
  577.2000	            -1144
  577.4000	            -1178
  577.6000	            -1149
  577.8000	            -1179
  578.0000	            -1175
  578.2000	            -1126
  578.4000	            -1137
  578.6000	            -1210
  578.8000	            -1158
  579.0000	            -1134
  579.2000	            -1152
  579.4000	            -1154
  579.6000	            -1128
  579.8000	            -1138
  580.0000	            -1152
  580.2000	            -1149
  580.4000	            -1127
  580.6000	            -1155
  580.8000	            -1198
  581.0000	            -1179
  581.2000	            -1142
  581.4000	            -1123
  581.6000	            -1126
  581.8000	            -1175
  582.0000	            -1169
  582.2000	            -1154
  582.4000	            -1126
  582.6000	            -1128
  582.8000	            -1152
  583.0000	               25
  583.2000	             -471
  583.4000	             -179
  583.6000	             -327
  583.8000	             -186
  584.0000	             -197
  584.2000	              107
  584.4000	             -203
  584.6000	              642
  584.8000	             -551
  585.0000	             -427
  585.2000	              117
  585.4000	              102
  585.6000	             -636
  585.8000	             -632
  586.0000	             -490
  586.2000	             -295
  586.4000	             -501
  586.6000	             -290
  586.8000	             -512
  587.0000	             -327
  587.2000	             -166
  587.4000	              179
  587.6000	              297
  587.8000	              217
  588.0000	               84
  588.2000	             1558
  588.4000	              -39
  588.6000	               61
  588.8000	             1021
  589.0000	              171
  589.2000	             -110
  589.4000	              190
  589.6000	              680
  589.8000	             1184
  590.0000	             -207
  590.2000	               13
  590.4000	             1653
  590.6000	             -552
  590.8000	             -510
  591.0000	             -432
  591.2000	             -233
  591.4000	             -114
  591.6000	             -254
  591.8000	              -32
  592.0000	             -334
  592.2000	             -122
  592.4000	              186
  592.6000	              321
  592.8000	             1077
  593.0000	              552
  593.2000	              313
  593.4000	             1618
  593.6000	             -129
  593.8000	              154
  594.0000	              152
  594.2000	              618
  594.4000	              451
  594.6000	             1290
  594.8000	              505
  595.0000	             1898
  595.2000	             -172
  595.4000	             -102
  595.6000	              474
  595.8000	             3509
  596.0000	             -752
  596.2000	             -611
  596.4000	             -399
  596.6000	             -461
  596.8000	             -447
  597.0000	             -436
  597.2000	             -238
  597.4000	             -430
  597.6000	             -470
  597.8000	             -305
  598.0000	             -175
  598.2000	               84
  598.4000	             -126
  598.6000	              -27
  598.8000	              711
  599.0000	             -418
  599.2000	             -227
  599.4000	             -238
  599.6000	              103
  599.8000	              177
  600.0000	              341
  600.2000	             -156
  600.4000	              474
  600.6000	              -39
  600.8000	             -402
  601.0000	             -110
  601.2000	             1968
  601.4000	             -949
  601.6000	             -668
  601.8000	             -633
  602.0000	             -767
  602.2000	             -583
  602.4000	             -551
  602.6000	             -705
  602.8000	             -809
  603.0000	             -583
  603.2000	             -203
  603.4000	             -658
  603.6000	             -530
  603.8000	             -407
  604.0000	             -486
  604.2000	              317
  604.4000	              160
  604.6000	             -595
  604.8000	             -550
  605.0000	             -567
  605.2000	             -314
  605.4000	             -582
  605.6000	             -401
  605.8000	             -308
  606.0000	             -288
  606.2000	             -599
  606.4000	             -756
  606.6000	             -629
  606.8000	              702
  607.0000	             -969
  607.2000	             -956
  607.4000	             -862
  607.6000	             -898
  607.8000	             -851
  608.0000	             -876
  608.2000	             -971
  608.4000	             -927
  608.6000	             -953
  608.8000	             -960
  609.0000	             -829
  609.2000	             -847
  609.4000	             -858
  609.6000	             -828
  609.8000	             -592
  610.0000	             -769
  610.2000	             -749
  610.4000	             -773
  610.6000	             -909
  610.8000	             -798
  611.0000	             -839
  611.2000	             -944
  611.4000	             -749
  611.6000	             -831
  611.8000	             -673
  612.0000	             -904
  612.2000	             -995
  612.4000	             -917
  612.6000	             -194
  612.8000	            -1072
  613.0000	            -1061
  613.2000	            -1037
  613.4000	            -1043
  613.6000	             -980
  613.8000	            -1028
  614.0000	            -1033
  614.2000	             -989
  614.4000	             -918
  614.6000	             -989
  614.8000	            -1002
  615.0000	             -998
  615.2000	             -952
  615.4000	             -856
  615.6000	             -976
  615.8000	             -878
  616.0000	             -865
  616.2000	             -946
  616.4000	             -932
  616.6000	             -971
  616.8000	             -920
  617.0000	             -820
  617.2000	             -734
  617.4000	             -807
  617.6000	             -976
  617.8000	             -846
  618.0000	            -1040
  618.2000	             -950
  618.4000	             -882
  618.6000	             -723
  618.8000	            -1092
  619.0000	            -1109
  619.2000	            -1074
  619.4000	            -1103
  619.6000	            -1072
  619.8000	            -1059
  620.0000	            -1029
  620.2000	            -1055
  620.4000	            -1102
  620.6000	            -1094
  620.8000	             -978
  621.0000	            -1003
  621.2000	             -721
  621.4000	            -1006
  621.6000	             -950
  621.8000	             -935
  622.0000	             -845
  622.2000	             -897
  622.4000	             -901
  622.6000	             -723
  622.8000	             -973
  623.0000	             -931
  623.2000	             -896
  623.4000	             -895
  623.6000	             -804
  623.8000	            -1028
  624.0000	             -964
  624.2000	             -693
  624.4000	             -960
  624.6000	             -970
  624.8000	             -972
  625.0000	             -864
  625.2000	             -625
  625.4000	            -1082
  625.6000	            -1005
  625.8000	            -1010
  626.0000	             -988
  626.2000	            -1042
  626.4000	            -1011
  626.6000	            -1015
  626.8000	            -1079
  627.0000	            -1041
  627.2000	             -904
  627.4000	             -881
  627.6000	             -877
  627.8000	             -955
  628.0000	             -886
  628.2000	             -778
  628.4000	             -659
  628.6000	             -696
  628.8000	             -694
  629.0000	             -608
  629.2000	             -818
  629.4000	             -563
  629.6000	             -530
  629.8000	             -753
  630.0000	             -782
  630.2000	             -822
  630.4000	             -964
  630.6000	            -1145
  630.8000	            -1147
  631.0000	            -1187
  631.2000	            -1130
  631.4000	            -1148
  631.6000	            -1179
  631.8000	            -1153
  632.0000	            -1162
  632.2000	            -1095
  632.4000	            -1174
  632.6000	            -1178
  632.8000	            -1153
  633.0000	            -1136
  633.2000	            -1167
  633.4000	            -1146
  633.6000	            -1197
  633.8000	            -1187
  634.0000	            -1154
  634.2000	            -1149
  634.4000	            -1129
  634.6000	            -1130
  634.8000	            -1165
  635.0000	            -1136
  635.2000	            -1139
  635.4000	            -1147
  635.6000	            -1158
  635.8000	            -1150
  636.0000	            -1113
  636.2000	            -1113
  636.4000	            -1133
  636.6000	            -1078
  636.8000	             -616
  637.0000	             -455
  637.2000	             -222
  637.4000	             -193
  637.6000	               91
  637.8000	              158
  638.0000	             -382
  638.2000	              193
  638.4000	             1586
  638.6000	             -443
  638.8000	             -336
  639.0000	              -18
  639.2000	              247
  639.4000	              584
  639.6000	             -902
  639.8000	             -667
  640.0000	             -582
  640.2000	             -633
  640.4000	             -495
  640.6000	             -674
  640.8000	             -542
  641.0000	             -893
  641.2000	             -666
  641.4000	             -181
  641.6000	              702
  641.8000	             -824
  642.0000	              -26
  642.2000	             -213
  642.4000	              -46
  642.6000	             -329
  642.8000	              305
  643.0000	              579
  643.2000	              448
  643.4000	             1034
  643.6000	              276
  643.8000	             1028
  644.0000	             1700
  644.2000	              879
  644.4000	              275
  644.6000	              715
  644.8000	              965
  645.0000	             1049
  645.2000	              944
  645.4000	              -27
  645.6000	             1526
  645.8000	             2325
  646.0000	               25
  646.2000	              348
  646.4000	              844
  646.6000	             1783
  646.8000	             1473
  647.0000	             -754
  647.2000	             -476
  647.4000	             -395
  647.6000	             -402
  647.8000	             -190
  648.0000	             -437
  648.2000	             -253
  648.4000	             -608
  648.6000	             -786
  648.8000	             -534
  649.0000	             -753
  649.2000	             -439
  649.4000	              256
  649.6000	             -590
  649.8000	             -221
  650.0000	              358
  650.2000	              412
  650.4000	              169
  650.6000	              894
  650.8000	              828
  651.0000	              835
  651.2000	              888
  651.4000	             1506
  651.6000	              614
  651.8000	              433
  652.0000	              375
  652.2000	              346
  652.4000	              636
  652.6000	              827
  652.8000	             1282
  653.0000	              243
  653.2000	             1567
  653.4000	             1643
  653.6000	             -174
  653.8000	              305
  654.0000	              719
  654.2000	             1369
  654.4000	             2574
  654.6000	             -838
  654.8000	             -455
  655.0000	             -505
  655.2000	             -341
  655.4000	             -373
  655.6000	             -550
  655.8000	             -496
  656.0000	             -459
  656.2000	             -125
  656.4000	            -1085
  656.6000	            -1135
  656.8000	            -1154
  657.0000	            -1179
  657.2000	            -1147
  657.4000	            -1155
  657.6000	            -1122
  657.8000	            -1125
  658.0000	            -1061
  658.2000	            -1092
  658.4000	            -1074
  658.6000	            -1088
  658.8000	            -1114
  659.0000	            -1105
  659.2000	            -1053
  659.4000	            -1105
  659.6000	             -887
  659.8000	              320
  660.0000	              344
  660.2000	              532
  660.4000	              920
  660.6000	             1161
  660.8000	             -128
  661.0000	             1175
  661.2000	             2436
  661.4000	             -232
  661.6000	              163
  661.8000	               79
  662.0000	              639
  662.2000	             3600
  662.4000	             -897
  662.6000	             -694
  662.8000	             -660
  663.0000	             -484
  663.2000	             -488
  663.4000	             -259
  663.6000	             -610
  663.8000	             -494
  664.0000	             -572
  664.2000	             -884
  664.4000	             -796
  664.6000	             -628
  664.8000	             -645
  665.0000	             -684
  665.2000	             -481
  665.4000	             -446
  665.6000	             -247
  665.8000	             -452
  666.0000	              428
  666.2000	               84
  666.4000	              181
  666.6000	              249
  666.8000	              123
  667.0000	              294
  667.2000	              512
  667.4000	              888
  667.6000	             2988
  667.8000	              -39
  668.0000	              229
  668.2000	              225
  668.4000	              525
  668.6000	               53
  668.8000	              193
  669.0000	             -187
  669.2000	              422
  669.4000	             1214
  669.6000	             -397
  669.8000	             -312
  670.0000	              145
  670.2000	              587
  670.4000	             1235
  670.6000	             -952
  670.8000	             -676
  671.0000	             -814
  671.2000	             -606
  671.4000	             -779
  671.6000	             -598
  671.8000	             -785
  672.0000	             -675
  672.2000	             -655
  672.4000	             -868
  672.6000	             -838
  672.8000	             -680
  673.0000	             -807
  673.2000	             -815
  673.4000	             -316
  673.6000	             -685
  673.8000	             -578
  674.0000	             -235
  674.2000	             -286
  674.4000	             -556
  674.6000	              -61
  674.8000	             -149
  675.0000	              378
  675.2000	             1984
  675.4000	             -199
  675.6000	              603
  675.8000	              -39
  676.0000	             -583
  676.2000	              -53
  676.4000	              -36
  676.6000	              192
  676.8000	              265
  677.0000	               61
  677.2000	             -124
  677.4000	             -125
  677.6000	              566
  677.8000	             1354
  678.0000	             -338
  678.2000	             -430
  678.4000	               57
  678.6000	              565
  678.8000	             1606
  679.0000	             -924
  679.2000	             -794
  679.4000	             -798
  679.6000	             -800
  679.8000	             -730
  680.0000	             -614
  680.2000	             -750
  680.4000	             -869
  680.6000	             -864
  680.8000	            -1062
  681.0000	             -998
  681.2000	             -955
  681.4000	            -1051
  681.6000	            -1010
  681.8000	             -943
  682.0000	             -984
  682.2000	             -972
  682.4000	             -837
  682.6000	             -899
  682.8000	             -722
  683.0000	             -814
  683.2000	             -720
  683.4000	             -753
  683.6000	             -674
  683.8000	             -755
  684.0000	             -793
  684.2000	             -577
  684.4000	             -688
  684.6000	             -955
  684.8000	             -818
  685.0000	             -759
  685.2000	             -786
  685.4000	             -631
  685.6000	             -783
  685.8000	             -626
  686.0000	             -861
  686.2000	             -600
  686.4000	             -138
  686.6000	             -966
  686.8000	             -863
  687.0000	             -295
  687.2000	             -644
  687.4000	              201
  687.6000	            -1108
  687.8000	            -1144
  688.0000	            -1078
  688.2000	            -1033
  688.4000	            -1019
  688.6000	            -1001
  688.8000	             -942
  689.0000	            -1089
  689.2000	            -1069
  689.4000	            -1096
  689.6000	            -1154
  689.8000	            -1132
  690.0000	            -1122
  690.2000	            -1125
  690.4000	            -1149
  690.6000	            -1179
  690.8000	            -1167
  691.0000	            -1165
  691.2000	            -1176
  691.4000	            -1167
  691.6000	            -1151
  691.8000	            -1155
  692.0000	            -1095
  692.2000	            -1161
  692.4000	            -1107
  692.6000	            -1122
  692.8000	            -1135
  693.0000	            -1125
  693.2000	            -1111
  693.4000	            -1135
  693.6000	            -1057
  693.8000	            -1103
  694.0000	            -1142
  694.2000	            -1126
  694.4000	            -1132
  694.6000	            -1154
  694.8000	            -1145
  695.0000	            -1073
  695.2000	            -1152
  695.4000	            -1118
  695.6000	            -1149
  695.8000	            -1111
  696.0000	            -1001
  696.2000	            -1047
  696.4000	            28715
  696.6000	             -779
  696.8000	            -1037
  697.0000	            -1112
  697.2000	            -1139
  697.4000	            -1158
  697.6000	            -1138
  697.8000	            -1103
  698.0000	            -1134
  698.2000	            -1144
  698.4000	            -1133
  698.6000	            -1087
  698.8000	            -1165
  699.0000	            -1150
  699.2000	            -1127
  699.4000	            -1143
  699.6000	            -1129
  699.8000	            -1124
  700.0000	            -1128
  700.2000	            -1109
  700.4000	            -1136
  700.6000	            -1113
  700.8000	            -1107
  701.0000	            -1085
  701.2000	            -1088
  701.4000	            -1019
  701.6000	            -1059
  701.8000	            -1107
  702.0000	            -1113
  702.2000	            -1078
  702.4000	            -1041
  702.6000	            -1140
  702.8000	            -1074
  703.0000	              -92
  703.2000	            -1101
  703.4000	            -1105
  703.6000	            -1079
  703.8000	            -1105
  704.0000	            -1088
  704.2000	            -1120
  704.4000	            -1019
  704.6000	            -1069
  704.8000	            -1138
  705.0000	            -1122
  705.2000	            -1078
  705.4000	            -1068
  705.6000	            -1105
  705.8000	            -1051
  706.0000	            -1163
  706.2000	            -1097
  706.4000	            -1061
  706.6000	            53250
  706.8000	              604
  707.0000	            -1069
  707.2000	            -1098
  707.4000	            -1123
  707.6000	            -1105
  707.8000	            -1112
  708.0000	            -1084
  708.2000	            -1081
  708.4000	            -1120
  708.6000	            -1063
  708.8000	            -1113
  709.0000	            -1145
  709.2000	            -1105
  709.4000	            -1115
  709.6000	            -1081
  709.8000	            -1110
  710.0000	            -1102
  710.2000	            -1034
  710.4000	            -1134
  710.6000	             -936
  710.8000	            -1006
  711.0000	            -1075
  711.2000	            -1085
  711.4000	            -1073
  711.6000	             -919
  711.8000	             -952
  712.0000	             -973
  712.2000	            -1047
  712.4000	             -979
  712.6000	             -990
  712.8000	             -867
  713.0000	            -1011
  713.2000	             -995
  713.4000	             -980
  713.6000	            -1051
  713.8000	            -1059
  714.0000	             -955
  714.2000	             -860
  714.4000	             -949
  714.6000	             6170
  714.8000	             -913
  715.0000	             -720
  715.2000	             -998
  715.4000	            -1028
  715.6000	             -998
  715.8000	             -800
  716.0000	            -1002
  716.2000	             -800
  716.4000	             -934
  716.6000	            -1127
  716.8000	            -1072
  717.0000	            -1069
  717.2000	            -1081
  717.4000	            -1103
  717.6000	            -1052
  717.8000	            -1059
  718.0000	            -1117
  718.2000	            -1100
  718.4000	            -1135
  718.6000	            -1087
  718.8000	            -1084
  719.0000	            -1135
  719.2000	            -1023
  719.4000	            -1125
  719.6000	            -1077
  719.8000	            -1075
  720.0000	            -1078
  720.2000	            -1028
  720.4000	            -1107
  720.6000	             -457
  720.8000	            -1028
  721.0000	             -997
  721.2000	             -936
  721.4000	            -1128
  721.6000	             -696
  721.8000	             -947
  722.0000	             -832
  722.2000	            -1078
  722.4000	             -792
  722.6000	             -894
  722.8000	             -705
  723.0000	             -817
  723.2000	             -716
  723.4000	             -717
  723.6000	             -672
  723.8000	             -723
  724.0000	             -654
  724.2000	             -801
  724.4000	             -901
  724.6000	             -823
  724.8000	             -576
  725.0000	             -544
  725.2000	             -678
  725.4000	             -962
  725.6000	             -830
  725.8000	             -634
  726.0000	             -449
  726.2000	             -952
  726.4000	             -787
  726.6000	             -802
  726.8000	             -683
  727.0000	             -578
  727.2000	            17324
  727.4000	             -989
  727.6000	            -1032
  727.8000	             -955
  728.0000	            -1006
  728.2000	             -966
  728.4000	             -985
  728.6000	             -946
  728.8000	             -895
  729.0000	            -1003
  729.2000	            -1067
  729.4000	            -1067
  729.6000	            -1077
  729.8000	             -976
  730.0000	            -1125
  730.2000	             -923
  730.4000	            -1078
  730.6000	             -945
  730.8000	            -1067
  731.0000	             -937
  731.2000	             -868
  731.4000	             -809
  731.6000	             -949
  731.8000	             -860
  732.0000	             -839
  732.2000	            -1170
  732.4000	            -1149
  732.6000	            -1154
  732.8000	            -1158
  733.0000	            -1156
  733.2000	            -1126
  733.4000	            -1151
  733.6000	            -1129
  733.8000	            -1152
  734.0000	            -1103
  734.2000	            -1154
  734.4000	            -1138
  734.6000	            -1147
  734.8000	            -1152
  735.0000	            -1127
  735.2000	            -1107
  735.4000	            -1148
  735.6000	            -1160
  735.8000	            -1124
  736.0000	            -1081
  736.2000	             -779
  736.4000	             -438
  736.6000	             -699
  736.8000	             -736
  737.0000	             -302
  737.2000	             1402
  737.4000	             -549
  737.6000	             -773
  737.8000	             -636
  738.0000	             -666
  738.2000	             1199
  738.4000	            40461
  738.6000	              258
  738.8000	             -977
  739.0000	            -1033
  739.2000	             -636
  739.4000	             -892
  739.6000	             -848
  739.8000	             -964
  740.0000	             -955
  740.2000	             -806
  740.4000	             -912
  740.6000	             -942
  740.8000	            -1015
  741.0000	             -969
  741.2000	             -783
  741.4000	            -1133
  741.6000	             -933
  741.8000	             -978
  742.0000	             -780
  742.2000	             -940
  742.4000	             -880
  742.6000	             -839
  742.8000	             -596
  743.0000	             -936
  743.2000	             -803
  743.4000	             -616
  743.6000	             -465
  743.8000	             -435
  744.0000	             -728
  744.2000	              -39
  744.4000	             -610
  744.6000	             -488
  744.8000	             -186
  745.0000	             -189
  745.2000	             -235
  745.4000	             -355
  745.6000	              780
  745.8000	             -269
  746.0000	              274
  746.2000	              177
  746.4000	              205
  746.6000	              763
  746.8000	              312
  747.0000	             -205
  747.2000	             -221
  747.4000	              -39
  747.6000	              -45
  747.8000	             -195
  748.0000	              140
  748.2000	              567
  748.4000	             -250
  748.6000	              197
  748.8000	              266
  749.0000	              828
  749.2000	             -663
  749.4000	             -326
  749.6000	             -405
  749.8000	             -121
  750.0000	              297
  750.2000	            36020
  750.4000	            20005
  750.6000	             -532
  750.8000	             -767
  751.0000	             -594
  751.2000	               61
  751.4000	           174797
  751.6000	             -505
  751.8000	             -742
  752.0000	             -657
  752.2000	             -729
  752.4000	             -962
  752.6000	            -1040
  752.8000	            -1035
  753.0000	             -862
  753.2000	            -1088
  753.4000	            -1037
  753.6000	             -913
  753.8000	             -989
  754.0000	             -897
  754.2000	             -939
  754.4000	             -912
  754.6000	             -971
  754.8000	             -623
  755.0000	            -1006
  755.2000	             -588
  755.4000	             -766
  755.6000	             -780
  755.8000	             -792
  756.0000	             -865
  756.2000	              -39
  756.4000	             -667
  756.6000	             -497
  756.8000	             -439
  757.0000	             -331
  757.2000	             -274
  757.4000	             -447
  757.6000	              266
  757.8000	             -452
  758.0000	              252
  758.2000	             -239
  758.4000	             -198
  758.6000	              516
  758.8000	             -250
  759.0000	             -877
  759.2000	              -39
  759.4000	             -230
  759.6000	             -230
  759.8000	              172
  760.0000	              -33
  760.2000	              -18
  760.4000	             -712
  760.6000	             -463
  760.8000	              177
  761.0000	              543
  761.2000	              595
  761.4000	             -594
  761.6000	             -122
  761.8000	             -429
  762.0000	             -187
  762.2000	             -198
  762.4000	              815
  762.6000	             -156
  762.8000	             -806
  763.0000	             -802
  763.2000	             -464
  763.4000	           301439
  763.6000	             -166
  763.8000	             -551
  764.0000	             -657
  764.2000	             -810
  764.4000	             -811
  764.6000	             -837
  764.8000	             -906
  765.0000	            -1072
  765.2000	            -1006
  765.4000	             -930
  765.6000	            -1092
  765.8000	             -930
  766.0000	             -914
  766.2000	             -853
  766.4000	             -908
  766.6000	             -924
  766.8000	             -930
  767.0000	             -857
  767.2000	             -652
  767.4000	             -989
  767.6000	             -583
  767.8000	             -785
  768.0000	             -773
  768.2000	             -736
  768.4000	             -787
  768.6000	             -148
  768.8000	             -779
  769.0000	             -437
  769.2000	             -304
  769.4000	             -601
  769.6000	              570
  769.8000	             -397
  770.0000	             -371
  770.2000	              704
  770.4000	              -11
  770.6000	             -157
  770.8000	              184
  771.0000	              110
  771.2000	              717
  771.4000	              124
  771.6000	             -760
  771.8000	              175
  772.0000	              -26
  772.2000	             5674
  772.4000	            25358
  772.6000	              287
  772.8000	              -66
  773.0000	             -186
  773.2000	             -243
  773.4000	              460
  773.6000	              294
  773.8000	             1229
  774.0000	             -625
  774.2000	             -606
  774.4000	             -585
  774.6000	             -293
  774.8000	              -24
  775.0000	              443
  775.2000	             1670
  775.4000	             -979
  775.6000	             -946
  775.8000	             -974
  776.0000	             -931
  776.2000	             -683
  776.4000	             -827
  776.6000	             -804
  776.8000	             -779
  777.0000	             -862
  777.2000	             -576
  777.4000	             -283
  777.6000	            -1096
  777.8000	            -1175
  778.0000	            -1153
  778.2000	            -1105
  778.4000	            -1127
  778.6000	            -1134
  778.8000	            -1090
  779.0000	            -1115
  779.2000	            -1116
  779.4000	            -1111
  779.6000	            -1123
  779.8000	            -1141
  780.0000	            -1135
  780.2000	            -1113
  780.4000	            -1105
  780.6000	            -1124
  780.8000	            -1111
  781.0000	            -1121
  781.2000	            -1165
  781.4000	            -1129
  781.6000	            -1113
  781.8000	            -1108
  782.0000	            -1105
  782.2000	            -1116
  782.4000	            -1090
  782.6000	            -1103
  782.8000	            -1075
  783.0000	            -1135
  783.2000	            -1110
  783.4000	            -1035
  783.6000	            -1096
  783.8000	            -1140
  784.0000	            -1136
  784.2000	            -1153
  784.4000	            -1152
  784.6000	            -1140
  784.8000	            -1174
  785.0000	            -1127
  785.2000	            -1194
  785.4000	            -1156
  785.6000	            -1184
  785.8000	            -1153
  786.0000	            -1136
  786.2000	            -1145
  786.4000	            -1141
  786.6000	            -1165
  786.8000	            -1152
  787.0000	            -1150
  787.2000	            -1201
  787.4000	            -1146
  787.6000	            -1181
  787.8000	            -1136
  788.0000	            -1154
  788.2000	            -1132
  788.4000	            -1174
  788.6000	            -1150
  788.8000	            -1188
  789.0000	            -1153
  789.2000	            -1156
  789.4000	            -1184
  789.6000	            -1146
  789.8000	            -1143
  790.0000	            -1175
  790.2000	            -1151
  790.4000	            -1190
  790.6000	            -1191
  790.8000	            -1198
  791.0000	            -1195
  791.2000	            -1178
  791.4000	            -1209
  791.6000	            -1190
  791.8000	            -1140
  792.0000	            -1179
  792.2000	            -1158
  792.4000	            -1163
  792.6000	            -1180
  792.8000	            -1186
  793.0000	            -1129
  793.2000	            -1162
  793.4000	            -1136
  793.6000	            -1202
  793.8000	            -1165
  794.0000	            -1151
  794.2000	            -1157
  794.4000	            -1092
  794.6000	              -39
  794.8000	            22564
  795.0000	            -1066
  795.2000	            -1129
  795.4000	            -1145
  795.6000	            -1108
  795.8000	            -1181
  796.0000	            -1166
  796.2000	            -1127
  796.4000	            -1168
  796.6000	            -1149
  796.8000	            -1154
  797.0000	            -1154
  797.2000	            -1147
  797.4000	            -1145
  797.6000	            -1149
  797.8000	            -1137
  798.0000	            -1096
  798.2000	            -1105
  798.4000	            -1107
  798.6000	            -1142
  798.8000	            -1135
  799.0000	            -1138
  799.2000	            -1092
  799.4000	            -1082
  799.6000	            -1053
  799.8000	            -1129
  800.0000	            -1113
