  600.0000	            -1133
  600.2000	            -1089
  600.4000	            -1082
  600.6000	            -1095
  600.8000	            -1129
  601.0000	            -1123
  601.2000	            -1006
  601.4000	            -1163
  601.6000	            -1135
  601.8000	            -1167
  602.0000	            -1161
  602.2000	            -1134
  602.4000	            -1135
  602.6000	            -1163
  602.8000	            -1164
  603.0000	            -1165
  603.2000	            -1109
  603.4000	            -1163
  603.6000	            -1059
  603.8000	             -403
  604.0000	             -472
  604.2000	              419
  604.4000	              122
  604.6000	             -514
  604.8000	             -577
  605.0000	             -529
  605.2000	             -246
  605.4000	             -588
  605.6000	             -235
  605.8000	             -248
  606.0000	             -227
  606.2000	             -532
  606.4000	             -680
  606.6000	             -590
  606.8000	              920
  607.0000	             -964
  607.2000	             -905
  607.4000	             -923
  607.6000	             -878
  607.8000	             -793
  608.0000	             -899
  608.2000	             -941
  608.4000	             -892
  608.6000	             -923
  608.8000	             -952
  609.0000	             -791
  609.2000	             -785
  609.4000	             -789
  609.6000	             -785
  609.8000	             -523
  610.0000	             -706
  610.2000	             -706
  610.4000	             -767
  610.6000	             -863
  610.8000	             -721
  611.0000	             -842
  611.2000	             -878
  611.4000	             -646
  611.6000	             -794
  611.8000	             -646
  612.0000	             -863
  612.2000	             -959
  612.4000	             -864
  612.6000	              -43
  612.8000	            -1039
  613.0000	            -1012
  613.2000	             -989
  613.4000	            -1019
  613.6000	            -1015
  613.8000	            -1001
  614.0000	            -1035
  614.2000	             -956
  614.4000	             -904
  614.6000	            -1006
  614.8000	            -1038
  615.0000	            -1023
  615.2000	             -940
  615.4000	             -778
  615.6000	             -949
  615.8000	             -873
  616.0000	             -814
  616.2000	             -962
  616.4000	             -957
  616.6000	             -890
  616.8000	             -861
  617.0000	             -861
  617.2000	             -735
  617.4000	             -789
  617.6000	             -944
  617.8000	             -830
  618.0000	             -951
  618.2000	             -955
  618.4000	             -855
  618.6000	             -719
  618.8000	            -1078
  619.0000	            -1078
  619.2000	            -1064
  619.4000	            -1079
  619.6000	            -1051
  619.8000	            -1057
  620.0000	            -1034
  620.2000	             -996
  620.4000	            -1077
  620.6000	            -1081
  620.8000	             -968
  621.0000	            -1015
  621.2000	             -737
  621.4000	             -954
  621.6000	             -881
  621.8000	             -806
  622.0000	             -857
  622.2000	             -839
  622.4000	             -868
  622.6000	             -741
  622.8000	             -890
  623.0000	             -895
  623.2000	             -819
  623.4000	             -887
  623.6000	             -796
  623.8000	             -982
  624.0000	             -949
  624.2000	             -642
  624.4000	             -968
  624.6000	             -944
  624.8000	             -929
  625.0000	             -864
  625.2000	             -637
  625.4000	            -1061
  625.6000	             -993
  625.8000	            -1023
  626.0000	             -999
  626.2000	             -998
  626.4000	            -1001
  626.6000	             -977
  626.8000	            -1070
  627.0000	            -1074
  627.2000	             -918
  627.4000	             -942
  627.6000	             -852
  627.8000	             -936
  628.0000	             -853
  628.2000	             -727
  628.4000	             -661
  628.6000	             -699
  628.8000	             -672
  629.0000	             -599
  629.2000	             -814
  629.4000	             -507
  629.6000	             -343
  629.8000	             -649
  630.0000	             -785
  630.2000	             -704
  630.4000	             -635
  630.6000	             -464
  630.8000	             -615
  631.0000	             -651
  631.2000	             -226
  631.4000	             -814
  631.6000	             -827
  631.8000	             -755
  632.0000	             -585
  632.2000	             -112
  632.4000	            -1001
  632.6000	             -894
  632.8000	             -894
  633.0000	             -883
  633.2000	             -886
  633.4000	             -883
  633.6000	             -811
  633.8000	             -970
  634.0000	             -885
  634.2000	             -526
  634.4000	             -790
  634.6000	             -864
  634.8000	             -813
  635.0000	             -564
  635.2000	             -432
  635.4000	             -512
  635.6000	             -518
  635.8000	             -162
  636.0000	              -58
  636.2000	              -99
  636.4000	              -57
  636.6000	              381
  636.8000	             -443
  637.0000	             -470
  637.2000	             -109
  637.4000	             -224
  637.6000	              123
  637.8000	              132
  638.0000	             -402
  638.2000	              181
  638.4000	             1460
  638.6000	             -466
  638.8000	             -341
  639.0000	              -72
  639.2000	              235
  639.4000	              471
  639.6000	             -885
  639.8000	             -649
  640.0000	             -670
  640.2000	             -661
  640.4000	             -603
  640.6000	             -658
  640.8000	             -530
  641.0000	             -887
  641.2000	             -693
  641.4000	             -205
  641.6000	              637
  641.8000	             -881
  642.0000	             -180
  642.2000	             -247
  642.4000	             -118
  642.6000	             -398
  642.8000	              289
  643.0000	              505
  643.2000	              371
  643.4000	              968
  643.6000	              249
  643.8000	              952
  644.0000	             1602
  644.2000	              811
  644.4000	              276
  644.6000	              690
  644.8000	              930
  645.0000	              949
  645.2000	              815
  645.4000	              -39
  645.6000	             1498
  645.8000	             2144
  646.0000	               61
  646.2000	              284
  646.4000	              904
  646.6000	             1705
  646.8000	             1370
  647.0000	             -756
  647.2000	             -473
  647.4000	             -387
  647.6000	             -391
  647.8000	             -212
  648.0000	             -493
  648.2000	             -253
  648.4000	             -645
  648.6000	             -719
  648.8000	             -518
  649.0000	             -826
  649.2000	             -501
  649.4000	              189
  649.6000	             -577
  649.8000	             -273
  650.0000	              266
  650.2000	              342
  650.4000	              112
  650.6000	              821
  650.8000	              777
  651.0000	              768
  651.2000	              876
  651.4000	             1495
  651.6000	              473
  651.8000	              398
  652.0000	              356
  652.2000	              388
  652.4000	              579
  652.6000	              797
  652.8000	             1201
  653.0000	              183
  653.2000	             1504
  653.4000	             2431
  653.6000	               18
  653.8000	              296
  654.0000	              832
  654.2000	             1465
  654.4000	             2562
  654.6000	             -839
  654.8000	             -443
  655.0000	             -453
  655.2000	             -312
  655.4000	             -284
  655.6000	             -449
  655.8000	             -447
  656.0000	             -453
  656.2000	             -131
  656.4000	             -696
  656.6000	             -411
  656.8000	             -672
  657.0000	             -867
  657.2000	             -161
  657.4000	             -291
  657.6000	             -161
  657.8000	             -245
  658.0000	              699
  658.2000	              508
  658.4000	              759
  658.6000	              832
  658.8000	              410
  659.0000	              655
  659.2000	             1257
  659.4000	              297
  659.6000	               25
  659.8000	              213
  660.0000	              233
  660.2000	              422
  660.4000	              760
  660.6000	              690
  660.8000	             -237
  661.0000	              851
  661.2000	             2025
  661.4000	             -371
  661.6000	              102
  661.8000	              -21
  662.0000	              528
  662.2000	             3307
  662.4000	             -884
  662.6000	             -637
  662.8000	             -649
  663.0000	             -478
  663.2000	             -549
  663.4000	             -325
  663.6000	             -656
  663.8000	             -551
  664.0000	             -572
  664.2000	             -924
  664.4000	             -785
  664.6000	             -615
  664.8000	             -667
  665.0000	             -707
  665.2000	             -502
  665.4000	             -437
  665.6000	             -251
  665.8000	             -492
  666.0000	              358
  666.2000	               54
  666.4000	              230
  666.6000	              217
  666.8000	              103
  667.0000	              219
  667.2000	              462
  667.4000	              728
  667.6000	             3019
  667.8000	              -57
  668.0000	              192
  668.2000	              179
  668.4000	              471
  668.6000	               -9
  668.8000	              142
  669.0000	             -226
  669.2000	              359
  669.4000	             1120
  669.6000	             -341
  669.8000	             -344
  670.0000	              123
  670.2000	              610
  670.4000	             1099
  670.6000	             -943
  670.8000	             -652
  671.0000	             -812
  671.2000	             -656
  671.4000	             -787
  671.6000	             -603
  671.8000	             -823
  672.0000	             -613
  672.2000	             -654
  672.4000	             -952
  672.6000	             -807
  672.8000	             -698
  673.0000	             -856
  673.2000	             -813
  673.4000	             -310
  673.6000	             -662
  673.8000	             -568
  674.0000	             -227
  674.2000	             -265
  674.4000	             -594
  674.6000	             -130
  674.8000	             -234
  675.0000	              364
  675.2000	             2011
  675.4000	             -112
  675.6000	              693
  675.8000	                0
  676.0000	             -585
  676.2000	             -104
  676.4000	              -91
  676.6000	              159
  676.8000	              221
  677.0000	              -39
  677.2000	             -224
  677.4000	              -69
  677.6000	              551
  677.8000	             1239
  678.0000	             -439
  678.2000	             -477
  678.4000	               12
  678.6000	              563
  678.8000	             1424
  679.0000	             -940
  679.2000	             -782
  679.4000	             -819
  679.6000	             -806
  679.8000	             -706
  680.0000	             -670
  680.2000	             -768
  680.4000	             -846
  680.6000	             -881
  680.8000	            -1006
  681.0000	             -972
  681.2000	             -944
  681.4000	            -1042
  681.6000	             -952
  681.8000	             -906
  682.0000	             -978
  682.2000	             -910
  682.4000	             -808
  682.6000	             -899
  682.8000	             -705
  683.0000	             -837
  683.2000	             -772
  683.4000	             -792
  683.6000	             -671
  683.8000	             -634
  684.0000	             -753
  684.2000	             -510
  684.4000	             -691
  684.6000	             -972
  684.8000	             -785
  685.0000	             -717
  685.2000	             -720
  685.4000	             -645
  685.6000	             -712
  685.8000	             -629
  686.0000	             -818
  686.2000	             -610
  686.4000	             -135
  686.6000	             -944
  686.8000	             -905
  687.0000	             -230
  687.2000	             -712
  687.4000	              249
  687.6000	            -1104
  687.8000	            -1106
  688.0000	            -1055
  688.2000	             -929
  688.4000	            -1002
  688.6000	            -1011
  688.8000	             -966
  689.0000	            -1055
  689.2000	            -1075
  689.4000	            -1115
  689.6000	            -1157
  689.8000	            -1095
  690.0000	            -1151
  690.2000	            -1089
  690.4000	            -1128
  690.6000	            -1079
  690.8000	            -1113
  691.0000	            -1108
  691.2000	            -1136
  691.4000	            -1152
  691.6000	            -1127
  691.8000	            -1135
  692.0000	            -1125
  692.2000	            -1124
  692.4000	            -1103
  692.6000	            -1135
  692.8000	            -1149
  693.0000	            -1128
  693.2000	            -1132
  693.4000	            -1158
  693.6000	            -1010
  693.8000	            -1097
  694.0000	            -1095
  694.2000	            -1116
  694.4000	            -1079
  694.6000	            -1134
  694.8000	            -1082
  695.0000	            -1114
  695.2000	            -1125
  695.4000	            -1095
  695.6000	            -1089
  695.8000	            -1110
  696.0000	            -1051
  696.2000	            -1052
  696.4000	            32209
  696.6000	             -784
  696.8000	            -1069
  697.0000	            -1078
  697.2000	            -1135
  697.4000	            -1145
  697.6000	            -1136
  697.8000	            -1073
  698.0000	            -1130
  698.2000	            -1104
  698.4000	            -1153
  698.6000	            -1118
  698.8000	            -1125
  699.0000	            -1123
  699.2000	            -1072
  699.4000	            -1099
  699.6000	            -1111
  699.8000	            -1137
  700.0000	            -1146
  700.2000	            -1101
  700.4000	            -1073
  700.6000	            -1084
  700.8000	            -1130
  701.0000	            -1098
  701.2000	            -1070
  701.4000	            -1114
  701.6000	            -1111
  701.8000	            -1078
  702.0000	            -1102
  702.2000	            -1075
  702.4000	            -1061
  702.6000	            -1151
  702.8000	            -1067
  703.0000	             -220
  703.2000	            -1052
  703.4000	            -1069
  703.6000	            -1114
  703.8000	            -1083
  704.0000	            -1113
  704.2000	            -1088
  704.4000	            -1034
  704.6000	            -1083
  704.8000	            -1113
  705.0000	            -1108
  705.2000	            -1102
  705.4000	            -1088
  705.6000	            -1079
  705.8000	            -1012
  706.0000	            -1087
  706.2000	            -1124
  706.4000	            -1075
  706.6000	            55223
  706.8000	              610
  707.0000	            -1063
  707.2000	            -1071
  707.4000	            -1111
  707.6000	            -1114
  707.8000	            -1149
  708.0000	            -1121
  708.2000	            -1105
  708.4000	            -1113
  708.6000	            -1040
  708.8000	            -1105
  709.0000	            -1145
  709.2000	            -1109
  709.4000	            -1133
  709.6000	            -1015
  709.8000	            -1149
  710.0000	            -1111
  710.2000	            -1032
  710.4000	            -1118
  710.6000	             -906
  710.8000	            -1028
  711.0000	            -1094
  711.2000	            -1114
  711.4000	            -1108
  711.6000	             -937
  711.8000	            -1047
  712.0000	             -945
  712.2000	             -976
  712.4000	             -968
  712.6000	             -931
  712.8000	             -893
  713.0000	             -973
  713.2000	             -948
  713.4000	             -961
  713.6000	            -1033
  713.8000	             -931
  714.0000	             -986
  714.2000	             -853
  714.4000	             -949
  714.6000	             6367
  714.8000	             -861
  715.0000	             -730
  715.2000	            -1001
  715.4000	            -1037
  715.6000	             -961
  715.8000	             -822
  716.0000	             -947
  716.2000	             -802
  716.4000	             -975
  716.6000	            -1104
  716.8000	            -1103
  717.0000	            -1128
  717.2000	            -1105
  717.4000	            -1069
  717.6000	            -1056
  717.8000	            -1032
  718.0000	            -1093
  718.2000	            -1112
  718.4000	            -1159
  718.6000	            -1106
  718.8000	            -1095
  719.0000	            -1139
  719.2000	            -1048
  719.4000	            -1124
  719.6000	            -1096
  719.8000	            -1099
  720.0000	            -1083
  720.2000	            -1070
  720.4000	            -1089
  720.6000	             -381
  720.8000	            -1028
  721.0000	            -1012
  721.2000	             -902
  721.4000	            -1145
  721.6000	             -740
  721.8000	             -937
  722.0000	             -865
  722.2000	            -1062
  722.4000	             -626
  722.6000	             -857
  722.8000	             -667
  723.0000	             -797
  723.2000	             -734
  723.4000	             -701
  723.6000	             -627
  723.8000	             -639
  724.0000	             -661
  724.2000	             -772
  724.4000	             -884
  724.6000	             -797
  724.8000	             -594
  725.0000	             -621
  725.2000	             -700
  725.4000	             -977
  725.6000	             -779
  725.8000	             -667
  726.0000	             -464
  726.2000	             -945
  726.4000	             -787
  726.6000	             -809
  726.8000	             -688
  727.0000	             -558
  727.2000	            17630
  727.4000	             -946
  727.6000	            -1029
  727.8000	             -966
  728.0000	             -994
  728.2000	             -954
  728.4000	            -1001
  728.6000	             -984
  728.8000	             -862
  729.0000	            -1003
  729.2000	            -1042
  729.4000	            -1092
  729.6000	            -1059
  729.8000	             -991
  730.0000	            -1087
  730.2000	             -946
  730.4000	            -1069
  730.6000	             -926
  730.8000	            -1075
  731.0000	             -964
  731.2000	             -907
  731.4000	             -789
  731.6000	             -941
  731.8000	             -887
  732.0000	             -794
  732.2000	            -1001
  732.4000	             -787
  732.6000	            -1018
  732.8000	             -660
  733.0000	             -719
  733.2000	             -553
  733.4000	             -923
  733.6000	             -438
  733.8000	             -657
  734.0000	             -408
  734.2000	             -655
  734.4000	             -389
  734.6000	             -543
  734.8000	             -424
  735.0000	             -112
  735.2000	             -197
  735.4000	             -751
  735.6000	             -793
  735.8000	             -670
  736.0000	             -450
  736.2000	             -619
  736.4000	             -424
  736.6000	             -654
  736.8000	             -736
  737.0000	             -262
  737.2000	             1258
  737.4000	             -535
  737.6000	             -810
  737.8000	             -623
  738.0000	             -722
  738.2000	             1250
  738.4000	            36969
  738.6000	              270
  738.8000	             -976
  739.0000	             -993
  739.2000	             -655
  739.4000	             -875
  739.6000	             -892
  739.8000	            -1041
  740.0000	             -978
  740.2000	             -779
  740.4000	             -940
  740.6000	            -1011
  740.8000	            -1068
  741.0000	             -997
  741.2000	             -773
  741.4000	            -1116
  741.6000	             -952
  741.8000	            -1016
  742.0000	             -785
  742.2000	             -920
  742.4000	             -879
  742.6000	             -856
  742.8000	             -635
  743.0000	             -954
  743.2000	             -803
  743.4000	             -611
  743.6000	             -935
  743.8000	            -1089
  744.0000	            -1113
  744.2000	            -1122
  744.4000	            -1140
  744.6000	            -1089
  744.8000	            -1129
  745.0000	            -1116
  745.2000	            -1089
  745.4000	            -1101
  745.6000	            -1100
  745.8000	            -1099
  746.0000	            -1109
  746.2000	            -1108
  746.4000	            -1097
  746.6000	            -1031
  746.8000	            -1113
  747.0000	            -1132
  747.2000	            -1124
  747.4000	            -1084
  747.6000	            -1127
  747.8000	            -1139
  748.0000	            -1132
  748.2000	            -1073
  748.4000	            -1095
  748.6000	            -1141
  748.8000	            -1097
  749.0000	            -1081
  749.2000	            -1178
  749.4000	            -1100
  749.6000	            -1132
  749.8000	            -1113
  750.0000	            -1018
  750.2000	             2962
  750.4000	             2664
  750.6000	            -1095
  750.8000	            -1125
  751.0000	            -1124
  751.2000	            -1070
  751.4000	            33207
  751.6000	            -1128
  751.8000	            -1154
  752.0000	            -1152
  752.2000	            -1126
  752.4000	            -1170
  752.6000	            -1126
  752.8000	            -1146
  753.0000	            -1174
  753.2000	            -1124
  753.4000	            -1142
  753.6000	            -1152
  753.8000	            -1192
  754.0000	            -1153
  754.2000	            -1179
  754.4000	            -1135
  754.6000	            -1142
  754.8000	            -1135
  755.0000	            -1196
  755.2000	            -1165
  755.4000	            -1138
  755.6000	            -1173
  755.8000	            -1157
  756.0000	            -1154
  756.2000	            -1126
  756.4000	            -1136
  756.6000	            -1111
  756.8000	            -1150
  757.0000	            -1124
  757.2000	            -1092
  757.4000	            -1137
  757.6000	               86
  757.8000	             -607
  758.0000	               97
  758.2000	             -248
  758.4000	             -249
  758.6000	              448
  758.8000	             -341
  759.0000	             -892
  759.2000	              -39
  759.4000	             -232
  759.6000	             -222
  759.8000	              100
  760.0000	                4
  760.2000	               72
  760.4000	             -755
  760.6000	             -472
  760.8000	              189
  761.0000	              604
  761.2000	              588
  761.4000	             -617
  761.6000	             -110
  761.8000	             -426
  762.0000	             -205
  762.2000	             -129
  762.4000	              898
  762.6000	             -197
  762.8000	             -823
  763.0000	             -790
  763.2000	             -412
  763.4000	           318545
  763.6000	             -133
  763.8000	             -521
  764.0000	             -616
  764.2000	             -735
  764.4000	             -816
  764.6000	             -797
  764.8000	             -868
  765.0000	            -1014
  765.2000	            -1039
  765.4000	             -890
  765.6000	            -1066
  765.8000	             -931
  766.0000	             -868
  766.2000	             -904
  766.4000	             -919
  766.6000	             -983
  766.8000	             -923
  767.0000	             -893
  767.2000	             -658
  767.4000	             -981
  767.6000	             -493
  767.8000	             -753
  768.0000	             -740
  768.2000	             -711
  768.4000	             -763
  768.6000	             -150
  768.8000	             -660
  769.0000	             -437
  769.2000	             -219
  769.4000	             -605
  769.6000	              601
  769.8000	             -323
  770.0000	             -281
  770.2000	              815
  770.4000	               98
  770.6000	              -63
  770.8000	              235
  771.0000	              139
  771.2000	              847
  771.4000	              143
  771.6000	             -752
  771.8000	              170
  772.0000	               85
  772.2000	             6376
  772.4000	            23908
  772.6000	              361
  772.8000	              -11
  773.0000	              -89
  773.2000	             -245
  773.4000	              469
  773.6000	              346
  773.8000	             1306
  774.0000	             -608
  774.2000	             -573
  774.4000	             -616
  774.6000	             -247
  774.8000	              -50
  775.0000	              461
  775.2000	             1732
  775.4000	             -989
  775.6000	             -950
  775.8000	             -945
  776.0000	             -906
  776.2000	             -661
  776.4000	             -808
  776.6000	             -775
  776.8000	             -835
  777.0000	             -893
  777.2000	             -631
  777.4000	             -244
  777.6000	            -1113
  777.8000	            -1152
  778.0000	            -1128
  778.2000	            -1096
  778.4000	            -1129
  778.6000	            -1113
  778.8000	            -1079
  779.0000	            -1162
  779.2000	            -1136
  779.4000	            -1113
  779.6000	            -1129
  779.8000	            -1114
  780.0000	            -1152
  780.2000	            -1108
  780.4000	            -1102
  780.6000	            -1108
  780.8000	            -1087
  781.0000	            -1145
  781.2000	            -1142
  781.4000	            -1119
  781.6000	            -1117
  781.8000	            -1109
  782.0000	            -1070
  782.2000	            -1169
  782.4000	            -1105
  782.6000	            -1129
  782.8000	            -1049
  783.0000	            -1110
  783.2000	            -1073
  783.4000	            -1044
  783.6000	            -1084
  783.8000	            -1083
  784.0000	            -1067
  784.2000	            -1060
  784.4000	            -1011
  784.6000	            -1100
  784.8000	            -1075
  785.0000	            -1064
  785.2000	            -1078
  785.4000	            -1010
  785.6000	            -1121
  785.8000	            -1053
  786.0000	            -1053
  786.2000	            -1043
  786.4000	            -1056
  786.6000	            -1083
  786.8000	             -929
  787.0000	            -1102
  787.2000	            -1134
  787.4000	            -1113
  787.6000	            -1044
  787.8000	            -1044
  788.0000	            -1126
  788.2000	            -1120
  788.4000	            -1099
  788.6000	            -1109
  788.8000	            -1098
  789.0000	             -852
  789.2000	            -1056
  789.4000	            -1018
  789.6000	            -1070
  789.8000	            -1126
  790.0000	            -1148
  790.2000	            -1106
  790.4000	            -1146
  790.6000	            -1122
  790.8000	            -1140
  791.0000	            -1128
  791.2000	            -1131
  791.4000	            -1140
  791.6000	            -1125
  791.8000	            -1165
  792.0000	            -1169
  792.2000	            -1163
  792.4000	            -1149
  792.6000	            -1152
  792.8000	            -1151
  793.0000	            -1180
  793.2000	            -1150
  793.4000	            -1170
  793.6000	            -1146
  793.8000	            -1146
  794.0000	            -1154
  794.2000	            -1141
  794.4000	            -1108
  794.6000	             -130
  794.8000	            19998
  795.0000	            -1070
  795.2000	            -1132
  795.4000	            -1142
  795.6000	            -1163
  795.8000	            -1132
  796.0000	            -1171
  796.2000	            -1169
  796.4000	            -1133
  796.6000	            -1134
  796.8000	            -1147
  797.0000	            -1081
  797.2000	            -1154
  797.4000	            -1081
  797.6000	            -1152
  797.8000	            -1151
  798.0000	            -1130
  798.2000	            -1093
  798.4000	            -1108
  798.6000	            -1125
  798.8000	            -1120
  799.0000	            -1107
  799.2000	            -1093
  799.4000	            -1140
  799.6000	            -1053
  799.8000	            -1128
  800.0000	            -1097
