  500.0000	            -1105
  500.2000	            -1085
  500.4000	            -1108
  500.6000	            -1095
  500.8000	            -1056
  501.0000	            -1049
  501.2000	            -1003
  501.4000	             -999
  501.6000	             -998
  501.8000	            -1002
  502.0000	             -950
  502.2000	            -1000
  502.4000	             -973
  502.6000	             -999
  502.8000	             -868
  503.0000	             -804
  503.2000	             -927
  503.4000	            -1035
  503.6000	            -1033
  503.8000	            -1070
  504.0000	            -1003
  504.2000	            -1027
  504.4000	             -995
  504.6000	            -1011
  504.8000	            -1001
  505.0000	            -1018
  505.2000	            -1010
  505.4000	             -998
  505.6000	             -968
  505.8000	             -981
  506.0000	             -867
  506.2000	             -888
  506.4000	             -863
  506.6000	             -823
  506.8000	             -908
  507.0000	             -965
  507.2000	             -944
  507.4000	            -1018
  507.6000	             -979
  507.8000	            -1001
  508.0000	            -1014
  508.2000	            -1064
  508.4000	            -1036
  508.6000	            -1079
  508.8000	            -1042
  509.0000	            -1014
  509.2000	            -1096
  509.4000	            -1132
  509.6000	            -1055
  509.8000	            -1075
  510.0000	            -1105
  510.2000	            -1132
  510.4000	            -1070
  510.6000	            -1096
  510.8000	            -1128
  511.0000	            -1089
  511.2000	            -1122
  511.4000	            -1105
  511.6000	            -1097
  511.8000	            -1105
  512.0000	            -1127
  512.2000	            -1122
  512.4000	            -1132
  512.6000	            -1054
  512.8000	            -1141
  513.0000	            -1099
  513.2000	            -1109
  513.4000	            -1104
  513.6000	            -1139
  513.8000	            -1085
  514.0000	            -1097
  514.2000	            -1055
  514.4000	            -1096
  514.6000	            -1058
  514.8000	            -1075
  515.0000	            -1075
  515.2000	            -1047
  515.4000	            -1008
  515.6000	            -1086
  515.8000	            -1095
  516.0000	            -1029
  516.2000	             -841
  516.4000	             -997
  516.6000	             -980
  516.8000	            -1041
  517.0000	            -1024
  517.2000	            -1006
  517.4000	            -1040
  517.6000	             -998
  517.8000	             -899
  518.0000	             -867
  518.2000	            -1004
  518.4000	             -964
  518.6000	            -1054
  518.8000	             -930
  519.0000	            -1091
  519.2000	            -1038
  519.4000	            -1037
  519.6000	            -1012
  519.8000	            -1133
  520.0000	            -1113
  520.2000	            -1069
  520.4000	            -1098
  520.6000	            -1085
  520.8000	            -1006
  521.0000	            -1112
  521.2000	            -1034
  521.4000	            -1125
  521.6000	            -1126
  521.8000	            -1136
  522.0000	            -1107
  522.2000	            -1146
  522.4000	            -1128
  522.6000	            -1110
  522.8000	            -1108
  523.0000	            -1143
  523.2000	            -1149
  523.4000	            -1103
  523.6000	            -1146
  523.8000	            -1092
  524.0000	            -1140
  524.2000	            -1125
  524.4000	            -1107
  524.6000	            -1095
  524.8000	            -1149
  525.0000	            -1151
  525.2000	            -1106
  525.4000	            -1155
  525.6000	            -1095
  525.8000	            -1129
  526.0000	            -1084
  526.2000	            -1079
  526.4000	            -1083
  526.6000	            -1098
  526.8000	            -1110
  527.0000	            -1102
  527.2000	            -1076
  527.4000	            -1057
  527.6000	            -1107
  527.8000	            -1105
  528.0000	            -1111
  528.2000	            -1075
  528.4000	            -1037
  528.6000	            -1100
  528.8000	            -1022
  529.0000	            -1022
  529.2000	            -1101
  529.4000	            -1059
  529.6000	            -1023
  529.8000	            -1066
  530.0000	            -1037
  530.2000	             -999
  530.4000	             -971
  530.6000	             -906
  530.8000	             -880
  531.0000	            -1017
  531.2000	             -999
  531.4000	            -1040
  531.6000	            -1001
  531.8000	            -1018
  532.0000	            -1044
  532.2000	            -1070
  532.4000	            -1056
  532.6000	            -1044
  532.8000	            -1092
  533.0000	            -1141
  533.2000	            -1116
  533.4000	            -1093
  533.6000	            -1108
  533.8000	            -1069
  534.0000	            -1069
  534.2000	            -1072
  534.4000	            -1105
  534.6000	            -1100
  534.8000	            -1094
  535.0000	            -1058
  535.2000	            -1078
  535.4000	            -1072
  535.6000	            -1059
  535.8000	            -1062
  536.0000	            -1085
  536.2000	            -1061
  536.4000	            -1043
  536.6000	            -1006
  536.8000	            -1096
  537.0000	            -1080
  537.2000	             -810
  537.4000	            -1095
  537.6000	            -1075
  537.8000	            -1055
  538.0000	             -997
  538.2000	            -1004
  538.4000	             -994
  538.6000	            -1001
  538.8000	            -1013
  539.0000	             -997
  539.2000	            -1005
  539.4000	            -1006
  539.6000	            -1061
  539.8000	             -976
  540.0000	             -946
  540.2000	            -1043
  540.4000	            -1028
  540.6000	             -746
  540.8000	            -1107
  541.0000	            -1033
  541.2000	            -1011
  541.4000	             -989
  541.6000	            -1011
  541.8000	             -989
  542.0000	             -980
  542.2000	             -861
  542.4000	            -1035
  542.6000	            -1008
  542.8000	             -950
  543.0000	            -1042
  543.2000	             -937
  543.4000	             -944
  543.6000	             -873
  543.8000	            -1041
  544.0000	             -926
  544.2000	             -902
  544.4000	            -1064
  544.6000	            -1006
  544.8000	             -993
  545.0000	             -934
  545.2000	             -961
  545.4000	            -1000
  545.6000	             -951
  545.8000	             -896
  546.0000	             -991
  546.2000	             -971
  546.4000	             -948
  546.6000	            -1011
  546.8000	             -943
  547.0000	             -966
  547.2000	             -846
  547.4000	            -1042
  547.6000	             -928
  547.8000	             -869
  548.0000	            -1085
  548.2000	            -1001
  548.4000	            -1037
  548.6000	            -1010
  548.8000	            -1023
  549.0000	            -1016
  549.2000	            -1042
  549.4000	             -879
  549.6000	            -1037
  549.8000	            -1018
  550.0000	            -1043
  550.2000	            -1040
  550.4000	            -1075
  550.6000	             -968
  550.8000	            -1028
  551.0000	            -1053
  551.2000	            -1056
  551.4000	             -889
  551.6000	            -1093
  551.8000	            -1111
  552.0000	            -1076
  552.2000	            -1090
  552.4000	            -1070
  552.6000	             -999
  552.8000	            -1069
  553.0000	            -1103
  553.2000	            -1023
  553.4000	            -1117
  553.6000	            -1052
  553.8000	            -1095
  554.0000	            -1115
  554.2000	            -1105
  554.4000	            -1000
  554.6000	            -1063
  554.8000	            -1048
  555.0000	            -1088
  555.2000	            -1024
  555.4000	            -1143
  555.6000	            -1108
  555.8000	             -989
  556.0000	            -1078
  556.2000	            -1081
  556.4000	            -1096
  556.6000	            -1083
  556.8000	            -1034
  557.0000	            -1035
  557.2000	            -1028
  557.4000	            -1053
  557.6000	            -1053
  557.8000	            -1070
  558.0000	            -1132
  558.2000	            -1107
  558.4000	            -1037
  558.6000	            -1121
  558.8000	            -1136
  559.0000	            -1130
  559.2000	            -1047
  559.4000	            -1097
  559.6000	            -1122
  559.8000	            -1129
  560.0000	            -1146
  560.2000	            -1135
  560.4000	            -1128
  560.6000	            -1039
  560.8000	            -1147
  561.0000	            -1152
  561.2000	            -1141
  561.4000	            -1128
  561.6000	            -1123
  561.8000	            -1179
  562.0000	            -1143
  562.2000	            -1156
  562.4000	            -1189
  562.6000	            -1154
  562.8000	            -1146
  563.0000	            -1178
  563.2000	            -1129
  563.4000	            -1168
  563.6000	            -1173
  563.8000	            -1192
  564.0000	            -1154
  564.2000	            -1150
  564.4000	            -1204
  564.6000	            -1130
  564.8000	            -1161
  565.0000	            -1108
  565.2000	            -1189
  565.4000	            -1123
  565.6000	            -1128
  565.8000	            -1144
  566.0000	            -1126
  566.2000	            -1137
  566.4000	            -1189
  566.6000	            -1190
  566.8000	            -1141
  567.0000	            -1175
  567.2000	            -1165
  567.4000	            -1153
  567.6000	            -1130
  567.8000	            -1178
  568.0000	            -1161
  568.2000	            -1126
  568.4000	            -1190
  568.6000	            -1153
  568.8000	            -1133
  569.0000	            -1165
  569.2000	            -1118
  569.4000	            -1142
  569.6000	            -1130
  569.8000	            -1153
  570.0000	            -1155
  570.2000	            -1160
  570.4000	            -1122
  570.6000	            -1119
  570.8000	            -1164
  571.0000	            -1133
  571.2000	            -1103
  571.4000	            -1098
  571.6000	            -1103
  571.8000	            -1114
  572.0000	            -1075
  572.2000	            -1086
  572.4000	            -1047
  572.6000	            -1015
  572.8000	             -961
  573.0000	             -992
  573.2000	             -952
  573.4000	            -1078
  573.6000	            -1061
  573.8000	            -1006
  574.0000	            -1015
  574.2000	             -981
  574.4000	             -997
  574.6000	             -912
  574.8000	             -963
  575.0000	            -1064
  575.2000	             -985
  575.4000	             -840
  575.6000	            -1127
  575.8000	            -1019
  576.0000	            -1068
  576.2000	            -1049
  576.4000	            -1071
  576.6000	             -993
  576.8000	             -968
  577.0000	             -946
  577.2000	             -940
  577.4000	             -919
  577.6000	             -859
  577.8000	             -865
  578.0000	             -794
  578.2000	             -788
  578.4000	             -895
  578.6000	             -912
  578.8000	             -844
  579.0000	             -853
  579.2000	             -800
  579.4000	             -897
  579.6000	             -606
  579.8000	             -968
  580.0000	             -898
  580.2000	             -794
  580.4000	             -749
  580.6000	             -952
  580.8000	             -975
  581.0000	             -986
  581.2000	             -897
  581.4000	             -966
  581.6000	             -865
  581.8000	             -952
  582.0000	             -915
  582.2000	             -833
  582.4000	             -800
  582.6000	             -717
  582.8000	             -808
  583.0000	             -694
  583.2000	             -818
  583.4000	             -800
  583.6000	             -884
  583.8000	             -775
  584.0000	             -776
  584.2000	             -671
  584.4000	             -846
  584.6000	             -549
  584.8000	             -943
  585.0000	             -939
  585.2000	             -767
  585.4000	             -528
  585.6000	            -1028
  585.8000	            -1006
  586.0000	            -1011
  586.2000	             -861
  586.4000	             -961
  586.6000	             -902
  586.8000	             -908
  587.0000	             -887
  587.2000	             -834
  587.4000	             -814
  587.6000	             -730
  587.8000	             -785
  588.0000	             -723
  588.2000	             -457
  588.4000	             -851
  588.6000	             -816
  588.8000	             -719
  589.0000	             -779
  589.2000	             -815
  589.4000	             -694
  589.6000	             -700
  589.8000	             -495
  590.0000	             -881
  590.2000	             -851
  590.4000	             -496
  590.6000	             -896
  590.8000	             -976
  591.0000	             -981
  591.2000	             -949
  591.4000	             -845
  591.6000	             -937
  591.8000	             -841
  592.0000	             -940
  592.2000	             -910
  592.4000	             -822
  592.6000	             -844
  592.8000	             -793
  593.0000	             -734
  593.2000	             -789
  593.4000	             -543
  593.6000	             -938
  593.8000	             -870
  594.0000	             -794
  594.2000	             -741
  594.4000	             -779
  594.6000	             -614
  594.8000	             -807
  595.0000	             -550
  595.2000	             -923
  595.4000	             -886
  595.6000	             -774
  595.8000	             -104
  596.0000	            -1034
  596.2000	            -1006
  596.4000	             -946
  596.6000	             -983
  596.8000	             -972
  597.0000	             -981
  597.2000	             -892
  597.4000	             -988
  597.6000	             -977
  597.8000	             -912
  598.0000	             -861
  598.2000	             -814
  598.4000	             -817
  598.6000	             -838
  598.8000	             -697
  599.0000	             -952
  599.2000	             -872
  599.4000	             -857
  599.6000	             -856
  599.8000	             -830
  600.0000	             -751
  600.2000	             -920
  600.4000	             -737
  600.6000	             -781
  600.8000	             -882
  601.0000	             -887
  601.2000	             -383
  601.4000	            -1075
  601.6000	            -1064
  601.8000	            -1006
  602.0000	             -999
  602.2000	            -1008
  602.4000	            -1018
  602.6000	            -1039
  602.8000	             -996
  603.0000	             -992
  603.2000	             -929
  603.4000	            -1016
  603.6000	             -914
  603.8000	             -933
  604.0000	             -890
  604.2000	             -899
  604.4000	             -789
  604.6000	             -968
  604.8000	             -976
  605.0000	             -959
  605.2000	             -957
  605.4000	             -908
  605.6000	             -842
  605.8000	             -881
  606.0000	             -883
  606.2000	             -867
  606.4000	            -1023
  606.6000	             -942
  606.8000	             -573
  607.0000	            -1122
  607.2000	            -1104
  607.4000	            -1082
  607.6000	            -1035
  607.8000	            -1061
  608.0000	            -1056
  608.2000	            -1087
  608.4000	            -1072
  608.6000	            -1092
  608.8000	            -1089
  609.0000	            -1045
  609.2000	            -1042
  609.4000	            -1053
  609.6000	            -1028
  609.8000	            -1015
  610.0000	            -1038
  610.2000	             -962
  610.4000	            -1041
  610.6000	            -1097
  610.8000	            -1000
  611.0000	            -1040
  611.2000	            -1069
  611.4000	             -981
  611.6000	            -1067
  611.8000	             -964
  612.0000	            -1078
  612.2000	            -1105
  612.4000	            -1069
  612.6000	             -847
  612.8000	            -1135
  613.0000	            -1153
  613.2000	            -1179
  613.4000	            -1081
  613.6000	            -1100
  613.8000	            -1133
  614.0000	            -1118
  614.2000	            -1108
  614.4000	            -1146
  614.6000	            -1126
  614.8000	            -1113
  615.0000	            -1124
  615.2000	            -1093
  615.4000	            -1076
  615.6000	            -1131
  615.8000	            -1116
  616.0000	            -1087
  616.2000	            -1092
  616.4000	            -1129
  616.6000	            -1113
  616.8000	            -1084
  617.0000	            -1095
  617.2000	            -1088
  617.4000	            -1089
  617.6000	            -1088
  617.8000	            -1085
  618.0000	            -1133
  618.2000	            -1101
  618.4000	            -1106
  618.6000	            -1075
  618.8000	            -1132
  619.0000	            -1143
  619.2000	            -1128
  619.4000	            -1192
  619.6000	            -1133
  619.8000	            -1139
  620.0000	            -1121
  620.2000	            -1130
  620.4000	            -1179
  620.6000	            -1138
  620.8000	            -1122
  621.0000	            -1138
  621.2000	            -1136
  621.4000	            -1103
  621.6000	            -1110
  621.8000	            -1091
  622.0000	            -1105
  622.2000	            -1100
  622.4000	            -1100
  622.6000	            -1068
  622.8000	            -1095
  623.0000	            -1126
  623.2000	            -1086
  623.4000	            -1097
  623.6000	            -1069
  623.8000	            -1129
  624.0000	            -1113
  624.2000	            -1058
  624.4000	            -1110
  624.6000	            -1122
  624.8000	            -1113
  625.0000	            -1104
  625.2000	            -1045
  625.4000	            -1143
  625.6000	            -1158
  625.8000	            -1111
  626.0000	            -1113
  626.2000	            -1110
  626.4000	            -1114
  626.6000	            -1111
  626.8000	            -1129
  627.0000	            -1145
  627.2000	            -1117
  627.4000	            -1138
  627.6000	            -1105
  627.8000	            -1135
  628.0000	            -1066
  628.2000	            -1037
  628.4000	            -1035
  628.6000	            -1047
  628.8000	            -1053
  629.0000	            -1058
  629.2000	            -1078
  629.4000	             -984
  629.6000	             -973
  629.8000	            -1054
  630.0000	            -1051
  630.2000	            -1064
  630.4000	            -1023
  630.6000	             -993
  630.8000	            -1040
  631.0000	            -1081
  631.2000	             -976
  631.4000	            -1090
  631.6000	            -1047
  631.8000	            -1062
  632.0000	            -1059
  632.2000	             -899
  632.4000	            -1134
  632.6000	            -1114
  632.8000	            -1095
  633.0000	            -1083
  633.2000	            -1098
  633.4000	            -1100
  633.6000	            -1107
  633.8000	            -1126
  634.0000	            -1118
  634.2000	            -1012
  634.4000	            -1120
  634.6000	            -1081
  634.8000	            -1040
  635.0000	            -1019
  635.2000	            -1033
  635.4000	            -1067
  635.6000	            -1023
  635.8000	             -976
  636.0000	             -914
  636.2000	             -930
  636.4000	             -952
  636.6000	             -838
  636.8000	            -1012
  637.0000	             -979
  637.2000	            -1000
  637.4000	             -989
  637.6000	             -930
  637.8000	             -865
  638.0000	             -950
  638.2000	             -881
  638.4000	             -751
  638.6000	            -1041
  638.8000	            -1015
  639.0000	             -967
  639.2000	             -878
  639.4000	             -802
  639.6000	            -1103
  639.8000	            -1105
  640.0000	            -1069
  640.2000	            -1074
  640.4000	            -1015
  640.6000	            -1085
  640.8000	            -1051
  641.0000	            -1098
  641.2000	            -1094
  641.4000	            -1001
  641.6000	            -1037
  641.8000	            -1069
  642.0000	             -864
  642.2000	            -1003
  642.4000	             -975
  642.6000	             -999
  642.8000	             -840
  643.0000	             -865
  643.2000	             -843
  643.4000	             -813
  643.6000	             -925
  643.8000	             -787
  644.0000	             -661
  644.2000	             -806
  644.4000	             -943
  644.6000	             -804
  644.8000	             -796
  645.0000	             -800
  645.2000	             -809
  645.4000	             -977
  645.6000	             -725
  645.8000	             -545
  646.0000	             -947
  646.2000	             -926
  646.4000	             -844
  646.6000	             -726
  646.8000	             -656
  647.0000	            -1117
  647.2000	            -1030
  647.4000	            -1070
  647.6000	            -1035
  647.8000	             -994
  648.0000	            -1073
  648.2000	            -1033
  648.4000	            -1078
  648.6000	            -1069
  648.8000	            -1055
  649.0000	            -1055
  649.2000	            -1040
  649.4000	             -882
  649.6000	            -1014
  649.8000	             -955
  650.0000	             -880
  650.2000	             -926
  650.4000	             -975
  650.6000	             -779
  650.8000	             -779
  651.0000	             -739
  651.2000	             -789
  651.4000	             -685
  651.6000	             -766
  651.8000	             -838
  652.0000	             -805
  652.2000	             -856
  652.4000	             -819
  652.6000	             -717
  652.8000	             -660
  653.0000	             -917
  653.2000	             -688
  653.4000	             -463
  653.6000	             -942
  653.8000	             -858
  654.0000	             -773
  654.2000	             -736
  654.4000	             -401
  654.6000	            -1111
  654.8000	            -1006
  655.0000	            -1019
  655.2000	             -942
  655.4000	            -1002
  655.6000	            -1033
  655.8000	             -942
  656.0000	             -997
  656.2000	            -1075
  656.4000	            -1017
  656.6000	             -971
  656.8000	            -1070
  657.0000	            -1051
  657.2000	             -882
  657.4000	             -925
  657.6000	             -893
  657.8000	             -895
  658.0000	             -620
  658.2000	             -763
  658.4000	             -662
  658.6000	             -685
  658.8000	             -768
  659.0000	             -653
  659.2000	             -609
  659.4000	             -738
  659.6000	             -799
  659.8000	             -787
  660.0000	             -772
  660.2000	             -657
  660.4000	             -642
  660.6000	             -612
  660.8000	             -919
  661.0000	             -628
  661.2000	             -323
  661.4000	             -957
  661.6000	             -819
  661.8000	             -897
  662.0000	             -717
  662.2000	             -173
  662.4000	            -1116
  662.6000	            -1081
  662.8000	            -1028
  663.0000	             -989
  663.2000	            -1001
  663.4000	             -968
  663.6000	            -1028
  663.8000	            -1011
  664.0000	            -1010
  664.2000	            -1096
  664.4000	            -1091
  664.6000	            -1042
  664.8000	            -1021
  665.0000	            -1012
  665.2000	             -888
  665.4000	             -952
  665.6000	             -923
  665.8000	             -949
  666.0000	             -740
  666.2000	             -815
  666.4000	             -782
  666.6000	             -755
  666.8000	             -780
  667.0000	             -723
  667.2000	             -678
  667.4000	             -603
  667.6000	             -506
  667.8000	             -861
  668.0000	             -802
  668.2000	             -794
  668.4000	             -740
  668.6000	             -806
  668.8000	             -676
  669.0000	             -908
  669.2000	             -735
  669.4000	             -424
  669.6000	             -868
  669.8000	             -966
  670.0000	             -797
  670.2000	             -645
  670.4000	             -480
  670.6000	            -1129
  670.8000	            -1067
  671.0000	            -1063
  671.2000	            -1015
  671.4000	            -1051
  671.6000	             -999
  671.8000	            -1083
  672.0000	            -1070
  672.2000	            -1061
  672.4000	            -1081
  672.6000	            -1088
  672.8000	            -1066
  673.0000	            -1091
  673.2000	            -1088
  673.4000	             -980
  673.6000	            -1098
  673.8000	            -1049
  674.0000	             -880
  674.2000	            -1001
  674.4000	            -1039
  674.6000	             -956
  674.8000	             -941
  675.0000	             -844
  675.2000	             -792
  675.4000	             -893
  675.6000	             -787
  675.8000	             -915
  676.0000	            -1032
  676.2000	             -890
  676.4000	             -929
  676.6000	             -902
  676.8000	             -859
  677.0000	             -911
  677.2000	             -852
  677.4000	             -968
  677.6000	             -794
  677.8000	             -600
  678.0000	            -1006
  678.2000	            -1033
  678.4000	             -949
  678.6000	             -859
  678.8000	             -589
  679.0000	            -1135
  679.2000	            -1114
  679.4000	            -1132
  679.6000	            -1088
  679.8000	            -1055
  680.0000	            -1066
  680.2000	            -1063
  680.4000	            -1078
  680.6000	            -1087
  680.8000	            -1137
  681.0000	            -1160
  681.2000	            -1108
  681.4000	            -1135
  681.6000	            -1125
  681.8000	            -1106
  682.0000	            -1095
  682.2000	            -1134
  682.4000	            -1107
  682.6000	            -1141
  682.8000	            -1082
  683.0000	            -1085
  683.2000	            -1088
  683.4000	            -1092
  683.6000	            -1013
  683.8000	            -1062
  684.0000	            -1088
  684.2000	            -1005
  684.4000	            -1073
  684.6000	            -1139
  684.8000	            -1109
  685.0000	            -1104
  685.2000	            -1059
  685.4000	            -1082
  685.6000	            -1089
  685.8000	            -1005
  686.0000	            -1111
  686.2000	            -1035
  686.4000	             -923
  686.6000	            -1108
  686.8000	            -1092
  687.0000	            -1070
  687.2000	            -1077
  687.4000	             -897
  687.6000	            -1147
  687.8000	            -1165
  688.0000	            -1120
  688.2000	            -1152
  688.4000	            -1154
  688.6000	            -1147
  688.8000	            -1163
  689.0000	            -1168
  689.2000	            -1135
  689.4000	            -1190
  689.6000	            -1146
  689.8000	            -1143
  690.0000	            -1163
  690.2000	            -1210
  690.4000	            -1162
  690.6000	            -1197
  690.8000	            -1188
  691.0000	            -1136
  691.2000	            -1136
  691.4000	            -1143
  691.6000	            -1164
  691.8000	            -1152
  692.0000	            -1202
  692.2000	            -1151
  692.4000	            -1145
  692.6000	            -1148
  692.8000	            -1156
  693.0000	            -1143
  693.2000	            -1169
  693.4000	            -1190
  693.6000	            -1185
  693.8000	            -1178
  694.0000	            -1190
  694.2000	            -1189
  694.4000	            -1175
  694.6000	            -1153
  694.8000	            -1123
  695.0000	            -1140
  695.2000	            -1172
  695.4000	            -1200
  695.6000	            -1183
  695.8000	            -1136
  696.0000	            -1126
  696.2000	            -1158
  696.4000	             1126
  696.6000	            -1131
  696.8000	            -1126
  697.0000	            -1211
  697.2000	            -1143
  697.4000	            -1201
  697.6000	            -1151
  697.8000	            -1151
  698.0000	            -1180
  698.2000	            -1171
  698.4000	            -1143
  698.6000	            -1181
  698.8000	            -1179
  699.0000	            -1156
  699.2000	            -1140
  699.4000	            -1155
  699.6000	            -1173
  699.8000	            -1179
  700.0000	            -1198
  700.2000	            -1178
  700.4000	            -1179
  700.6000	            -1154
  700.8000	            -1156
  701.0000	            -1149
  701.2000	            -1173
  701.4000	            -1126
  701.6000	            -1146
  701.8000	            -1151
  702.0000	            -1202
  702.2000	            -1126
  702.4000	            -1149
  702.6000	            -1160
  702.8000	            -1166
  703.0000	            -1114
  703.2000	            -1163
  703.4000	            -1151
  703.6000	            -1194
  703.8000	            -1181
  704.0000	            -1174
  704.2000	            -1189
  704.4000	            -1154
  704.6000	            -1168
  704.8000	            -1160
  705.0000	            -1178
  705.2000	            -1167
  705.4000	            -1137
  705.6000	            -1119
  705.8000	            -1152
  706.0000	            -1184
  706.2000	            -1196
  706.4000	            -1140
  706.6000	             1748
  706.8000	            -1033
  707.0000	            -1152
  707.2000	            -1179
  707.4000	            -1191
  707.6000	            -1129
  707.8000	            -1118
  708.0000	            -1127
  708.2000	            -1154
  708.4000	            -1181
  708.6000	            -1166
  708.8000	            -1164
  709.0000	            -1205
  709.2000	            -1190
  709.4000	            -1136
  709.6000	            -1132
  709.8000	            -1146
  710.0000	            -1126
  710.2000	            -1210
  710.4000	            -1190
  710.6000	            -1134
  710.8000	            -1152
  711.0000	            -1178
  711.2000	            -1146
  711.4000	            -1178
  711.6000	            -1129
  711.8000	            -1153
  712.0000	            -1126
  712.2000	            -1152
  712.4000	            -1143
  712.6000	            -1136
  712.8000	            -1136
  713.0000	            -1161
  713.2000	            -1129
  713.4000	            -1145
  713.6000	            -1160
  713.8000	            -1154
  714.0000	            -1126
  714.2000	            -1137
  714.4000	            -1167
  714.6000	             -833
  714.8000	            -1165
  715.0000	            -1087
  715.2000	            -1131
  715.4000	            -1178
  715.6000	            -1139
  715.8000	            -1124
  716.0000	            -1127
  716.2000	            -1142
  716.4000	            -1140
  716.6000	            -1190
  716.8000	            -1123
  717.0000	            -1165
  717.2000	            -1174
  717.4000	            -1141
  717.6000	            -1166
  717.8000	            -1155
  718.0000	            -1154
  718.2000	            -1159
  718.4000	            -1143
  718.6000	            -1182
  718.8000	            -1145
  719.0000	            -1198
  719.2000	            -1122
  719.4000	            -1195
  719.6000	            -1167
  719.8000	            -1164
  720.0000	            -1118
  720.2000	            -1119
  720.4000	            -1126
  720.6000	            -1115
  720.8000	            -1148
  721.0000	            -1154
  721.2000	            -1103
  721.4000	            -1153
  721.6000	            -1077
  721.8000	            -1152
  722.0000	            -1098
  722.2000	            -1113
  722.4000	            -1078
  722.6000	            -1111
  722.8000	            -1109
  723.0000	            -1133
  723.2000	            -1076
  723.4000	            -1087
  723.6000	            -1070
  723.8000	            -1061
  724.0000	            -1040
  724.2000	            -1105
  724.4000	            -1097
  724.6000	            -1082
  724.8000	            -1042
  725.0000	            -1064
  725.2000	            -1015
  725.4000	            -1123
  725.6000	            -1095
  725.8000	            -1050
  726.0000	             -993
  726.2000	            -1109
  726.4000	            -1132
  726.6000	            -1095
  726.8000	            -1113
  727.0000	            -1094
  727.2000	               -9
  727.4000	            -1149
  727.6000	            -1178
  727.8000	            -1129
  728.0000	            -1131
  728.2000	            -1154
  728.4000	            -1126
  728.6000	            -1135
  728.8000	            -1104
  729.0000	            -1125
  729.2000	            -1122
  729.4000	            -1135
  729.6000	            -1128
  729.8000	            -1136
  730.0000	            -1140
  730.2000	            -1113
  730.4000	            -1146
  730.6000	            -1145
  730.8000	            -1151
  731.0000	            -1141
  731.2000	            -1145
  731.4000	            -1094
  731.6000	            -1149
  731.8000	            -1097
  732.0000	            -1078
  732.2000	            -1090
  732.4000	            -1070
  732.6000	            -1123
  732.8000	             -982
  733.0000	            -1053
  733.2000	            -1063
  733.4000	            -1095
  733.6000	             -982
  733.8000	            -1015
  734.0000	            -1006
  734.2000	            -1012
  734.4000	             -943
  734.6000	            -1001
  734.8000	             -997
  735.0000	             -950
  735.2000	             -999
  735.4000	            -1066
  735.6000	            -1015
  735.8000	            -1034
  736.0000	            -1009
  736.2000	            -1040
  736.4000	            -1000
  736.6000	            -1013
  736.8000	            -1073
  737.0000	             -936
  737.2000	             -815
  737.4000	            -1010
  737.6000	            -1107
  737.8000	            -1070
  738.0000	            -1016
  738.2000	             -851
  738.4000	             1771
  738.6000	             -893
  738.8000	            -1132
  739.0000	            -1154
  739.2000	            -1083
  739.4000	            -1134
  739.6000	            -1105
  739.8000	            -1124
  740.0000	            -1102
  740.2000	            -1070
  740.4000	            -1092
  740.6000	            -1123
  740.8000	            -1135
  741.0000	            -1142
  741.2000	            -1097
  741.4000	            -1210
  741.6000	            -1152
  741.8000	            -1152
  742.0000	            -1088
  742.2000	            -1081
  742.4000	            -1135
  742.6000	            -1083
  742.8000	            -1088
  743.0000	            -1171
  743.2000	            -1126
  743.4000	            -1078
  743.6000	            -1079
  743.8000	            -1034
  744.0000	            -1070
  744.2000	             -994
  744.4000	            -1074
  744.6000	            -1051
  744.8000	             -955
  745.0000	            -1022
  745.2000	             -965
  745.4000	            -1021
  745.6000	             -819
  745.8000	             -974
  746.0000	             -889
  746.2000	             -895
  746.4000	             -974
  746.6000	             -830
  746.8000	             -931
  747.0000	            -1064
  747.2000	             -957
  747.4000	             -959
  747.6000	             -962
  747.8000	            -1035
  748.0000	             -868
  748.2000	             -850
  748.4000	            -1045
  748.6000	             -969
  748.8000	             -908
  749.0000	             -782
  749.2000	            -1093
  749.4000	            -1043
  749.6000	            -1041
  749.8000	            -1003
  750.0000	             -939
  750.2000	             2957
  750.4000	             2130
  750.6000	            -1073
  750.8000	            -1104
  751.0000	            -1092
  751.2000	            -1035
  751.4000	             9871
  751.6000	            -1053
  751.8000	            -1127
  752.0000	            -1075
  752.2000	            -1087
  752.4000	            -1113
  752.6000	            -1134
  752.8000	            -1140
  753.0000	            -1105
  753.2000	            -1150
  753.4000	            -1158
  753.6000	            -1086
  753.8000	            -1142
  754.0000	            -1098
  754.2000	            -1095
  754.4000	            -1109
  754.6000	            -1108
  754.8000	            -1012
  755.0000	            -1152
  755.2000	            -1066
  755.4000	            -1079
  755.6000	            -1081
  755.8000	            -1088
  756.0000	            -1125
  756.2000	             -978
  756.4000	            -1052
  756.6000	            -1035
  756.8000	            -1019
  757.0000	            -1012
  757.2000	             -953
  757.4000	            -1006
  757.6000	             -937
  757.8000	            -1019
  758.0000	             -904
  758.2000	             -987
  758.4000	             -943
  758.6000	             -811
  758.8000	            -1054
  759.0000	            -1095
  759.2000	             -958
  759.4000	             -987
  759.6000	             -966
  759.8000	             -930
  760.0000	             -975
  760.2000	             -974
  760.4000	            -1072
  760.6000	            -1007
  760.8000	             -940
  761.0000	             -862
  761.2000	             -866
  761.4000	            -1063
  761.6000	            -1000
  761.8000	            -1014
  762.0000	            -1008
  762.2000	             -983
  762.4000	             -823
  762.6000	             -974
  762.8000	            -1096
  763.0000	            -1121
  763.2000	            -1089
  763.4000	            16373
  763.6000	            -1014
  763.8000	            -1095
  764.0000	            -1070
  764.2000	            -1086
  764.4000	            -1095
  764.6000	            -1086
  764.8000	            -1069
  765.0000	            -1141
  765.2000	            -1147
  765.4000	            -1043
  765.6000	            -1150
  765.8000	            -1089
  766.0000	            -1111
  766.2000	            -1113
  766.4000	            -1066
  766.6000	            -1100
  766.8000	            -1095
  767.0000	            -1075
  767.2000	            -1005
  767.4000	            -1120
  767.6000	            -1017
  767.8000	            -1025
  768.0000	            -1017
  768.2000	             -989
  768.4000	            -1064
  768.6000	             -899
  768.8000	            -1062
  769.0000	             -971
  769.2000	             -890
  769.4000	            -1012
  769.6000	             -646
  769.8000	             -974
  770.0000	             -929
  770.2000	             -590
  770.4000	             -845
  770.6000	             -848
  770.8000	             -772
  771.0000	             -842
  771.2000	             -607
  771.4000	             -843
  771.6000	            -1014
  771.8000	             -798
  772.0000	             -880
  772.2000	             -484
  772.4000	             1403
  772.6000	             -793
  772.8000	             -880
  773.0000	             -749
  773.2000	             -937
  773.4000	             -735
  773.6000	             -743
  773.8000	             -506
  774.0000	            -1061
  774.2000	            -1035
  774.4000	            -1006
  774.6000	             -961
  774.8000	             -921
  775.0000	             -772
  775.2000	             -340
  775.4000	            -1138
  775.6000	            -1145
  775.8000	            -1115
  776.0000	            -1108
  776.2000	            -1069
  776.4000	            -1053
  776.6000	            -1048
  776.8000	            -1104
  777.0000	            -1124
  777.2000	            -1069
  777.4000	            -1038
  777.6000	            -1144
  777.8000	            -1178
  778.0000	            -1146
  778.2000	            -1127
  778.4000	            -1150
  778.6000	            -1130
  778.8000	            -1192
  779.0000	            -1185
  779.2000	            -1156
  779.4000	            -1180
  779.6000	            -1126
  779.8000	            -1192
  780.0000	            -1137
  780.2000	            -1165
  780.4000	            -1182
  780.6000	            -1165
  780.8000	            -1154
  781.0000	            -1189
  781.2000	            -1224
  781.4000	            -1130
  781.6000	            -1154
  781.8000	            -1161
  782.0000	            -1179
  782.2000	            -1153
  782.4000	            -1162
  782.6000	            -1151
  782.8000	            -1106
  783.0000	            -1140
  783.2000	            -1147
  783.4000	            -1150
  783.6000	            -1154
  783.8000	            -1158
  784.0000	            -1147
  784.2000	            -1176
  784.4000	            -1149
  784.6000	            -1178
  784.8000	            -1118
  785.0000	            -1147
  785.2000	            -1165
  785.4000	            -1131
  785.6000	            -1165
  785.8000	            -1137
  786.0000	            -1123
  786.2000	            -1158
  786.4000	            -1178
  786.6000	            -1154
  786.8000	            -1130
  787.0000	            -1169
  787.2000	            -1171
  787.4000	            -1126
  787.6000	            -1173
  787.8000	            -1162
  788.0000	            -1179
  788.2000	            -1148
  788.4000	            -1179
  788.6000	            -1200
  788.8000	            -1129
  789.0000	            -1179
  789.2000	            -1158
  789.4000	            -1140
  789.6000	            -1151
  789.8000	            -1196
  790.0000	            -1151
  790.2000	            -1143
  790.4000	            -1137
  790.6000	            -1203
  790.8000	            -1174
  791.0000	            -1136
  791.2000	            -1150
  791.4000	            -1156
  791.6000	            -1188
  791.8000	            -1136
  792.0000	            -1151
  792.2000	            -1132
  792.4000	            -1203
  792.6000	            -1152
  792.8000	            -1136
  793.0000	            -1185
  793.2000	            -1203
  793.4000	            -1156
  793.6000	            -1126
  793.8000	            -1118
  794.0000	            -1149
  794.2000	            -1156
  794.4000	            -1118
  794.6000	            -1116
  794.8000	              742
  795.0000	            -1154
  795.2000	            -1194
  795.4000	            -1165
  795.6000	            -1169
  795.8000	            -1190
  796.0000	            -1203
  796.2000	            -1156
  796.4000	            -1151
  796.6000	            -1148
  796.8000	            -1136
  797.0000	            -1159
  797.2000	            -1175
  797.4000	            -1136
  797.6000	            -1143
  797.8000	            -1167
  798.0000	            -1132
  798.2000	            -1190
  798.4000	            -1173
  798.6000	            -1178
  798.8000	            -1142
  799.0000	            -1132
  799.2000	            -1158
  799.4000	            -1197
  799.6000	            -1198
  799.8000	            -1124
  800.0000	            -1146
  800.2000	            -1157
  800.4000	            -1079
  800.6000	             -561
  800.8000	            -1178
  801.0000	            -1179
  801.2000	            -1150
  801.4000	             2214
  801.6000	            -1163
  801.8000	            -1175
  802.0000	            -1146
  802.2000	            -1189
  802.4000	            -1118
  802.6000	            -1169
  802.8000	            -1146
  803.0000	            -1151
  803.2000	            -1179
  803.4000	            -1179
  803.6000	            -1127
  803.8000	            -1163
  804.0000	            -1179
  804.2000	            -1180
  804.4000	            -1183
  804.6000	            -1169
  804.8000	            -1143
  805.0000	            -1168
