  600.0000	             -772
  600.2000	             -912
  600.4000	             -747
  600.6000	             -719
  600.8000	             -908
  601.0000	             -890
  601.2000	             -370
  601.4000	            -1092
  601.6000	            -1072
  601.8000	            -1041
  602.0000	            -1076
  602.2000	             -966
  602.4000	            -1001
  602.6000	            -1013
  602.8000	            -1044
  603.0000	            -1006
  603.2000	             -906
  603.4000	             -993
  603.6000	             -940
  603.8000	             -923
  604.0000	             -921
  604.2000	             -862
  604.4000	             -794
  604.6000	             -986
  604.8000	             -944
  605.0000	             -950
  605.2000	             -930
  605.4000	             -908
  605.6000	             -860
  605.8000	             -958
  606.0000	             -855
  606.2000	             -849
  606.4000	             -997
  606.6000	             -924
  606.8000	             -549
  607.0000	            -1105
  607.2000	            -1083
  607.4000	            -1084
  607.6000	            -1055
  607.8000	            -1021
  608.0000	            -1059
  608.2000	            -1087
  608.4000	            -1087
  608.6000	            -1086
  608.8000	            -1069
  609.0000	            -1002
  609.2000	            -1081
  609.4000	            -1055
  609.6000	            -1006
  609.8000	            -1073
  610.0000	            -1035
  610.2000	             -962
  610.4000	            -1043
  610.6000	            -1079
  610.8000	            -1004
  611.0000	            -1005
  611.2000	            -1105
  611.4000	             -976
  611.6000	            -1055
  611.8000	             -998
  612.0000	            -1077
  612.2000	            -1089
  612.4000	            -1055
  612.6000	             -821
  612.8000	            -1148
  613.0000	            -1128
  613.2000	            -1154
  613.4000	            -1115
  613.6000	            -1155
  613.8000	            -1114
  614.0000	            -1155
  614.2000	            -1099
  614.4000	            -1090
  614.6000	            -1113
  614.8000	            -1116
  615.0000	            -1126
  615.2000	            -1135
  615.4000	            -1096
  615.6000	            -1081
  615.8000	            -1069
  616.0000	            -1046
  616.2000	            -1113
  616.4000	            -1122
  616.6000	            -1103
  616.8000	            -1113
  617.0000	            -1137
  617.2000	            -1103
  617.4000	            -1069
  617.6000	            -1115
  617.8000	            -1083
  618.0000	            -1129
  618.2000	            -1097
  618.4000	            -1134
  618.6000	            -1015
  618.8000	            -1135
  619.0000	            -1142
  619.2000	            -1103
  619.4000	            -1137
  619.6000	            -1165
  619.8000	            -1135
  620.0000	            -1155
  620.2000	            -1140
  620.4000	            -1190
  620.6000	            -1129
  620.8000	            -1140
  621.0000	            -1100
  621.2000	            -1084
  621.4000	            -1128
  621.6000	            -1107
  621.8000	            -1088
  622.0000	            -1078
  622.2000	            -1107
  622.4000	            -1097
  622.6000	            -1101
  622.8000	            -1124
  623.0000	            -1132
  623.2000	            -1092
  623.4000	            -1106
  623.6000	            -1087
  623.8000	            -1107
  624.0000	            -1117
  624.2000	            -1033
  624.4000	            -1127
  624.6000	            -1113
  624.8000	            -1127
  625.0000	            -1095
  625.2000	            -1047
  625.4000	            -1180
  625.6000	            -1126
  625.8000	            -1116
  626.0000	            -1140
  626.2000	            -1099
  626.4000	            -1125
  626.6000	            -1107
  626.8000	            -1133
  627.0000	            -1081
  627.2000	            -1094
  627.4000	            -1089
  627.6000	            -1089
  627.8000	            -1150
  628.0000	            -1081
  628.2000	            -1037
  628.4000	            -1018
  628.6000	            -1043
  628.8000	            -1037
  629.0000	            -1051
  629.2000	            -1067
  629.4000	             -991
  629.6000	             -989
  629.8000	            -1018
  630.0000	            -1039
  630.2000	            -1037
  630.4000	            -1012
  630.6000	             -982
  630.8000	            -1069
  631.0000	            -1083
  631.2000	             -945
  631.4000	            -1105
  631.6000	            -1107
  631.8000	            -1012
  632.0000	            -1040
  632.2000	             -912
  632.4000	            -1129
  632.6000	            -1093
  632.8000	            -1124
  633.0000	            -1078
  633.2000	            -1105
  633.4000	            -1073
  633.6000	            -1072
  633.8000	            -1116
  634.0000	            -1089
  634.2000	            -1010
  634.4000	            -1065
  634.6000	            -1136
  634.8000	            -1067
  635.0000	            -1015
  635.2000	             -989
  635.4000	            -1081
  635.6000	            -1038
  635.8000	             -911
  636.0000	             -937
  636.2000	             -920
  636.4000	             -936
  636.6000	             -839
  636.8000	            -1000
  637.0000	             -982
  637.2000	             -998
  637.4000	             -990
  637.6000	             -948
  637.8000	             -869
  638.0000	             -943
  638.2000	             -937
  638.4000	             -685
  638.6000	            -1033
  638.8000	            -1057
  639.0000	             -946
  639.2000	             -899
  639.4000	             -735
  639.6000	            -1140
  639.8000	            -1083
  640.0000	            -1052
  640.2000	            -1072
  640.4000	            -1018
  640.6000	            -1094
  640.8000	            -1067
  641.0000	            -1087
  641.2000	            -1084
  641.4000	             -999
  641.6000	            -1014
  641.8000	            -1084
  642.0000	             -920
  642.2000	             -983
  642.4000	             -971
  642.6000	             -986
  642.8000	             -851
  643.0000	             -847
  643.2000	             -802
  643.4000	             -827
  643.6000	             -923
  643.8000	             -773
  644.0000	             -676
  644.2000	             -780
  644.4000	             -971
  644.6000	             -816
  644.8000	             -840
  645.0000	             -753
  645.2000	             -794
  645.4000	             -986
  645.6000	             -728
  645.8000	             -607
  646.0000	             -982
  646.2000	             -882
  646.4000	             -847
  646.6000	             -775
  646.8000	             -647
  647.0000	            -1129
  647.2000	            -1037
  647.4000	            -1069
  647.6000	            -1019
  647.8000	             -972
  648.0000	            -1051
  648.2000	            -1020
  648.4000	            -1059
  648.6000	            -1122
  648.8000	            -1020
  649.0000	            -1061
  649.2000	            -1007
  649.4000	             -872
  649.6000	            -1018
  649.8000	             -951
  650.0000	             -856
  650.2000	             -867
  650.4000	             -936
  650.6000	             -787
  650.8000	             -784
  651.0000	             -717
  651.2000	             -817
  651.4000	             -707
  651.6000	             -706
  651.8000	             -780
  652.0000	             -831
  652.2000	             -792
  652.4000	             -744
  652.6000	             -761
  652.8000	             -644
  653.0000	             -908
  653.2000	             -633
  653.4000	             -458
  653.6000	             -942
  653.8000	             -905
  654.0000	             -775
  654.2000	             -690
  654.4000	             -379
  654.6000	            -1083
  654.8000	             -994
  655.0000	            -1045
  655.2000	             -966
  655.4000	            -1022
  655.6000	            -1006
  655.8000	             -996
  656.0000	             -942
  656.2000	            -1078
  656.4000	            -1006
  656.6000	             -963
  656.8000	            -1038
  657.0000	            -1084
  657.2000	             -825
  657.4000	             -955
  657.6000	             -921
  657.8000	             -868
  658.0000	             -657
  658.2000	             -798
  658.4000	             -685
  658.6000	             -646
  658.8000	             -749
  659.0000	             -671
  659.2000	             -583
  659.4000	             -706
  659.6000	             -811
  659.8000	             -793
  660.0000	             -745
  660.2000	             -704
  660.4000	             -673
  660.6000	             -637
  660.8000	             -879
  661.0000	             -662
  661.2000	             -360
  661.4000	             -908
  661.6000	             -848
  661.8000	             -842
  662.0000	             -712
  662.2000	             -115
  662.4000	            -1089
  662.6000	            -1067
  662.8000	            -1033
  663.0000	             -942
  663.2000	            -1003
  663.4000	             -945
  663.6000	            -1042
  663.8000	             -980
  664.0000	            -1001
  664.2000	            -1105
  664.4000	            -1067
  664.6000	             -986
  664.8000	            -1001
  665.0000	            -1025
  665.2000	             -899
  665.4000	             -976
  665.6000	             -923
  665.8000	             -932
  666.0000	             -734
  666.2000	             -877
  666.4000	             -798
  666.6000	             -787
  666.8000	             -822
  667.0000	             -726
  667.2000	             -695
  667.4000	             -611
  667.6000	             -463
  667.8000	             -863
  668.0000	             -790
  668.2000	             -789
  668.4000	             -735
  668.6000	             -810
  668.8000	             -728
  669.0000	             -892
  669.2000	             -676
  669.4000	             -490
  669.6000	             -968
  669.8000	             -952
  670.0000	             -827
  670.2000	             -709
  670.4000	             -439
  670.6000	            -1078
  670.8000	            -1088
  671.0000	            -1037
  671.2000	            -1023
  671.4000	            -1062
  671.6000	             -997
  671.8000	            -1069
  672.0000	            -1019
  672.2000	            -1073
  672.4000	            -1111
  672.6000	            -1105
  672.8000	            -1088
  673.0000	            -1094
  673.2000	            -1116
  673.4000	             -995
  673.6000	            -1073
  673.8000	            -1000
  674.0000	             -963
  674.2000	            -1007
  674.4000	            -1029
  674.6000	             -934
  674.8000	             -901
  675.0000	             -815
  675.2000	             -796
  675.4000	             -911
  675.6000	             -837
  675.8000	             -851
  676.0000	            -1036
  676.2000	             -890
  676.4000	             -910
  676.6000	             -913
  676.8000	             -798
  677.0000	             -895
  677.2000	             -898
  677.4000	             -957
  677.6000	             -881
  677.8000	             -601
  678.0000	            -1042
  678.2000	            -1019
  678.4000	             -965
  678.6000	             -839
  678.8000	             -537
  679.0000	            -1144
  679.2000	            -1071
  679.4000	            -1099
  679.6000	            -1121
  679.8000	            -1063
  680.0000	            -1035
  680.2000	            -1094
  680.4000	            -1092
  680.6000	            -1152
  680.8000	            -1096
  681.0000	            -1145
  681.2000	            -1108
  681.4000	            -1141
  681.6000	            -1140
  681.8000	            -1084
  682.0000	            -1096
  682.2000	            -1095
  682.4000	            -1082
  682.6000	            -1095
  682.8000	            -1037
  683.0000	            -1089
  683.2000	            -1088
  683.4000	            -1051
  683.6000	            -1068
  683.8000	            -1042
  684.0000	            -1077
  684.2000	            -1006
  684.4000	            -1013
  684.6000	            -1122
  684.8000	            -1074
  685.0000	            -1077
  685.2000	            -1074
  685.4000	            -1029
  685.6000	            -1089
  685.8000	            -1006
  686.0000	            -1087
  686.2000	            -1045
  686.4000	             -979
  686.6000	            -1136
  686.8000	            -1090
  687.0000	            -1037
  687.2000	            -1066
  687.4000	             -896
  687.6000	            -1166
  687.8000	            -1165
  688.0000	            -1140
  688.2000	            -1134
  688.4000	            -1113
  688.6000	            -1165
  688.8000	            -1134
  689.0000	            -1152
  689.2000	            -1139
  689.4000	            -1179
  689.6000	            -1143
  689.8000	            -1209
  690.0000	            -1155
  690.2000	            -1200
  690.4000	            -1198
  690.6000	            -1154
  690.8000	            -1191
  691.0000	            -1141
  691.2000	            -1163
  691.4000	            -1151
  691.6000	            -1210
  691.8000	            -1196
  692.0000	            -1123
  692.2000	            -1191
  692.4000	            -1132
  692.6000	            -1179
  692.8000	            -1215
  693.0000	            -1130
  693.2000	            -1182
  693.4000	            -1134
  693.6000	            -1118
  693.8000	            -1154
  694.0000	            -1179
  694.2000	            -1179
  694.4000	            -1190
  694.6000	            -1148
  694.8000	            -1163
  695.0000	            -1167
  695.2000	            -1140
  695.4000	            -1151
  695.6000	            -1208
  695.8000	            -1194
  696.0000	            -1150
  696.2000	            -1196
  696.4000	              880
  696.6000	            -1139
  696.8000	            -1178
  697.0000	            -1180
  697.2000	            -1202
  697.4000	            -1151
  697.6000	            -1153
  697.8000	            -1172
  698.0000	            -1161
  698.2000	            -1208
  698.4000	            -1152
  698.6000	            -1178
  698.8000	            -1164
  699.0000	            -1160
  699.2000	            -1164
  699.4000	            -1141
  699.6000	            -1147
  699.8000	            -1120
  700.0000	            -1108
  700.2000	            -1129
  700.4000	            -1140
  700.6000	            -1156
  700.8000	            -1151
  701.0000	            -1157
  701.2000	            -1181
  701.4000	            -1154
  701.6000	            -1172
  701.8000	            -1170
  702.0000	            -1142
  702.2000	            -1140
  702.4000	            -1176
  702.6000	            -1178
  702.8000	            -1166
  703.0000	            -1105
  703.2000	            -1159
  703.4000	            -1161
  703.6000	            -1146
  703.8000	            -1142
  704.0000	            -1127
  704.2000	            -1149
  704.4000	            -1157
  704.6000	            -1137
  704.8000	            -1158
  705.0000	            -1173
  705.2000	            -1152
  705.4000	            -1178
  705.6000	            -1170
  705.8000	            -1128
  706.0000	            -1137
  706.2000	            -1136
  706.4000	            -1135
  706.6000	             1720
  706.8000	            -1055
  707.0000	            -1151
  707.2000	            -1150
  707.4000	            -1198
  707.6000	            -1180
  707.8000	            -1152
  708.0000	            -1178
  708.2000	            -1140
  708.4000	            -1152
  708.6000	            -1174
  708.8000	            -1172
  709.0000	            -1190
  709.2000	            -1136
  709.4000	            -1154
  709.6000	            -1161
  709.8000	            -1140
  710.0000	            -1149
  710.2000	            -1122
  710.4000	            -1180
  710.6000	            -1169
  710.8000	            -1151
  711.0000	            -1190
  711.2000	            -1151
  711.4000	            -1169
  711.6000	            -1088
  711.8000	            -1150
  712.0000	            -1163
  712.2000	            -1130
  712.4000	            -1149
  712.6000	            -1113
  712.8000	            -1147
  713.0000	            -1143
  713.2000	            -1125
  713.4000	            -1169
  713.6000	            -1115
  713.8000	            -1139
  714.0000	            -1117
  714.2000	            -1112
  714.4000	            -1125
  714.6000	             -809
  714.8000	            -1095
  715.0000	            -1106
  715.2000	            -1142
  715.4000	            -1143
  715.6000	            -1124
  715.8000	            -1120
  716.0000	            -1135
  716.2000	            -1095
  716.4000	            -1145
  716.6000	            -1125
  716.8000	            -1179
  717.0000	            -1153
  717.2000	            -1146
  717.4000	            -1142
  717.6000	            -1198
  717.8000	            -1122
  718.0000	            -1143
  718.2000	            -1169
  718.4000	            -1153
  718.6000	            -1141
  718.8000	            -1135
  719.0000	            -1192
  719.2000	            -1136
  719.4000	            -1172
  719.6000	            -1122
  719.8000	            -1198
  720.0000	            -1123
  720.2000	            -1137
  720.4000	            -1155
  720.6000	            -1105
  720.8000	            -1163
  721.0000	            -1122
  721.2000	            -1110
  721.4000	            -1156
  721.6000	            -1052
  721.8000	            -1086
  722.0000	            -1110
  722.2000	            -1125
  722.4000	            -1053
  722.6000	            -1078
  722.8000	            -1070
  723.0000	            -1104
  723.2000	            -1045
  723.4000	            -1085
  723.6000	            -1012
  723.8000	            -1040
  724.0000	            -1069
  724.2000	            -1114
  724.4000	            -1116
  724.6000	            -1075
  724.8000	            -1012
  725.0000	            -1101
  725.2000	            -1078
  725.4000	            -1078
  725.6000	            -1097
  725.8000	            -1075
  726.0000	             -998
  726.2000	            -1096
  726.4000	            -1093
  726.6000	            -1117
  726.8000	            -1098
  727.0000	            -1081
  727.2000	               61
  727.4000	            -1139
  727.6000	            -1137
  727.8000	            -1146
  728.0000	            -1147
  728.2000	            -1103
  728.4000	            -1146
  728.6000	            -1130
  728.8000	            -1101
  729.0000	            -1165
  729.2000	            -1142
  729.4000	            -1135
  729.6000	            -1179
  729.8000	            -1149
  730.0000	            -1141
  730.2000	            -1132
  730.4000	            -1109
  730.6000	            -1102
  730.8000	            -1138
  731.0000	            -1141
  731.2000	            -1132
  731.4000	            -1097
  731.6000	            -1118
  731.8000	            -1113
  732.0000	            -1075
  732.2000	            -1125
  732.4000	            -1076
  732.6000	            -1122
  732.8000	            -1023
  733.0000	            -1052
  733.2000	            -1019
  733.4000	            -1124
  733.6000	             -971
  733.8000	            -1018
  734.0000	             -997
  734.2000	            -1078
  734.4000	            -1001
  734.6000	            -1013
  734.8000	             -993
  735.0000	             -893
  735.2000	             -978
  735.4000	            -1077
  735.6000	            -1028
  735.8000	            -1049
  736.0000	            -1040
  736.2000	            -1019
  736.4000	             -984
  736.6000	            -1022
  736.8000	            -1064
  737.0000	             -971
  737.2000	             -845
  737.4000	            -1016
  737.6000	            -1107
  737.8000	            -1019
  738.0000	            -1052
  738.2000	             -832
  738.4000	             1847
  738.6000	             -892
  738.8000	            -1169
  739.0000	            -1135
  739.2000	            -1085
  739.4000	            -1132
  739.6000	            -1090
  739.8000	            -1124
  740.0000	            -1084
  740.2000	            -1070
  740.4000	            -1098
  740.6000	            -1144
  740.8000	            -1147
  741.0000	            -1103
  741.2000	            -1108
  741.4000	            -1150
  741.6000	            -1095
  741.8000	            -1115
  742.0000	            -1120
  742.2000	            -1110
  742.4000	            -1096
  742.6000	            -1085
  742.8000	            -1069
  743.0000	            -1095
  743.2000	            -1135
  743.4000	            -1088
  743.6000	            -1035
  743.8000	            -1006
  744.0000	            -1055
  744.2000	             -971
  744.4000	            -1069
  744.6000	            -1043
  744.8000	             -971
  745.0000	            -1033
  745.2000	             -868
  745.4000	            -1017
  745.6000	             -820
  745.8000	            -1006
  746.0000	             -933
  746.2000	             -936
  746.4000	             -931
  746.6000	             -776
  746.8000	             -949
  747.0000	            -1018
  747.2000	             -994
  747.4000	            -1011
  747.6000	             -968
  747.8000	            -1011
  748.0000	             -904
  748.2000	             -862
  748.4000	            -1054
  748.6000	             -961
  748.8000	             -936
  749.0000	             -808
  749.2000	            -1051
  749.4000	            -1027
  749.6000	            -1074
  749.8000	             -998
  750.0000	             -881
  750.2000	             2855
  750.4000	             2341
  750.6000	            -1052
  750.8000	            -1102
  751.0000	            -1078
  751.2000	            -1051
  751.4000	            10096
  751.6000	            -1070
  751.8000	            -1117
  752.0000	            -1085
  752.2000	            -1083
  752.4000	            -1108
  752.6000	            -1128
  752.8000	            -1127
  753.0000	            -1116
  753.2000	            -1178
  753.4000	            -1128
  753.6000	            -1107
  753.8000	            -1154
  754.0000	            -1120
  754.2000	            -1142
  754.4000	            -1125
  754.6000	            -1140
  754.8000	            -1069
  755.0000	            -1142
  755.2000	            -1069
  755.4000	            -1089
  755.6000	            -1069
  755.8000	            -1087
  756.0000	            -1126
  756.2000	             -971
  756.4000	            -1015
  756.6000	            -1059
  756.8000	            -1049
  757.0000	            -1040
  757.2000	             -949
  757.4000	            -1023
  757.6000	             -913
  757.8000	            -1043
  758.0000	             -844
  758.2000	             -961
  758.4000	             -973
  758.6000	             -822
  758.8000	            -1011
  759.0000	            -1130
  759.2000	             -962
  759.4000	            -1006
  759.6000	             -950
  759.8000	             -856
  760.0000	             -940
  760.2000	             -981
  760.4000	            -1053
  760.6000	            -1042
  760.8000	             -941
  761.0000	             -858
  761.2000	             -852
  761.4000	            -1059
  761.6000	             -993
  761.8000	            -1051
  762.0000	            -1026
  762.2000	            -1003
  762.4000	             -843
  762.6000	             -954
  762.8000	            -1143
  763.0000	            -1092
  763.2000	            -1070
  763.4000	            16176
  763.6000	            -1015
  763.8000	            -1086
  764.0000	            -1065
  764.2000	            -1055
  764.4000	            -1088
  764.6000	            -1083
  764.8000	            -1130
  765.0000	            -1164
  765.2000	            -1150
  765.4000	            -1104
  765.6000	            -1152
  765.8000	            -1136
  766.0000	            -1110
  766.2000	            -1105
  766.4000	            -1078
  766.6000	            -1132
  766.8000	            -1055
  767.0000	            -1087
  767.2000	            -1006
  767.4000	            -1108
  767.6000	             -990
  767.8000	            -1015
  768.0000	            -1029
  768.2000	            -1006
  768.4000	            -1028
  768.6000	             -882
  768.8000	            -1012
  769.0000	             -972
  769.2000	             -912
  769.4000	            -1001
  769.6000	             -669
  769.8000	             -881
  770.0000	             -944
  770.2000	             -551
  770.4000	             -839
  770.6000	             -784
  770.8000	             -742
  771.0000	             -831
  771.2000	             -620
  771.4000	             -833
  771.6000	            -1065
  771.8000	             -756
  772.0000	             -897
  772.2000	             -493
  772.4000	             1380
  772.6000	             -785
  772.8000	             -848
  773.0000	             -805
  773.2000	             -871
  773.4000	             -766
  773.6000	             -776
  773.8000	             -458
  774.0000	            -1028
  774.2000	            -1006
  774.4000	            -1012
  774.6000	             -952
  774.8000	             -834
  775.0000	             -729
  775.2000	             -389
  775.4000	            -1116
  775.6000	            -1073
  775.8000	            -1102
  776.0000	            -1110
  776.2000	            -1059
  776.4000	            -1075
  776.6000	            -1048
  776.8000	            -1072
  777.0000	            -1103
  777.2000	            -1109
  777.4000	            -1026
  777.6000	            -1145
  777.8000	            -1136
  778.0000	            -1137
  778.2000	            -1143
  778.4000	            -1143
  778.6000	            -1133
  778.8000	            -1155
  779.0000	            -1191
  779.2000	            -1153
  779.4000	            -1191
  779.6000	            -1192
  779.8000	            -1151
  780.0000	            -1153
  780.2000	            -1175
  780.4000	            -1151
  780.6000	            -1151
  780.8000	            -1192
  781.0000	            -1124
  781.2000	            -1198
  781.4000	            -1178
  781.6000	            -1203
  781.8000	            -1200
  782.0000	            -1178
  782.2000	            -1174
  782.4000	            -1154
  782.6000	            -1179
  782.8000	            -1154
  783.0000	            -1156
  783.2000	            -1178
  783.4000	            -1163
  783.6000	            -1174
  783.8000	            -1129
  784.0000	            -1162
  784.2000	            -1153
  784.4000	            -1175
  784.6000	            -1134
  784.8000	            -1137
  785.0000	            -1163
  785.2000	            -1130
  785.4000	            -1142
  785.6000	            -1147
  785.8000	            -1178
  786.0000	            -1127
  786.2000	            -1166
  786.4000	            -1172
  786.6000	            -1181
  786.8000	            -1137
  787.0000	            -1210
  787.2000	            -1163
  787.4000	            -1203
  787.6000	            -1148
  787.8000	            -1151
  788.0000	            -1172
  788.2000	            -1183
  788.4000	            -1203
  788.6000	            -1141
  788.8000	            -1196
  789.0000	            -1142
  789.2000	            -1154
  789.4000	            -1149
  789.6000	            -1161
  789.8000	            -1156
  790.0000	            -1126
  790.2000	            -1135
  790.4000	            -1169
  790.6000	            -1137
  790.8000	            -1181
  791.0000	            -1151
  791.2000	            -1154
  791.4000	            -1175
  791.6000	            -1191
  791.8000	            -1179
  792.0000	            -1154
  792.2000	            -1146
  792.4000	            -1151
  792.6000	            -1130
  792.8000	            -1137
  793.0000	            -1169
  793.2000	            -1175
  793.4000	            -1140
  793.6000	            -1190
  793.8000	            -1181
  794.0000	            -1174
  794.2000	            -1170
  794.4000	            -1198
  794.6000	            -1078
  794.8000	              713
  795.0000	            -1135
  795.2000	            -1188
  795.4000	            -1190
  795.6000	            -1110
  795.8000	            -1191
  796.0000	            -1192
  796.2000	            -1179
  796.4000	            -1191
  796.6000	            -1179
  796.8000	            -1179
  797.0000	            -1124
  797.2000	            -1172
  797.4000	            -1143
  797.6000	            -1143
  797.8000	            -1142
  798.0000	            -1151
  798.2000	            -1202
  798.4000	            -1137
  798.6000	            -1175
  798.8000	            -1141
  799.0000	            -1200
  799.2000	            -1153
  799.4000	            -1158
  799.6000	            -1164
  799.8000	            -1118
  800.0000	            -1172
  800.2000	            -1149
  800.4000	            -1069
  800.6000	             -562
  800.8000	            -1198
  801.0000	            -1184
  801.2000	            -1179
  801.4000	             2265
  801.6000	            -1164
  801.8000	            -1137
  802.0000	            -1178
  802.2000	            -1136
  802.4000	            -1195
  802.6000	            -1170
  802.8000	            -1135
  803.0000	            -1136
  803.2000	            -1193
  803.4000	            -1152
  803.6000	            -1126
  803.8000	            -1150
  804.0000	            -1169
  804.2000	            -1180
  804.4000	            -1196
  804.6000	            -1132
  804.8000	            -1191
  805.0000	            -1152
