  600.0000	             -453
  600.2000	             -706
  600.4000	             -391
  600.6000	             -326
  600.8000	             -803
  601.0000	             -634
  601.2000	              146
  601.4000	            -1018
  601.6000	             -973
  601.8000	             -971
  602.0000	             -993
  602.2000	             -866
  602.4000	             -951
  602.6000	             -972
  602.8000	             -901
  603.0000	             -858
  603.2000	             -866
  603.4000	             -856
  603.6000	             -790
  603.8000	             -711
  604.0000	             -799
  604.2000	             -724
  604.4000	             -519
  604.6000	             -944
  604.8000	             -810
  605.0000	             -875
  605.2000	             -813
  605.4000	             -767
  605.6000	             -693
  605.8000	             -814
  606.0000	             -729
  606.2000	             -658
  606.4000	             -950
  606.6000	             -857
  606.8000	             -331
  607.0000	            -1054
  607.2000	            -1052
  607.4000	            -1075
  607.6000	            -1025
  607.8000	             -986
  608.0000	            -1035
  608.2000	            -1019
  608.4000	             -969
  608.6000	            -1050
  608.8000	            -1057
  609.0000	            -1037
  609.2000	            -1010
  609.4000	            -1006
  609.6000	             -953
  609.8000	             -992
  610.0000	             -942
  610.2000	             -765
  610.4000	            -1028
  610.6000	            -1023
  610.8000	             -929
  611.0000	             -964
  611.2000	            -1073
  611.4000	             -886
  611.6000	             -999
  611.8000	             -879
  612.0000	            -1005
  612.2000	            -1103
  612.4000	            -1051
  612.6000	             -616
  612.8000	            -1134
  613.0000	            -1165
  613.2000	            -1134
  613.4000	            -1123
  613.6000	            -1079
  613.8000	            -1102
  614.0000	            -1135
  614.2000	            -1105
  614.4000	            -1124
  614.6000	            -1116
  614.8000	            -1095
  615.0000	            -1078
  615.2000	            -1069
  615.4000	            -1081
  615.6000	            -1098
  615.8000	            -1057
  616.0000	            -1025
  616.2000	            -1113
  616.4000	            -1069
  616.6000	            -1117
  616.8000	            -1100
  617.0000	            -1069
  617.2000	            -1085
  617.4000	            -1003
  617.6000	            -1092
  617.8000	            -1042
  618.0000	            -1129
  618.2000	            -1121
  618.4000	            -1072
  618.6000	            -1011
  618.8000	            -1151
  619.0000	            -1154
  619.2000	            -1153
  619.4000	            -1130
  619.6000	            -1128
  619.8000	            -1134
  620.0000	            -1154
  620.2000	            -1134
  620.4000	            -1161
  620.6000	            -1128
  620.8000	            -1113
  621.0000	            -1135
  621.2000	            -1113
  621.4000	            -1087
  621.6000	            -1098
  621.8000	            -1012
  622.0000	            -1037
  622.2000	            -1063
  622.4000	            -1051
  622.6000	             -983
  622.8000	            -1096
  623.0000	            -1015
  623.2000	            -1032
  623.4000	            -1042
  623.6000	             -988
  623.8000	            -1063
  624.0000	            -1104
  624.2000	             -893
  624.4000	            -1105
  624.6000	            -1072
  624.8000	            -1145
  625.0000	            -1037
  625.2000	             -932
  625.4000	            -1190
  625.6000	            -1095
  625.8000	            -1128
  626.0000	            -1095
  626.2000	            -1094
  626.4000	            -1083
  626.6000	            -1116
  626.8000	            -1145
  627.0000	            -1132
  627.2000	            -1032
  627.4000	            -1052
  627.6000	            -1015
  627.8000	            -1141
  628.0000	             -999
  628.2000	             -949
  628.4000	             -908
  628.6000	             -895
  628.8000	             -949
  629.0000	             -890
  629.2000	             -959
  629.4000	             -812
  629.6000	             -836
  629.8000	             -937
  630.0000	             -994
  630.2000	             -923
  630.4000	             -841
  630.6000	             -864
  630.8000	            -1006
  631.0000	             -974
  631.2000	             -728
  631.4000	            -1015
  631.6000	             -986
  631.8000	            -1005
  632.0000	             -933
  632.2000	             -684
  632.4000	            -1189
  632.6000	            -1049
  632.8000	            -1069
  633.0000	            -1000
  633.2000	            -1012
  633.4000	            -1036
  633.6000	            -1006
  633.8000	            -1112
  634.0000	            -1052
  634.2000	             -899
  634.4000	            -1018
  634.6000	            -1105
  634.8000	             -950
  635.0000	             -920
  635.2000	             -903
  635.4000	             -934
  635.6000	             -946
  635.8000	             -753
  636.0000	             -689
  636.2000	             -668
  636.4000	             -711
  636.6000	             -578
  636.8000	             -878
  637.0000	             -912
  637.2000	             -839
  637.4000	             -859
  637.6000	             -716
  637.8000	             -645
  638.0000	             -802
  638.2000	             -766
  638.4000	             -425
  638.6000	             -899
  638.8000	             -898
  639.0000	             -827
  639.2000	             -721
  639.4000	             -407
  639.6000	            -1122
  639.8000	             -985
  640.0000	            -1007
  640.2000	            -1016
  640.4000	             -871
  640.6000	             -989
  640.8000	             -942
  641.0000	             -996
  641.2000	            -1001
  641.4000	             -879
  641.6000	            -1068
  641.8000	            -1020
  642.0000	             -660
  642.2000	             -846
  642.4000	             -779
  642.6000	             -741
  642.8000	             -440
  643.0000	             -594
  643.2000	             -505
  643.4000	             -468
  643.6000	             -560
  643.8000	             -431
  644.0000	             -217
  644.2000	             -545
  644.4000	             -771
  644.6000	             -485
  644.8000	             -499
  645.0000	             -390
  645.2000	             -384
  645.4000	             -781
  645.6000	             -415
  645.8000	               75
  646.0000	             -807
  646.2000	             -766
  646.4000	             -606
  646.6000	             -453
  646.8000	              -71
  647.0000	            -1097
  647.2000	             -933
  647.4000	             -989
  647.6000	             -925
  647.8000	             -841
  648.0000	             -950
  648.2000	             -893
  648.4000	             -907
  648.6000	            -1075
  648.8000	            -1005
  649.0000	             -909
  649.2000	             -912
  649.4000	             -718
  649.6000	            -1020
  649.8000	             -789
  650.0000	             -682
  650.2000	             -793
  650.4000	             -837
  650.6000	             -490
  650.8000	             -607
  651.0000	             -419
  651.2000	             -537
  651.4000	             -362
  651.6000	             -326
  651.8000	             -414
  652.0000	             -593
  652.2000	             -558
  652.4000	             -466
  652.6000	             -378
  652.8000	             -339
  653.0000	             -838
  653.2000	             -312
  653.4000	              201
  653.6000	             -803
  653.8000	             -732
  654.0000	             -635
  654.2000	             -430
  654.4000	              240
  654.6000	            -1088
  654.8000	             -919
  655.0000	             -989
  655.2000	             -821
  655.4000	             -880
  655.6000	             -930
  655.8000	             -843
  656.0000	             -864
  656.2000	            -1024
  656.4000	             -931
  656.6000	             -791
  656.8000	            -1002
  657.0000	            -1000
  657.2000	             -538
  657.4000	             -862
  657.6000	             -787
  657.8000	             -604
  658.0000	             -442
  658.2000	             -637
  658.4000	             -418
  658.6000	             -429
  658.8000	             -481
  659.0000	             -405
  659.2000	             -228
  659.4000	             -318
  659.6000	             -439
  659.8000	             -545
  660.0000	             -465
  660.2000	             -397
  660.4000	             -243
  660.6000	             -285
  660.8000	             -771
  661.0000	             -395
  661.2000	              194
  661.4000	             -716
  661.6000	             -640
  661.8000	             -717
  662.0000	             -499
  662.2000	              411
  662.4000	            -1076
  662.6000	            -1047
  662.8000	             -978
  663.0000	             -936
  663.2000	             -884
  663.4000	             -811
  663.6000	             -943
  663.8000	             -857
  664.0000	             -897
  664.2000	            -1029
  664.4000	             -979
  664.6000	             -924
  664.8000	            -1004
  665.0000	             -990
  665.2000	             -708
  665.4000	             -867
  665.6000	             -790
  665.8000	             -738
  666.0000	             -498
  666.2000	             -676
  666.4000	             -491
  666.6000	             -582
  666.8000	             -512
  667.0000	             -547
  667.2000	             -390
  667.4000	             -242
  667.6000	             -293
  667.8000	             -719
  668.0000	             -550
  668.2000	             -590
  668.4000	             -484
  668.6000	             -615
  668.8000	             -346
  669.0000	             -718
  669.2000	             -438
  669.4000	             -115
  669.6000	             -806
  669.8000	             -852
  670.0000	             -694
  670.2000	             -498
  670.4000	               54
  670.6000	            -1133
  670.8000	             -980
  671.0000	            -1014
  671.2000	             -993
  671.4000	            -1028
  671.6000	             -919
  671.8000	            -1047
  672.0000	             -980
  672.2000	             -964
  672.4000	            -1091
  672.6000	            -1076
  672.8000	            -1011
  673.0000	            -1086
  673.2000	            -1075
  673.4000	             -877
  673.6000	            -1045
  673.8000	             -979
  674.0000	             -859
  674.2000	             -915
  674.4000	             -871
  674.6000	             -761
  674.8000	             -779
  675.0000	             -619
  675.2000	             -744
  675.4000	             -765
  675.6000	             -515
  675.8000	             -736
  676.0000	             -917
  676.2000	             -800
  676.4000	             -783
  676.6000	             -790
  676.8000	             -672
  677.0000	             -794
  677.2000	             -600
  677.4000	             -806
  677.6000	             -704
  677.8000	             -332
  678.0000	             -971
  678.2000	             -931
  678.4000	             -792
  678.6000	             -691
  678.8000	             -215
  679.0000	            -1154
  679.2000	            -1122
  679.4000	            -1088
  679.6000	            -1073
  679.8000	            -1070
  680.0000	            -1061
  680.2000	            -1062
  680.4000	            -1100
  680.6000	            -1086
  680.8000	            -1147
  681.0000	            -1192
  681.2000	            -1154
  681.4000	            -1118
  681.6000	            -1135
  681.8000	            -1149
  682.0000	            -1105
  682.2000	            -1155
  682.4000	            -1085
  682.6000	            -1159
  682.8000	            -1091
  683.0000	            -1075
  683.2000	            -1070
  683.4000	            -1098
  683.6000	            -1035
  683.8000	            -1015
  684.0000	            -1034
  684.2000	            -1001
  684.4000	            -1061
  684.6000	            -1133
  684.8000	            -1108
  685.0000	            -1069
  685.2000	            -1090
  685.4000	            -1037
  685.6000	            -1040
  685.8000	             -939
  686.0000	            -1123
  686.2000	            -1076
  686.4000	             -931
  686.6000	            -1165
  686.8000	            -1128
  687.0000	            -1087
  687.2000	            -1092
  687.4000	             -841
  687.6000	            -1153
  687.8000	            -1213
  688.0000	            -1160
  688.2000	            -1151
  688.4000	            -1202
  688.6000	            -1222
  688.8000	            -1153
  689.0000	            -1191
  689.2000	            -1202
  689.4000	            -1200
  689.6000	            -1213
  689.8000	            -1216
  690.0000	            -1161
  690.2000	            -1177
  690.4000	            -1215
  690.6000	            -1203
  690.8000	            -1176
  691.0000	            -1231
  691.2000	            -1228
  691.4000	            -1151
  691.6000	            -1198
  691.8000	            -1227
  692.0000	            -1213
  692.2000	            -1209
  692.4000	            -1192
  692.6000	            -1206
  692.8000	            -1161
  693.0000	            -1233
  693.2000	            -1215
  693.4000	            -1168
  693.6000	            -1191
  693.8000	            -1206
  694.0000	            -1220
  694.2000	            -1168
  694.4000	            -1217
  694.6000	            -1234
  694.8000	            -1180
  695.0000	            -1206
  695.2000	            -1202
  695.4000	            -1215
  695.6000	            -1168
  695.8000	            -1210
  696.0000	            -1193
  696.2000	            -1208
  696.4000	             -317
  696.6000	            -1150
  696.8000	            -1215
  697.0000	            -1216
  697.2000	            -1213
  697.4000	            -1229
  697.6000	            -1234
  697.8000	            -1209
  698.0000	            -1215
  698.2000	            -1229
  698.4000	            -1190
  698.6000	            -1206
  698.8000	            -1222
  699.0000	            -1190
  699.2000	            -1187
  699.4000	            -1202
  699.6000	            -1212
  699.8000	            -1205
  700.0000	            -1164
  700.2000	            -1136
  700.4000	            -1187
  700.6000	            -1181
  700.8000	            -1225
  701.0000	            -1184
  701.2000	            -1155
  701.4000	            -1158
  701.6000	            -1198
  701.8000	            -1208
  702.0000	            -1136
  702.2000	            -1207
  702.4000	            -1178
  702.6000	            -1180
  702.8000	            -1214
  703.0000	            -1198
  703.2000	            -1176
  703.4000	            -1216
  703.6000	            -1190
  703.8000	            -1214
  704.0000	            -1174
  704.2000	            -1206
  704.4000	            -1153
  704.6000	            -1206
  704.8000	            -1174
  705.0000	            -1210
  705.2000	            -1156
  705.4000	            -1200
  705.6000	            -1209
  705.8000	            -1186
  706.0000	            -1207
  706.2000	            -1206
  706.4000	            -1170
  706.6000	              111
  706.8000	            -1192
  707.0000	            -1155
  707.2000	            -1158
  707.4000	            -1208
  707.6000	            -1136
  707.8000	            -1202
  708.0000	            -1174
  708.2000	            -1205
  708.4000	            -1218
  708.6000	            -1206
  708.8000	            -1201
  709.0000	            -1210
  709.2000	            -1171
  709.4000	            -1170
  709.6000	            -1198
  709.8000	            -1215
  710.0000	            -1233
  710.2000	            -1196
  710.4000	            -1224
  710.6000	            -1154
  710.8000	            -1146
  711.0000	            -1143
  711.2000	            -1213
  711.4000	            -1162
  711.6000	            -1135
  711.8000	            -1118
  712.0000	            -1191
  712.2000	            -1179
  712.4000	            -1166
  712.6000	            -1189
  712.8000	            -1169
  713.0000	            -1150
  713.2000	            -1192
  713.4000	            -1118
  713.6000	            -1198
  713.8000	            -1202
  714.0000	            -1140
  714.2000	            -1102
  714.4000	            -1192
  714.6000	            -1033
  714.8000	            -1150
  715.0000	            -1147
  715.2000	            -1124
  715.4000	            -1177
  715.6000	            -1208
  715.8000	            -1133
  716.0000	            -1191
  716.2000	            -1095
  716.4000	            -1153
  716.6000	            -1177
  716.8000	            -1208
  717.0000	            -1180
  717.2000	            -1198
  717.4000	            -1153
  717.6000	            -1179
  717.8000	            -1154
  718.0000	            -1189
  718.2000	            -1180
  718.4000	            -1198
  718.6000	            -1136
  718.8000	            -1170
  719.0000	            -1230
  719.2000	            -1178
  719.4000	            -1208
  719.6000	            -1154
  719.8000	            -1143
  720.0000	            -1140
  720.2000	            -1174
  720.4000	            -1156
  720.6000	            -1171
  720.8000	            -1154
  721.0000	            -1129
  721.2000	            -1146
  721.4000	            -1206
  721.6000	            -1099
  721.8000	            -1130
  722.0000	            -1089
  722.2000	            -1190
  722.4000	            -1006
  722.6000	            -1093
  722.8000	            -1088
  723.0000	            -1052
  723.2000	            -1037
  723.4000	            -1019
  723.6000	            -1022
  723.8000	            -1017
  724.0000	            -1049
  724.2000	            -1091
  724.4000	            -1095
  724.6000	            -1118
  724.8000	            -1015
  725.0000	            -1058
  725.2000	            -1005
  725.4000	            -1096
  725.6000	            -1133
  725.8000	            -1059
  726.0000	             -937
  726.2000	            -1113
  726.4000	            -1091
  726.6000	            -1129
  726.8000	            -1085
  727.0000	            -1101
  727.2000	             -382
  727.4000	            -1142
  727.6000	            -1150
  727.8000	            -1102
  728.0000	            -1137
  728.2000	            -1154
  728.4000	            -1129
  728.6000	            -1103
  728.8000	            -1076
  729.0000	            -1114
  729.2000	            -1165
  729.4000	            -1154
  729.6000	            -1210
  729.8000	            -1113
  730.0000	            -1197
  730.2000	            -1178
  730.4000	            -1140
  730.6000	            -1099
  730.8000	            -1153
  731.0000	            -1089
  731.2000	            -1122
  731.4000	            -1067
  731.6000	            -1120
  731.8000	            -1081
  732.0000	            -1096
  732.2000	            -1130
  732.4000	            -1055
  732.6000	            -1162
  732.8000	             -890
  733.0000	            -1038
  733.2000	             -984
  733.4000	            -1082
  733.6000	             -838
  733.8000	             -986
  734.0000	             -904
  734.2000	             -994
  734.4000	             -912
  734.6000	             -964
  734.8000	             -976
  735.0000	             -818
  735.2000	             -942
  735.4000	            -1046
  735.6000	             -979
  735.8000	             -976
  736.0000	             -966
  736.2000	            -1017
  736.4000	             -870
  736.6000	             -954
  736.8000	            -1059
  737.0000	             -877
  737.2000	             -730
  737.4000	             -945
  737.6000	            -1070
  737.8000	             -986
  738.0000	            -1021
  738.2000	             -907
  738.4000	              908
  738.6000	             -726
  738.8000	            -1156
  739.0000	            -1150
  739.2000	            -1129
  739.4000	            -1095
  739.6000	            -1113
  739.8000	            -1135
  740.0000	            -1111
  740.2000	            -1061
  740.4000	            -1078
  740.6000	            -1133
  740.8000	            -1135
  741.0000	            -1146
  741.2000	            -1113
  741.4000	            -1207
  741.6000	            -1139
  741.8000	            -1108
  742.0000	            -1099
  742.2000	            -1100
  742.4000	            -1081
  742.6000	            -1083
  742.8000	            -1064
  743.0000	            -1102
  743.2000	            -1128
  743.4000	            -1052
  743.6000	             -986
  743.8000	            -1020
  744.0000	            -1027
  744.2000	             -988
  744.4000	             -996
  744.6000	            -1028
  744.8000	             -867
  745.0000	             -974
  745.2000	             -790
  745.4000	             -856
  745.6000	             -749
  745.8000	             -872
  746.0000	             -779
  746.2000	             -802
  746.4000	             -861
  746.6000	             -590
  746.8000	             -895
  747.0000	            -1012
  747.2000	             -830
  747.4000	             -867
  747.6000	             -899
  747.8000	             -868
  748.0000	             -855
  748.2000	             -645
  748.4000	            -1037
  748.6000	             -892
  748.8000	             -849
  749.0000	             -608
  749.2000	            -1020
  749.4000	            -1023
  749.6000	            -1062
  749.8000	             -974
  750.0000	             -905
  750.2000	              341
  750.4000	             3604
  750.6000	            -1130
  750.8000	            -1100
  751.0000	            -1046
  751.2000	            -1069
  751.4000	             4716
  751.6000	            -1078
  751.8000	            -1077
  752.0000	            -1047
  752.2000	            -1098
  752.4000	            -1151
  752.6000	            -1161
  752.8000	            -1154
  753.0000	            -1151
  753.2000	            -1191
  753.4000	            -1188
  753.6000	            -1106
  753.8000	            -1192
  754.0000	            -1078
  754.2000	            -1149
  754.4000	            -1090
  754.6000	            -1172
  754.8000	            -1064
  755.0000	            -1142
  755.2000	            -1079
  755.4000	            -1079
  755.6000	            -1085
  755.8000	            -1096
  756.0000	            -1091
  756.2000	             -945
  756.4000	            -1064
  756.6000	            -1033
  756.8000	             -955
  757.0000	            -1042
  757.2000	             -826
  757.4000	            -1001
  757.6000	             -908
  757.8000	             -984
  758.0000	             -853
  758.2000	             -969
  758.4000	             -912
  758.6000	             -791
  758.8000	             -984
  759.0000	            -1106
  759.2000	             -926
  759.4000	             -982
  759.6000	             -975
  759.8000	             -896
  760.0000	             -903
  760.2000	             -923
  760.4000	             -956
  760.6000	            -1035
  760.8000	             -900
  761.0000	             -807
  761.2000	             -725
  761.4000	            -1083
  761.6000	             -991
  761.8000	            -1063
  762.0000	             -949
  762.2000	             -946
  762.4000	             -794
  762.6000	             -857
  762.8000	            -1163
  763.0000	            -1143
  763.2000	            -1103
  763.4000	             7594
  763.6000	            -1108
  763.8000	            -1075
  764.0000	            -1132
  764.2000	            -1105
  764.4000	            -1069
  764.6000	            -1049
  764.8000	            -1145
  765.0000	            -1200
  765.2000	            -1162
  765.4000	            -1042
  765.6000	            -1181
  765.8000	            -1146
  766.0000	            -1083
  766.2000	            -1137
  766.4000	            -1106
  766.6000	            -1149
  766.8000	            -1082
  767.0000	            -1128
  767.2000	            -1044
  767.4000	            -1093
  767.6000	            -1011
  767.8000	            -1076
  768.0000	            -1019
  768.2000	             -971
  768.4000	             -999
  768.6000	             -892
  768.8000	             -990
  769.0000	             -924
  769.2000	             -844
  769.4000	             -982
  769.6000	             -554
  769.8000	             -923
  770.0000	             -852
  770.2000	             -397
  770.4000	             -812
  770.6000	             -740
  770.8000	             -707
  771.0000	             -792
  771.2000	             -439
  771.4000	             -758
  771.6000	            -1052
  771.8000	             -671
  772.0000	             -872
  772.2000	             -664
  772.4000	             1147
  772.6000	             -711
  772.8000	             -816
  773.0000	             -535
  773.2000	             -918
  773.4000	             -694
  773.6000	             -743
  773.8000	             -315
  774.0000	            -1037
  774.2000	            -1020
  774.4000	             -949
  774.6000	             -899
  774.8000	             -792
  775.0000	             -705
  775.2000	             -297
  775.4000	            -1081
  775.6000	            -1160
  775.8000	            -1095
  776.0000	            -1088
  776.2000	            -1063
  776.4000	            -1120
  776.6000	            -1015
  776.8000	            -1062
  777.0000	            -1099
  777.2000	            -1105
  777.4000	            -1075
  777.6000	            -1213
  777.8000	            -1201
  778.0000	            -1212
  778.2000	            -1187
  778.4000	            -1202
  778.6000	            -1163
  778.8000	            -1230
  779.0000	            -1215
  779.2000	            -1174
  779.4000	            -1191
  779.6000	            -1190
  779.8000	            -1206
  780.0000	            -1175
  780.2000	            -1213
  780.4000	            -1230
  780.6000	            -1206
  780.8000	            -1230
  781.0000	            -1198
  781.2000	            -1136
  781.4000	            -1230
  781.6000	            -1222
  781.8000	            -1230
  782.0000	            -1163
  782.2000	            -1212
  782.4000	            -1206
  782.6000	            -1165
  782.8000	            -1190
  783.0000	            -1222
  783.2000	            -1146
  783.4000	            -1201
  783.6000	            -1198
  783.8000	            -1206
  784.0000	            -1180
  784.2000	            -1174
  784.4000	            -1202
  784.6000	            -1208
  784.8000	            -1180
  785.0000	            -1183
  785.2000	            -1180
  785.4000	            -1159
  785.6000	            -1209
  785.8000	            -1174
  786.0000	            -1213
  786.2000	            -1187
  786.4000	            -1222
  786.6000	            -1175
  786.8000	            -1170
  787.0000	            -1206
  787.2000	            -1206
  787.4000	            -1194
  787.6000	            -1208
  787.8000	            -1155
  788.0000	            -1146
  788.2000	            -1199
  788.4000	            -1216
  788.6000	            -1230
  788.8000	            -1206
  789.0000	            -1170
  789.2000	            -1190
  789.4000	            -1206
  789.6000	            -1177
  789.8000	            -1215
  790.0000	            -1203
  790.2000	            -1213
  790.4000	            -1211
  790.6000	            -1213
  790.8000	            -1189
  791.0000	            -1215
  791.2000	            -1208
  791.4000	            -1215
  791.6000	            -1177
  791.8000	            -1189
  792.0000	            -1213
  792.2000	            -1170
  792.4000	            -1212
  792.6000	            -1203
  792.8000	            -1200
  793.0000	            -1221
  793.2000	            -1206
  793.4000	            -1202
  793.6000	            -1223
  793.8000	            -1155
  794.0000	            -1202
  794.2000	            -1222
  794.4000	            -1213
  794.6000	            -1207
  794.8000	              257
  795.0000	            -1201
  795.2000	            -1208
  795.4000	            -1233
  795.6000	            -1208
  795.8000	            -1223
  796.0000	            -1206
  796.2000	            -1212
  796.4000	            -1215
  796.6000	            -1206
  796.8000	            -1180
  797.0000	            -1199
  797.2000	            -1221
  797.4000	            -1206
  797.6000	            -1174
  797.8000	            -1230
  798.0000	            -1190
  798.2000	            -1188
  798.4000	            -1208
  798.6000	            -1202
  798.8000	            -1209
  799.0000	            -1211
  799.2000	            -1180
  799.4000	            -1199
  799.6000	            -1222
  799.8000	            -1208
  800.0000	            -1164
  800.2000	            -1218
  800.4000	            -1178
  800.6000	             -636
  800.8000	            -1198
  801.0000	            -1208
  801.2000	            -1158
  801.4000	              389
  801.6000	            -1174
  801.8000	            -1126
  802.0000	            -1208
  802.2000	            -1222
  802.4000	            -1174
  802.6000	            -1209
  802.8000	            -1174
  803.0000	            -1196
  803.2000	            -1215
  803.4000	            -1180
  803.6000	            -1174
  803.8000	            -1184
  804.0000	            -1186
  804.2000	            -1200
  804.4000	            -1190
  804.6000	            -1180
  804.8000	            -1202
  805.0000	            -1230
