  500.0000	            -1078
  500.2000	            -1039
  500.4000	            -1064
  500.6000	            -1015
  500.8000	            -1029
  501.0000	             -975
  501.2000	             -908
  501.4000	             -912
  501.6000	             -927
  501.8000	             -936
  502.0000	             -888
  502.2000	             -928
  502.4000	             -940
  502.6000	             -879
  502.8000	             -907
  503.0000	             -717
  503.2000	             -909
  503.4000	            -1006
  503.6000	             -948
  503.8000	             -977
  504.0000	             -949
  504.2000	             -974
  504.4000	             -914
  504.6000	             -906
  504.8000	             -937
  505.0000	             -878
  505.2000	             -887
  505.4000	             -845
  505.6000	             -847
  505.8000	             -846
  506.0000	             -800
  506.2000	             -785
  506.4000	             -738
  506.6000	             -646
  506.8000	             -805
  507.0000	             -896
  507.2000	             -896
  507.4000	             -936
  507.6000	             -861
  507.8000	             -937
  508.0000	             -952
  508.2000	             -952
  508.4000	             -926
  508.6000	             -971
  508.8000	             -968
  509.0000	             -975
  509.2000	            -1023
  509.4000	            -1053
  509.6000	            -1002
  509.8000	             -908
  510.0000	            -1034
  510.2000	            -1053
  510.4000	            -1011
  510.6000	            -1015
  510.8000	            -1005
  511.0000	            -1007
  511.2000	            -1005
  511.4000	            -1028
  511.6000	            -1041
  511.8000	             -992
  512.0000	             -976
  512.2000	            -1029
  512.4000	            -1004
  512.6000	             -864
  512.8000	            -1021
  513.0000	             -999
  513.2000	             -930
  513.4000	             -974
  513.6000	             -971
  513.8000	             -907
  514.0000	            -1006
  514.2000	             -897
  514.4000	             -979
  514.6000	             -893
  514.8000	             -844
  515.0000	             -944
  515.2000	             -867
  515.4000	             -789
  515.6000	            -1001
  515.8000	             -915
  516.0000	             -888
  516.2000	             -751
  516.4000	             -847
  516.6000	             -790
  516.8000	             -898
  517.0000	             -838
  517.2000	             -852
  517.4000	             -792
  517.6000	             -830
  517.8000	             -587
  518.0000	             -820
  518.2000	             -848
  518.4000	             -707
  518.6000	            -1001
  518.8000	             -870
  519.0000	             -904
  519.2000	             -871
  519.4000	             -924
  519.6000	             -801
  519.8000	             -950
  520.0000	             -945
  520.2000	             -895
  520.4000	             -894
  520.6000	             -908
  520.8000	             -768
  521.0000	            -1010
  521.2000	             -854
  521.4000	            -1035
  521.6000	            -1072
  521.8000	            -1015
  522.0000	            -1019
  522.2000	            -1012
  522.4000	            -1038
  522.6000	             -976
  522.8000	            -1078
  523.0000	            -1061
  523.2000	            -1012
  523.4000	            -1073
  523.6000	            -1075
  523.8000	            -1001
  524.0000	            -1113
  524.2000	            -1074
  524.4000	            -1047
  524.6000	            -1129
  524.8000	            -1082
  525.0000	            -1093
  525.2000	            -1108
  525.4000	            -1090
  525.6000	            -1108
  525.8000	            -1111
  526.0000	            -1083
  526.2000	            -1089
  526.4000	            -1124
  526.6000	            -1096
  526.8000	            -1079
  527.0000	            -1061
  527.2000	            -1069
  527.4000	             -981
  527.6000	            -1086
  527.8000	            -1043
  528.0000	            -1078
  528.2000	            -1059
  528.4000	            -1053
  528.6000	            -1055
  528.8000	            -1049
  529.0000	            -1047
  529.2000	            -1035
  529.4000	             -999
  529.6000	            -1024
  529.8000	            -1006
  530.0000	             -971
  530.2000	             -951
  530.4000	             -929
  530.6000	             -798
  530.8000	             -841
  531.0000	             -986
  531.2000	             -946
  531.4000	            -1007
  531.6000	             -981
  531.8000	            -1004
  532.0000	             -982
  532.2000	            -1081
  532.4000	            -1079
  532.6000	            -1005
  532.8000	            -1069
  533.0000	            -1079
  533.2000	            -1061
  533.4000	            -1099
  533.6000	            -1068
  533.8000	             -980
  534.0000	            -1012
  534.2000	             -948
  534.4000	            -1001
  534.6000	             -978
  534.8000	             -924
  535.0000	             -955
  535.2000	             -905
  535.4000	             -957
  535.6000	             -976
  535.8000	             -895
  536.0000	             -940
  536.2000	             -974
  536.4000	             -852
  536.6000	             -813
  536.8000	             -964
  537.0000	             -908
  537.2000	             -480
  537.4000	             -998
  537.6000	             -893
  537.8000	             -945
  538.0000	             -832
  538.2000	             -775
  538.4000	             -826
  538.6000	             -760
  538.8000	             -860
  539.0000	             -803
  539.2000	             -803
  539.4000	             -825
  539.6000	             -804
  539.8000	             -736
  540.0000	             -686
  540.2000	             -903
  540.4000	             -820
  540.6000	             -235
  540.8000	            -1006
  541.0000	             -906
  541.2000	             -886
  541.4000	             -809
  541.6000	             -785
  541.8000	             -765
  542.0000	             -797
  542.2000	             -447
  542.4000	             -903
  542.6000	             -789
  542.8000	             -760
  543.0000	             -822
  543.2000	             -705
  543.4000	             -728
  543.6000	             -555
  543.8000	             -887
  544.0000	             -742
  544.2000	             -591
  544.4000	             -941
  544.6000	             -844
  544.8000	             -825
  545.0000	             -779
  545.2000	             -720
  545.4000	             -739
  545.6000	             -675
  545.8000	             -519
  546.0000	             -815
  546.2000	             -821
  546.4000	             -736
  546.6000	             -886
  546.8000	             -728
  547.0000	             -728
  547.2000	             -509
  547.4000	             -835
  547.6000	             -685
  547.8000	             -542
  548.0000	             -901
  548.2000	             -836
  548.4000	             -884
  548.6000	             -814
  548.8000	             -838
  549.0000	             -818
  549.2000	             -883
  549.4000	             -616
  549.6000	             -912
  549.8000	             -861
  550.0000	             -807
  550.2000	             -895
  550.4000	             -899
  550.6000	             -661
  550.8000	             -867
  551.0000	             -790
  551.2000	             -907
  551.4000	             -505
  551.6000	            -1038
  551.8000	             -968
  552.0000	            -1003
  552.2000	             -982
  552.4000	             -942
  552.6000	             -830
  552.8000	            -1033
  553.0000	            -1021
  553.2000	             -932
  553.4000	             -982
  553.6000	            -1027
  553.8000	            -1019
  554.0000	            -1070
  554.2000	            -1057
  554.4000	             -972
  554.6000	             -989
  554.8000	             -972
  555.0000	            -1001
  555.2000	             -848
  555.4000	            -1044
  555.6000	            -1022
  555.8000	             -951
  556.0000	            -1075
  556.2000	            -1012
  556.4000	            -1029
  556.6000	            -1023
  556.8000	             -986
  557.0000	             -932
  557.2000	            -1006
  557.4000	            -1037
  557.6000	            -1083
  557.8000	            -1043
  558.0000	            -1043
  558.2000	            -1023
  558.4000	            -1015
  558.6000	            -1059
  558.8000	            -1075
  559.0000	            -1078
  559.2000	             -968
  559.4000	            -1071
  559.6000	            -1122
  559.8000	            -1127
  560.0000	            -1108
  560.2000	            -1097
  560.4000	            -1135
  560.6000	            -1012
  560.8000	            -1141
  561.0000	            -1165
  561.2000	            -1137
  561.4000	            -1109
  561.6000	            -1170
  561.8000	            -1167
  562.0000	            -1151
  562.2000	            -1179
  562.4000	            -1154
  562.6000	            -1150
  562.8000	            -1180
  563.0000	            -1133
  563.2000	            -1142
  563.4000	            -1161
  563.6000	            -1147
  563.8000	            -1153
  564.0000	            -1178
  564.2000	            -1169
  564.4000	            -1154
  564.6000	            -1143
  564.8000	            -1196
  565.0000	            -1141
  565.2000	            -1143
  565.4000	            -1154
  565.6000	            -1179
  565.8000	            -1167
  566.0000	            -1110
  566.2000	            -1203
  566.4000	            -1146
  566.6000	            -1165
  566.8000	            -1172
  567.0000	            -1203
  567.2000	            -1123
  567.4000	            -1159
  567.6000	            -1145
  567.8000	            -1154
  568.0000	            -1146
  568.2000	            -1163
  568.4000	            -1156
  568.6000	            -1115
  568.8000	            -1153
  569.0000	            -1137
  569.2000	            -1142
  569.4000	            -1103
  569.6000	            -1126
  569.8000	            -1103
  570.0000	            -1099
  570.2000	            -1147
  570.4000	            -1084
  570.6000	            -1044
  570.8000	            -1159
  571.0000	            -1090
  571.2000	            -1102
  571.4000	            -1018
  571.6000	            -1046
  571.8000	            -1016
  572.0000	             -944
  572.2000	             -879
  572.4000	             -875
  572.6000	             -730
  572.8000	             -747
  573.0000	             -779
  573.2000	             -662
  573.4000	             -924
  573.6000	             -852
  573.8000	             -838
  574.0000	             -779
  574.2000	             -745
  574.4000	             -793
  574.6000	             -674
  574.8000	             -658
  575.0000	             -852
  575.2000	             -790
  575.4000	             -302
  575.6000	            -1021
  575.8000	             -903
  576.0000	             -852
  576.2000	             -822
  576.4000	             -839
  576.6000	             -811
  576.8000	             -681
  577.0000	             -662
  577.2000	             -600
  577.4000	             -440
  577.6000	             -383
  577.8000	             -490
  578.0000	             -380
  578.2000	             -287
  578.4000	             -534
  578.6000	             -610
  578.8000	             -380
  579.0000	             -385
  579.2000	             -244
  579.4000	             -450
  579.6000	               57
  579.8000	             -651
  580.0000	             -590
  580.2000	             -310
  580.4000	             -149
  580.6000	             -815
  580.8000	             -752
  581.0000	             -811
  581.2000	             -501
  581.4000	             -634
  581.6000	             -514
  581.8000	             -596
  582.0000	             -629
  582.2000	             -521
  582.4000	             -304
  582.6000	             -209
  582.8000	             -301
  583.0000	             -171
  583.2000	             -261
  583.4000	             -450
  583.6000	             -455
  583.8000	             -289
  584.0000	             -337
  584.2000	             -119
  584.4000	             -443
  584.6000	              152
  584.8000	             -652
  585.0000	             -584
  585.2000	             -348
  585.4000	              248
  585.6000	             -894
  585.8000	             -782
  586.0000	             -810
  586.2000	             -552
  586.4000	             -717
  586.6000	             -610
  586.8000	             -610
  587.0000	             -605
  587.2000	             -403
  587.4000	             -408
  587.6000	             -286
  587.8000	             -236
  588.0000	             -322
  588.2000	              274
  588.4000	             -633
  588.6000	             -409
  588.8000	             -389
  589.0000	             -444
  589.2000	             -378
  589.4000	             -129
  589.6000	             -256
  589.8000	              325
  590.0000	             -591
  590.2000	             -472
  590.4000	              128
  590.6000	             -472
  590.8000	             -829
  591.0000	             -810
  591.2000	             -813
  591.4000	             -531
  591.6000	             -679
  591.8000	             -620
  592.0000	             -659
  592.2000	             -607
  592.4000	             -367
  592.6000	             -433
  592.8000	             -308
  593.0000	             -280
  593.2000	             -361
  593.4000	              184
  593.6000	             -632
  593.8000	             -338
  594.0000	             -385
  594.2000	             -219
  594.4000	             -221
  594.6000	               61
  594.8000	             -409
  595.0000	              202
  595.2000	             -543
  595.4000	             -631
  595.6000	             -290
  595.8000	             1108
  596.0000	             -996
  596.2000	             -809
  596.4000	             -793
  596.6000	             -814
  596.8000	             -718
  597.0000	             -800
  597.2000	             -623
  597.4000	             -782
  597.6000	             -781
  597.8000	             -603
  598.0000	             -618
  598.2000	             -546
  598.4000	             -462
  598.6000	             -625
  598.8000	             -245
  599.0000	             -779
  599.2000	             -689
  599.4000	             -652
  599.6000	             -548
  599.8000	             -514
  600.0000	             -455
  600.2000	             -709
  600.4000	             -368
  600.6000	             -386
  600.8000	             -741
  601.0000	             -644
  601.2000	              168
  601.4000	            -1069
  601.6000	             -998
  601.8000	             -954
  602.0000	             -979
  602.2000	             -862
  602.4000	             -952
  602.6000	             -882
  602.8000	             -921
  603.0000	             -853
  603.2000	             -819
  603.4000	             -865
  603.6000	             -753
  603.8000	             -673
  604.0000	             -753
  604.2000	             -711
  604.4000	             -487
  604.6000	             -860
  604.8000	             -836
  605.0000	             -862
  605.2000	             -825
  605.4000	             -731
  605.6000	             -676
  605.8000	             -848
  606.0000	             -675
  606.2000	             -635
  606.4000	             -897
  606.6000	             -849
  606.8000	             -225
  607.0000	            -1037
  607.2000	            -1062
  607.4000	            -1012
  607.6000	            -1060
  607.8000	            -1003
  608.0000	            -1049
  608.2000	            -1054
  608.4000	             -971
  608.6000	            -1051
  608.8000	            -1006
  609.0000	             -961
  609.2000	            -1007
  609.4000	             -960
  609.6000	             -908
  609.8000	             -934
  610.0000	             -893
  610.2000	             -818
  610.4000	            -1011
  610.6000	            -1028
  610.8000	             -922
  611.0000	             -942
  611.2000	            -1001
  611.4000	             -853
  611.6000	             -996
  611.8000	             -832
  612.0000	             -981
  612.2000	            -1066
  612.4000	            -1040
  612.6000	             -533
  612.8000	            -1188
  613.0000	            -1081
  613.2000	            -1134
  613.4000	            -1081
  613.6000	            -1109
  613.8000	            -1100
  614.0000	            -1130
  614.2000	            -1092
  614.4000	            -1089
  614.6000	            -1075
  614.8000	            -1083
  615.0000	            -1106
  615.2000	            -1088
  615.4000	            -1049
  615.6000	            -1107
  615.8000	            -1009
  616.0000	            -1031
  616.2000	            -1078
  616.4000	            -1105
  616.6000	            -1085
  616.8000	            -1080
  617.0000	            -1105
  617.2000	            -1115
  617.4000	            -1028
  617.6000	            -1089
  617.8000	            -1028
  618.0000	            -1118
  618.2000	            -1117
  618.4000	            -1012
  618.6000	            -1015
  618.8000	            -1146
  619.0000	            -1151
  619.2000	            -1139
  619.4000	            -1175
  619.6000	            -1135
  619.8000	            -1142
  620.0000	            -1163
  620.2000	            -1142
  620.4000	            -1133
  620.6000	            -1122
  620.8000	            -1069
  621.0000	            -1145
  621.2000	            -1079
  621.4000	            -1075
  621.6000	            -1076
  621.8000	            -1018
  622.0000	             -992
  622.2000	            -1028
  622.4000	            -1042
  622.6000	             -930
  622.8000	            -1093
  623.0000	            -1057
  623.2000	            -1037
  623.4000	            -1045
  623.6000	             -952
  623.8000	            -1100
  624.0000	            -1089
  624.2000	             -856
  624.4000	            -1069
  624.6000	            -1070
  624.8000	            -1069
  625.0000	            -1035
  625.2000	             -892
  625.4000	            -1155
  625.6000	            -1129
  625.8000	            -1111
  626.0000	            -1112
  626.2000	            -1092
  626.4000	            -1065
  626.6000	            -1081
  626.8000	            -1149
  627.0000	            -1129
  627.2000	            -1029
  627.4000	            -1056
  627.6000	            -1077
  627.8000	            -1124
  628.0000	            -1035
  628.2000	             -953
  628.4000	             -956
  628.6000	             -937
  628.8000	             -919
  629.0000	             -897
  629.2000	             -959
  629.4000	             -847
  629.6000	             -822
  629.8000	             -908
  630.0000	             -976
  630.2000	             -903
  630.4000	             -844
  630.6000	             -811
  630.8000	            -1008
  631.0000	             -965
  631.2000	             -648
  631.4000	            -1061
  631.6000	             -999
  631.8000	             -995
  632.0000	             -865
  632.2000	             -662
  632.4000	            -1130
  632.6000	            -1018
  632.8000	            -1019
  633.0000	            -1067
  633.2000	             -964
  633.4000	            -1028
  633.6000	            -1006
  633.8000	            -1104
  634.0000	            -1043
  634.2000	             -902
  634.4000	            -1008
  634.6000	            -1105
  634.8000	             -909
  635.0000	             -897
  635.2000	             -903
  635.4000	             -987
  635.6000	             -952
  635.8000	             -757
  636.0000	             -701
  636.2000	             -694
  636.4000	             -657
  636.6000	             -469
  636.8000	             -872
  637.0000	             -852
  637.2000	             -855
  637.4000	             -817
  637.6000	             -699
  637.8000	             -603
  638.0000	             -794
  638.2000	             -727
  638.4000	             -368
  638.6000	             -865
  638.8000	             -931
  639.0000	             -821
  639.2000	             -716
  639.4000	             -408
  639.6000	            -1142
  639.8000	             -946
  640.0000	             -991
  640.2000	             -972
  640.4000	             -872
  640.6000	             -952
  640.8000	             -895
  641.0000	            -1013
  641.2000	            -1011
  641.4000	             -857
  641.6000	            -1019
  641.8000	            -1008
  642.0000	             -616
  642.2000	             -847
  642.4000	             -723
  642.6000	             -722
  642.8000	             -445
  643.0000	             -575
  643.2000	             -488
  643.4000	             -478
  643.6000	             -569
  643.8000	             -453
  644.0000	             -215
  644.2000	             -481
  644.4000	             -740
  644.6000	             -493
  644.8000	             -534
  645.0000	             -380
  645.2000	             -407
  645.4000	             -819
  645.6000	             -369
  645.8000	              129
  646.0000	             -787
  646.2000	             -738
  646.4000	             -568
  646.6000	             -319
  646.8000	              -19
  647.0000	            -1063
  647.2000	             -867
  647.4000	             -966
  647.6000	             -911
  647.8000	             -796
  648.0000	             -943
  648.2000	             -857
  648.4000	             -936
  648.6000	            -1035
  648.8000	            -1001
  649.0000	             -940
  649.2000	             -881
  649.4000	             -735
  649.6000	            -1011
  649.8000	             -811
  650.0000	             -649
  650.2000	             -730
  650.4000	             -817
  650.6000	             -457
  650.8000	             -485
  651.0000	             -326
  651.2000	             -496
  651.4000	             -263
  651.6000	             -323
  651.8000	             -457
  652.0000	             -550
  652.2000	             -464
  652.4000	             -397
  652.6000	             -391
  652.8000	             -332
  653.0000	             -833
  653.2000	             -285
  653.4000	              228
  653.6000	             -798
  653.8000	             -683
  654.0000	             -603
  654.2000	             -340
  654.4000	              307
  654.6000	            -1092
  654.8000	             -933
  655.0000	             -950
  655.2000	             -848
  655.4000	             -902
  655.6000	             -899
  655.8000	             -828
  656.0000	             -867
  656.2000	            -1023
  656.4000	             -915
  656.6000	             -777
  656.8000	            -1038
  657.0000	             -976
  657.2000	             -609
  657.4000	             -895
  657.6000	             -771
  657.8000	             -575
  658.0000	             -402
  658.2000	             -600
  658.4000	             -372
  658.6000	             -353
  658.8000	             -405
  659.0000	             -324
  659.2000	             -159
  659.4000	             -270
  659.6000	             -424
  659.8000	             -518
  660.0000	             -427
  660.2000	             -385
  660.4000	             -332
  660.6000	             -238
  660.8000	             -738
  661.0000	             -382
  661.2000	              215
  661.4000	             -670
  661.6000	             -633
  661.8000	             -699
  662.0000	             -448
  662.2000	              375
  662.4000	            -1075
  662.6000	            -1021
  662.8000	             -931
  663.0000	             -902
  663.2000	             -899
  663.4000	             -802
  663.6000	             -921
  663.8000	             -874
  664.0000	             -861
  664.2000	            -1107
  664.4000	             -960
  664.6000	             -896
  664.8000	             -971
  665.0000	             -971
  665.2000	             -711
  665.4000	             -850
  665.6000	             -814
  665.8000	             -700
  666.0000	             -509
  666.2000	             -720
  666.4000	             -505
  666.6000	             -555
  666.8000	             -469
  667.0000	             -542
  667.2000	             -440
  667.4000	             -226
  667.6000	             -318
  667.8000	             -732
  668.0000	             -562
  668.2000	             -588
  668.4000	             -437
  668.6000	             -621
  668.8000	             -281
  669.0000	             -676
  669.2000	             -411
  669.4000	               44
  669.6000	             -848
  669.8000	             -799
  670.0000	             -612
  670.2000	             -493
  670.4000	               95
  670.6000	            -1102
  670.8000	            -1011
  671.0000	            -1022
  671.2000	            -1002
  671.4000	            -1000
  671.6000	             -918
  671.8000	            -1006
  672.0000	             -976
  672.2000	             -946
  672.4000	            -1108
  672.6000	            -1049
  672.8000	             -999
  673.0000	            -1069
  673.2000	            -1062
  673.4000	             -828
  673.6000	            -1053
  673.8000	             -933
  674.0000	             -798
  674.2000	             -923
  674.4000	             -863
  674.6000	             -759
  674.8000	             -678
  675.0000	             -643
  675.2000	             -713
  675.4000	             -737
  675.6000	             -529
  675.8000	             -672
  676.0000	             -903
  676.2000	             -816
  676.4000	             -720
  676.6000	             -785
  676.8000	             -646
  677.0000	             -785
  677.2000	             -674
  677.4000	             -855
  677.6000	             -614
  677.8000	             -304
  678.0000	             -981
  678.2000	             -952
  678.4000	             -826
  678.6000	             -697
  678.8000	             -197
  679.0000	            -1150
  679.2000	            -1132
  679.4000	            -1101
  679.6000	            -1089
  679.8000	            -1037
  680.0000	            -1070
  680.2000	            -1068
  680.4000	            -1073
  680.6000	            -1114
  680.8000	            -1125
  681.0000	            -1175
  681.2000	            -1142
  681.4000	            -1137
  681.6000	            -1084
  681.8000	            -1095
  682.0000	            -1095
  682.2000	            -1122
  682.4000	            -1069
  682.6000	            -1132
  682.8000	            -1012
  683.0000	            -1083
  683.2000	            -1045
  683.4000	            -1055
  683.6000	            -1016
  683.8000	            -1051
  684.0000	            -1052
  684.2000	             -998
  684.4000	            -1003
  684.6000	            -1134
  684.8000	            -1121
  685.0000	            -1079
  685.2000	            -1074
  685.4000	            -1006
  685.6000	            -1039
  685.8000	             -969
  686.0000	            -1105
  686.2000	            -1048
  686.4000	             -889
  686.6000	            -1081
  686.8000	            -1104
  687.0000	            -1072
  687.2000	            -1070
  687.4000	             -855
  687.6000	            -1190
  687.8000	            -1186
  688.0000	            -1150
  688.2000	            -1201
  688.4000	            -1210
  688.6000	            -1165
  688.8000	            -1136
  689.0000	            -1212
  689.2000	            -1208
  689.4000	            -1162
  689.6000	            -1224
  689.8000	            -1171
  690.0000	            -1177
  690.2000	            -1203
  690.4000	            -1202
  690.6000	            -1237
  690.8000	            -1208
  691.0000	            -1187
  691.2000	            -1192
  691.4000	            -1208
  691.6000	            -1198
  691.8000	            -1208
  692.0000	            -1200
  692.2000	            -1227
  692.4000	            -1213
  692.6000	            -1206
  692.8000	            -1206
  693.0000	            -1202
  693.2000	            -1221
  693.4000	            -1230
  693.6000	            -1186
  693.8000	            -1205
  694.0000	            -1200
  694.2000	            -1190
  694.4000	            -1180
  694.6000	            -1206
  694.8000	            -1215
  695.0000	            -1202
  695.2000	            -1208
  695.4000	            -1174
  695.6000	            -1202
  695.8000	            -1206
  696.0000	            -1175
  696.2000	            -1163
  696.4000	             -234
  696.6000	            -1095
  696.8000	            -1155
  697.0000	            -1218
  697.2000	            -1230
  697.4000	            -1218
  697.6000	            -1230
  697.8000	            -1158
  698.0000	            -1197
  698.2000	            -1218
  698.4000	            -1213
  698.6000	            -1175
  698.8000	            -1214
  699.0000	            -1208
  699.2000	            -1183
  699.4000	            -1165
  699.6000	            -1153
  699.8000	            -1202
  700.0000	            -1198
  700.2000	            -1208
  700.4000	            -1199
  700.6000	            -1177
  700.8000	            -1152
  701.0000	            -1206
  701.2000	            -1174
  701.4000	            -1153
  701.6000	            -1189
  701.8000	            -1174
  702.0000	            -1193
  702.2000	            -1206
  702.4000	            -1170
  702.6000	            -1178
  702.8000	            -1153
  703.0000	            -1165
  703.2000	            -1202
  703.4000	            -1156
  703.6000	            -1174
  703.8000	            -1186
  704.0000	            -1200
  704.2000	            -1213
  704.4000	            -1209
  704.6000	            -1171
  704.8000	            -1180
  705.0000	            -1215
  705.2000	            -1207
  705.4000	            -1196
  705.6000	            -1202
  705.8000	            -1151
  706.0000	            -1196
  706.2000	            -1153
  706.4000	            -1208
  706.6000	              105
  706.8000	            -1169
  707.0000	            -1179
  707.2000	            -1143
  707.4000	            -1206
  707.6000	            -1159
  707.8000	            -1184
  708.0000	            -1170
  708.2000	            -1186
  708.4000	            -1221
  708.6000	            -1181
  708.8000	            -1191
  709.0000	            -1156
  709.2000	            -1206
  709.4000	            -1208
  709.6000	            -1143
  709.8000	            -1216
  710.0000	            -1198
  710.2000	            -1154
  710.4000	            -1190
  710.6000	            -1173
  710.8000	            -1192
  711.0000	            -1158
  711.2000	            -1208
  711.4000	            -1191
  711.6000	            -1141
  711.8000	            -1140
  712.0000	            -1175
  712.2000	            -1138
  712.4000	            -1152
  712.6000	            -1158
  712.8000	            -1137
  713.0000	            -1122
  713.2000	            -1103
  713.4000	            -1131
  713.6000	            -1136
  713.8000	            -1178
  714.0000	            -1154
  714.2000	            -1114
  714.4000	            -1138
  714.6000	            -1015
  714.8000	            -1152
  715.0000	            -1088
  715.2000	            -1162
  715.4000	            -1156
  715.6000	            -1157
  715.8000	            -1130
  716.0000	            -1153
  716.2000	            -1142
  716.4000	            -1102
  716.6000	            -1191
  716.8000	            -1190
  717.0000	            -1214
  717.2000	            -1165
  717.4000	            -1126
  717.6000	            -1174
  717.8000	            -1164
  718.0000	            -1206
  718.2000	            -1207
  718.4000	            -1205
  718.6000	            -1208
  718.8000	            -1153
  719.0000	            -1189
  719.2000	            -1140
  719.4000	            -1205
  719.6000	            -1130
  719.8000	            -1153
  720.0000	            -1151
  720.2000	            -1160
  720.4000	            -1163
  720.6000	            -1190
  720.8000	            -1135
  721.0000	            -1095
  721.2000	            -1148
  721.4000	            -1174
  721.6000	            -1063
  721.8000	            -1145
  722.0000	            -1105
  722.2000	            -1160
  722.4000	             -994
  722.6000	            -1078
  722.8000	            -1042
  723.0000	            -1031
  723.2000	            -1058
  723.4000	            -1028
  723.6000	            -1028
  723.8000	            -1011
  724.0000	            -1022
  724.2000	            -1087
  724.4000	            -1113
  724.6000	            -1070
  724.8000	            -1020
  725.0000	            -1057
  725.2000	            -1049
  725.4000	            -1095
  725.6000	            -1087
  725.8000	            -1001
  726.0000	             -952
  726.2000	            -1120
  726.4000	            -1087
  726.6000	            -1086
  726.8000	            -1069
  727.0000	            -1069
  727.2000	             -389
  727.4000	            -1133
  727.6000	            -1167
  727.8000	            -1151
  728.0000	            -1192
  728.2000	            -1192
  728.4000	            -1093
  728.6000	            -1122
  728.8000	            -1076
  729.0000	            -1125
  729.2000	            -1154
  729.4000	            -1144
  729.6000	            -1210
  729.8000	            -1125
  730.0000	            -1200
  730.2000	            -1095
  730.4000	            -1123
  730.6000	            -1113
  730.8000	            -1142
  731.0000	            -1126
  731.2000	            -1151
  731.4000	            -1015
  731.6000	            -1151
  731.8000	            -1073
  732.0000	            -1034
  732.2000	            -1116
  732.4000	            -1016
  732.6000	            -1154
  732.8000	             -927
  733.0000	            -1042
  733.2000	             -980
  733.4000	            -1151
  733.6000	             -812
  733.8000	            -1022
  734.0000	             -924
  734.2000	             -944
  734.4000	             -862
  734.6000	             -959
  734.8000	             -974
  735.0000	             -830
  735.2000	             -967
  735.4000	            -1114
  735.6000	             -972
  735.8000	             -947
  736.0000	             -911
  736.2000	            -1020
  736.4000	             -899
  736.6000	             -928
  736.8000	            -1028
  737.0000	             -903
  737.2000	             -759
  737.4000	             -923
  737.6000	            -1105
  737.8000	             -994
  738.0000	            -1037
  738.2000	             -899
  738.4000	              958
  738.6000	             -686
  738.8000	            -1196
  739.0000	            -1179
  739.2000	            -1088
  739.4000	            -1137
  739.6000	            -1085
  739.8000	            -1095
  740.0000	            -1140
  740.2000	            -1047
  740.4000	            -1132
  740.6000	            -1179
  740.8000	            -1152
  741.0000	            -1155
  741.2000	            -1105
  741.4000	            -1174
  741.6000	            -1142
  741.8000	            -1137
  742.0000	            -1111
  742.2000	            -1095
  742.4000	            -1128
  742.6000	            -1078
  742.8000	            -1069
  743.0000	            -1100
  743.2000	            -1085
  743.4000	            -1033
  743.6000	             -955
  743.8000	            -1048
  744.0000	            -1006
  744.2000	             -977
  744.4000	            -1014
  744.6000	             -973
  744.8000	             -848
  745.0000	            -1000
  745.2000	             -718
  745.4000	             -899
  745.6000	             -705
  745.8000	             -936
  746.0000	             -760
  746.2000	             -794
  746.4000	             -853
  746.6000	             -630
  746.8000	             -851
  747.0000	            -1039
  747.2000	             -861
  747.4000	             -879
  747.6000	             -860
  747.8000	             -920
  748.0000	             -828
  748.2000	             -640
  748.4000	            -1041
  748.6000	             -912
  748.8000	             -853
  749.0000	             -588
  749.2000	            -1063
  749.4000	             -993
  749.6000	             -994
  749.8000	             -958
  750.0000	             -819
  750.2000	              465
  750.4000	             3476
  750.6000	            -1112
  750.8000	            -1109
  751.0000	            -1110
  751.2000	            -1028
  751.4000	             4672
  751.6000	            -1091
  751.8000	            -1069
  752.0000	            -1079
  752.2000	            -1052
  752.4000	            -1118
  752.6000	            -1145
  752.8000	            -1143
  753.0000	            -1107
  753.2000	            -1190
  753.4000	            -1149
  753.6000	            -1096
  753.8000	            -1140
  754.0000	            -1083
  754.2000	            -1168
  754.4000	            -1078
  754.6000	            -1126
  754.8000	            -1063
  755.0000	            -1151
  755.2000	            -1052
  755.4000	            -1087
  755.6000	            -1086
  755.8000	            -1074
  756.0000	            -1102
  756.2000	             -932
  756.4000	            -1053
  756.6000	             -997
  756.8000	             -966
  757.0000	            -1026
  757.2000	             -838
  757.4000	            -1006
  757.6000	             -836
  757.8000	             -948
  758.0000	             -827
  758.2000	             -978
  758.4000	             -899
  758.6000	             -759
  758.8000	             -980
  759.0000	            -1069
  759.2000	             -902
  759.4000	             -971
  759.6000	             -944
  759.8000	             -879
  760.0000	             -914
  760.2000	             -867
  760.4000	             -937
  760.6000	             -993
  760.8000	             -848
  761.0000	             -862
  761.2000	             -728
  761.4000	            -1069
  761.6000	             -968
  761.8000	            -1000
  762.0000	             -960
  762.2000	             -955
  762.4000	             -786
  762.6000	             -864
  762.8000	            -1147
  763.0000	            -1117
  763.2000	            -1062
  763.4000	             7644
  763.6000	            -1083
  763.8000	            -1028
  764.0000	            -1114
  764.2000	            -1097
  764.4000	            -1081
  764.6000	            -1073
  764.8000	            -1140
  765.0000	            -1199
  765.2000	            -1154
  765.4000	            -1078
  765.6000	            -1197
  765.8000	            -1081
  766.0000	            -1069
  766.2000	            -1141
  766.4000	            -1080
  766.6000	            -1129
  766.8000	            -1105
  767.0000	            -1104
  767.2000	             -977
  767.4000	            -1142
  767.6000	            -1001
  767.8000	            -1105
  768.0000	             -979
  768.2000	             -919
  768.4000	            -1028
  768.6000	             -890
  768.8000	             -984
  769.0000	             -899
  769.2000	             -849
  769.4000	             -944
  769.6000	             -576
  769.8000	             -914
  770.0000	             -893
  770.2000	             -419
  770.4000	             -787
  770.6000	             -713
  770.8000	             -678
  771.0000	             -794
  771.2000	             -403
  771.4000	             -764
  771.6000	            -1094
  771.8000	             -638
  772.0000	             -810
  772.2000	             -659
  772.4000	             1170
  772.6000	             -745
  772.8000	             -808
  773.0000	             -515
  773.2000	             -893
  773.4000	             -662
  773.6000	             -706
  773.8000	             -344
  774.0000	            -1000
  774.2000	            -1010
  774.4000	             -898
  774.6000	             -885
  774.8000	             -779
  775.0000	             -685
  775.2000	             -216
  775.4000	            -1069
  775.6000	            -1102
  775.8000	            -1108
  776.0000	            -1126
  776.2000	            -1102
  776.4000	            -1078
  776.6000	            -1072
  776.8000	            -1052
  777.0000	            -1128
  777.2000	            -1133
  777.4000	            -1087
  777.6000	            -1146
  777.8000	            -1232
  778.0000	            -1191
  778.2000	            -1158
  778.4000	            -1222
  778.6000	            -1190
  778.8000	            -1220
  779.0000	            -1203
  779.2000	            -1189
  779.4000	            -1229
  779.6000	            -1186
  779.8000	            -1224
  780.0000	            -1228
  780.2000	            -1161
  780.4000	            -1170
  780.6000	            -1177
  780.8000	            -1203
  781.0000	            -1156
  781.2000	            -1215
  781.4000	            -1205
  781.6000	            -1185
  781.8000	            -1190
  782.0000	            -1194
  782.2000	            -1191
  782.4000	            -1159
  782.6000	            -1229
  782.8000	            -1195
  783.0000	            -1176
  783.2000	            -1195
  783.4000	            -1205
  783.6000	            -1212
  783.8000	            -1160
  784.0000	            -1191
  784.2000	            -1191
  784.4000	            -1145
  784.6000	            -1190
  784.8000	            -1202
  785.0000	            -1180
  785.2000	            -1195
  785.4000	            -1198
  785.6000	            -1190
  785.8000	            -1140
  786.0000	            -1155
  786.2000	            -1211
  786.4000	            -1212
  786.6000	            -1175
  786.8000	            -1204
  787.0000	            -1214
  787.2000	            -1222
  787.4000	            -1198
  787.6000	            -1213
  787.8000	            -1155
  788.0000	            -1156
  788.2000	            -1222
  788.4000	            -1215
  788.6000	            -1221
  788.8000	            -1195
  789.0000	            -1191
  789.2000	            -1206
  789.4000	            -1153
  789.6000	            -1214
  789.8000	            -1206
  790.0000	            -1205
  790.2000	            -1216
  790.4000	            -1206
  790.6000	            -1220
  790.8000	            -1206
  791.0000	            -1213
  791.2000	            -1155
  791.4000	            -1212
  791.6000	            -1193
  791.8000	            -1222
  792.0000	            -1186
  792.2000	            -1196
  792.4000	            -1218
  792.6000	            -1209
  792.8000	            -1222
  793.0000	            -1210
  793.2000	            -1212
  793.4000	            -1216
  793.6000	            -1211
  793.8000	            -1190
  794.0000	            -1198
  794.2000	            -1222
  794.4000	            -1171
  794.6000	            -1205
  794.8000	              232
  795.0000	            -1206
  795.2000	            -1198
  795.4000	            -1206
  795.6000	            -1212
  795.8000	            -1176
  796.0000	            -1174
  796.2000	            -1190
  796.4000	            -1216
  796.6000	            -1188
  796.8000	            -1213
  797.0000	            -1212
  797.2000	            -1208
  797.4000	            -1175
  797.6000	            -1201
  797.8000	            -1176
  798.0000	            -1205
  798.2000	            -1200
  798.4000	            -1180
  798.6000	            -1198
  798.8000	            -1189
  799.0000	            -1221
  799.2000	            -1224
  799.4000	            -1210
  799.6000	            -1162
  799.8000	            -1201
  800.0000	            -1221
  800.2000	            -1171
  800.4000	            -1175
  800.6000	             -633
  800.8000	            -1215
  801.0000	            -1202
  801.2000	            -1213
  801.4000	              375
  801.6000	            -1208
  801.8000	            -1199
  802.0000	            -1170
  802.2000	            -1198
  802.4000	            -1174
  802.6000	            -1206
  802.8000	            -1202
  803.0000	            -1180
  803.2000	            -1206
  803.4000	            -1192
  803.6000	            -1215
  803.8000	            -1216
  804.0000	            -1221
  804.2000	            -1212
  804.4000	            -1202
  804.6000	            -1192
  804.8000	            -1198
  805.0000	            -1213
