  500.0000	             -888
  500.2000	             -867
  500.4000	             -895
  500.6000	             -896
  500.8000	             -863
  501.0000	             -841
  501.2000	             -877
  501.4000	             -852
  501.6000	             -847
  501.8000	             -874
  502.0000	             -846
  502.2000	             -840
  502.4000	             -836
  502.6000	             -850
  502.8000	             -887
  503.0000	             -856
  503.2000	             -870
  503.4000	             -856
  503.6000	             -879
  503.8000	             -889
  504.0000	             -879
  504.2000	             -846
  504.4000	             -885
  504.6000	             -862
  504.8000	             -896
  505.0000	             -885
  505.2000	             -880
  505.4000	             -885
  505.6000	             -880
  505.8000	             -881
  506.0000	             -874
  506.2000	             -859
  506.4000	             -847
  506.6000	             -862
  506.8000	             -889
  507.0000	             -881
  507.2000	             -866
  507.4000	             -876
  507.6000	             -876
  507.8000	             -882
  508.0000	             -879
  508.2000	             -859
  508.4000	             -871
  508.6000	             -879
  508.8000	             -888
  509.0000	             -879
  509.2000	             -880
  509.4000	             -880
  509.6000	             -879
  509.8000	             -863
  510.0000	             -892
  510.2000	             -882
  510.4000	             -879
  510.6000	             -881
  510.8000	             -848
  511.0000	             -888
  511.2000	             -873
  511.4000	             -894
  511.6000	             -846
  511.8000	             -873
  512.0000	             -871
  512.2000	             -867
  512.4000	             -855
  512.6000	             -870
  512.8000	             -885
  513.0000	             -850
  513.2000	             -847
  513.4000	             -874
  513.6000	             -873
  513.8000	             -838
  514.0000	             -875
  514.2000	             -876
  514.4000	             -864
  514.6000	             -893
  514.8000	             -862
  515.0000	             -838
  515.2000	             -859
  515.4000	             -861
  515.6000	             -848
  515.8000	             -876
  516.0000	             -888
  516.2000	             -879
  516.4000	             -885
  516.6000	             -882
  516.8000	             -870
  517.0000	             -882
  517.2000	             -873
  517.4000	             -855
  517.6000	             -879
  517.8000	             -853
  518.0000	             -837
  518.2000	             -892
  518.4000	             -879
  518.6000	             -878
  518.8000	             -847
  519.0000	             -846
  519.2000	             -879
  519.4000	             -888
  519.6000	             -899
  519.8000	             -859
  520.0000	             -871
  520.2000	             -872
  520.4000	             -841
  520.6000	             -869
  520.8000	             -838
  521.0000	             -847
  521.2000	             -847
  521.4000	             -848
  521.6000	             -899
  521.8000	             -848
  522.0000	             -883
  522.2000	             -885
  522.4000	             -890
  522.6000	             -869
  522.8000	             -856
  523.0000	             -889
  523.2000	             -879
  523.4000	             -887
  523.6000	             -848
  523.8000	             -889
  524.0000	             -883
  524.2000	             -889
  524.4000	             -878
  524.6000	             -889
  524.8000	             -889
  525.0000	             -864
  525.2000	             -889
  525.4000	             -888
  525.6000	             -899
  525.8000	             -889
  526.0000	             -895
  526.2000	             -879
  526.4000	             -841
  526.6000	             -869
  526.8000	             -888
  527.0000	             -895
  527.2000	             -852
  527.4000	             -856
  527.6000	             -879
  527.8000	             -828
  528.0000	             -828
  528.2000	             -884
  528.4000	             -874
  528.6000	             -881
  528.8000	             -854
  529.0000	             -862
  529.2000	             -872
  529.4000	             -896
  529.6000	             -841
  529.8000	             -854
  530.0000	             -888
  530.2000	             -886
  530.4000	             -879
  530.6000	             -884
  530.8000	             -871
  531.0000	             -890
  531.2000	             -848
  531.4000	             -855
  531.6000	             -889
  531.8000	             -869
  532.0000	             -889
  532.2000	             -882
  532.4000	             -872
  532.6000	             -865
  532.8000	             -863
  533.0000	             -872
  533.2000	             -867
  533.4000	             -855
  533.6000	             -889
  533.8000	             -847
  534.0000	             -870
  534.2000	             -889
  534.4000	             -857
  534.6000	             -889
  534.8000	             -873
  535.0000	             -879
  535.2000	             -875
  535.4000	             -846
  535.6000	             -871
  535.8000	             -870
  536.0000	             -856
  536.2000	             -847
  536.4000	             -859
  536.6000	             -876
  536.8000	             -847
  537.0000	             -848
  537.2000	             -830
  537.4000	             -903
  537.6000	             -864
  537.8000	             -870
  538.0000	             -841
  538.2000	             -841
  538.4000	             -899
  538.6000	             -866
  538.8000	             -872
  539.0000	             -879
  539.2000	             -838
  539.4000	             -881
  539.6000	             -888
  539.8000	             -879
  540.0000	             -882
  540.2000	             -879
  540.4000	             -893
  540.6000	             -859
  540.8000	             -873
  541.0000	             -847
  541.2000	             -877
  541.4000	             -879
  541.6000	             -883
  541.8000	             -866
  542.0000	             -860
  542.2000	             -879
  542.4000	             -846
  542.6000	             -902
  542.8000	             -840
  543.0000	             -868
  543.2000	             -836
  543.4000	             -881
  543.6000	             -841
  543.8000	             -827
  544.0000	             -849
  544.2000	             -861
  544.4000	             -846
  544.6000	             -886
  544.8000	             -879
  545.0000	             -902
  545.2000	             -872
  545.4000	             -879
  545.6000	             -881
  545.8000	             -849
  546.0000	             -888
  546.2000	             -828
  546.4000	             -907
  546.6000	             -841
  546.8000	             -869
  547.0000	             -878
  547.2000	             -836
  547.4000	             -829
  547.6000	             -876
  547.8000	             -877
  548.0000	             -898
  548.2000	             -846
  548.4000	             -883
  548.6000	             -848
  548.8000	             -859
  549.0000	             -849
  549.2000	             -880
  549.4000	             -856
  549.6000	             -883
  549.8000	             -859
  550.0000	             -869
  550.2000	             -862
  550.4000	             -881
  550.6000	             -866
  550.8000	             -871
  551.0000	             -849
  551.2000	             -895
  551.4000	             -827
  551.6000	             -896
  551.8000	             -907
  552.0000	             -871
  552.2000	             -846
  552.4000	             -845
  552.6000	             -885
  552.8000	             -869
  553.0000	             -885
  553.2000	             -889
  553.4000	             -895
  553.6000	             -856
  553.8000	             -869
  554.0000	             -885
  554.2000	             -843
  554.4000	             -885
  554.6000	             -859
  554.8000	             -882
  555.0000	             -862
  555.2000	             -865
  555.4000	             -888
  555.6000	             -881
  555.8000	             -885
  556.0000	             -852
  556.2000	             -881
  556.4000	             -838
  556.6000	             -848
  556.8000	             -888
  557.0000	             -876
  557.2000	             -839
  557.4000	             -853
  557.6000	             -894
  557.8000	             -838
  558.0000	             -884
  558.2000	             -859
  558.4000	             -841
  558.6000	             -873
  558.8000	             -852
  559.0000	             -888
  559.2000	             -869
  559.4000	             -870
  559.6000	             -889
  559.8000	             -841
  560.0000	             -881
  560.2000	             -857
  560.4000	             -862
  560.6000	             -866
  560.8000	             -913
  561.0000	             -887
  561.2000	             -889
  561.4000	             -873
  561.6000	             -864
  561.8000	             -867
  562.0000	             -871
  562.2000	             -869
  562.4000	             -862
  562.6000	             -871
  562.8000	             -870
  563.0000	             -900
  563.2000	             -895
  563.4000	             -881
  563.6000	             -879
  563.8000	             -879
  564.0000	             -848
  564.2000	             -843
  564.4000	             -863
  564.6000	             -900
  564.8000	             -891
  565.0000	             -889
  565.2000	             -884
  565.4000	             -879
  565.6000	             -852
  565.8000	             -884
  566.0000	             -885
  566.2000	             -899
  566.4000	             -872
  566.6000	             -856
  566.8000	             -883
  567.0000	             -883
  567.2000	             -840
  567.4000	             -897
  567.6000	             -881
  567.8000	             -913
  568.0000	             -854
  568.2000	             -883
  568.4000	             -893
  568.6000	             -885
  568.8000	             -846
  569.0000	             -879
  569.2000	             -873
  569.4000	             -888
  569.6000	             -895
  569.8000	             -888
  570.0000	             -869
  570.2000	             -848
  570.4000	             -903
  570.6000	             -881
  570.8000	             -889
  571.0000	             -888
  571.2000	             -859
  571.4000	             -892
  571.6000	             -879
  571.8000	             -870
  572.0000	             -839
  572.2000	             -856
  572.4000	             -848
  572.6000	             -882
  572.8000	             -846
  573.0000	             -877
  573.2000	             -879
  573.4000	             -879
  573.6000	             -878
  573.8000	             -850
  574.0000	             -840
  574.2000	             -855
  574.4000	             -861
  574.6000	             -885
  574.8000	             -869
  575.0000	             -885
  575.2000	             -846
  575.4000	             -865
  575.6000	             -845
  575.8000	             -846
  576.0000	             -848
  576.2000	             -847
  576.4000	             -899
  576.6000	             -838
  576.8000	             -898
  577.0000	             -830
  577.2000	             -842
  577.4000	             -872
  577.6000	             -809
  577.8000	             -872
  578.0000	             -866
  578.2000	             -845
  578.4000	             -879
  578.6000	             -830
  578.8000	             -835
  579.0000	             -831
  579.2000	             -801
  579.4000	             -838
  579.6000	             -841
  579.8000	             -879
  580.0000	             -890
  580.2000	             -808
  580.4000	             -841
  580.6000	             -834
  580.8000	             -873
  581.0000	             -839
  581.2000	             -871
  581.4000	             -849
  581.6000	             -838
  581.8000	             -847
  582.0000	             -863
  582.2000	             -861
  582.4000	             -870
  582.6000	             -860
  582.8000	             -866
  583.0000	             -863
  583.2000	             -830
  583.4000	             -828
  583.6000	             -885
  583.8000	             -836
  584.0000	             -842
  584.2000	             -822
  584.4000	             -828
  584.6000	             -843
  584.8000	             -839
  585.0000	             -851
  585.2000	             -872
  585.4000	             -830
  585.6000	             -854
  585.8000	             -848
  586.0000	             -893
  586.2000	             -873
  586.4000	             -879
  586.6000	             -870
  586.8000	             -901
  587.0000	             -871
  587.2000	             -828
  587.4000	             -830
  587.6000	             -852
  587.8000	             -862
  588.0000	             -873
  588.2000	             -829
  588.4000	             -828
  588.6000	             -870
  588.8000	             -830
  589.0000	             -847
  589.2000	             -809
  589.4000	             -824
  589.6000	             -833
  589.8000	             -829
  590.0000	             -838
  590.2000	             -861
  590.4000	             -818
  590.6000	             -879
  590.8000	             -838
  591.0000	             -846
  591.2000	             -839
  591.4000	             -838
  591.6000	             -879
  591.8000	             -862
  592.0000	             -834
  592.2000	             -857
  592.4000	             -859
  592.6000	             -839
  592.8000	             -817
  593.0000	             -818
  593.2000	             -830
  593.4000	             -820
  593.6000	             -870
  593.8000	             -873
  594.0000	             -819
  594.2000	             -873
  594.4000	             -818
  594.6000	             -858
  594.8000	             -877
  595.0000	             -860
  595.2000	             -822
  595.4000	             -847
  595.6000	             -830
  595.8000	             -829
  596.0000	             -834
  596.2000	             -874
  596.4000	             -847
  596.6000	             -872
  596.8000	             -828
  597.0000	             -865
  597.2000	             -832
  597.4000	             -879
  597.6000	             -861
  597.8000	             -870
  598.0000	             -885
  598.2000	             -830
  598.4000	             -870
  598.6000	             -834
  598.8000	             -857
  599.0000	             -879
  599.2000	             -823
  599.4000	             -835
  599.6000	             -871
  599.8000	             -862
  600.0000	             -852
  600.2000	             -836
  600.4000	             -869
  600.6000	             -853
  600.8000	             -821
  601.0000	             -861
  601.2000	             -842
  601.4000	             -879
  601.6000	             -873
  601.8000	             -841
  602.0000	             -840
  602.2000	             -846
  602.4000	             -859
  602.6000	             -874
  602.8000	             -869
  603.0000	             -869
  603.2000	             -886
  603.4000	             -877
  603.6000	             -861
  603.8000	             -882
  604.0000	             -842
  604.2000	             -828
  604.4000	             -862
  604.6000	             -862
  604.8000	             -862
  605.0000	             -839
  605.2000	             -835
  605.4000	             -852
  605.6000	             -870
  605.8000	             -877
  606.0000	             -866
  606.2000	             -870
  606.4000	             -890
  606.6000	             -840
  606.8000	             -835
  607.0000	             -881
  607.2000	             -888
  607.4000	             -888
  607.6000	             -862
  607.8000	             -859
  608.0000	             -879
  608.2000	             -859
  608.4000	             -836
  608.6000	             -841
  608.8000	             -869
  609.0000	             -830
  609.2000	             -859
  609.4000	             -828
  609.6000	             -866
  609.8000	             -859
  610.0000	             -861
  610.2000	             -871
  610.4000	             -879
  610.6000	             -886
  610.8000	             -830
  611.0000	             -908
  611.2000	             -840
  611.4000	             -849
  611.6000	             -847
  611.8000	             -899
  612.0000	             -884
  612.2000	             -838
  612.4000	             -841
  612.6000	             -851
  612.8000	             -879
  613.0000	             -881
  613.2000	             -853
  613.4000	             -832
  613.6000	             -840
  613.8000	             -859
  614.0000	             -869
  614.2000	             -831
  614.4000	             -877
  614.6000	             -862
  614.8000	             -841
  615.0000	             -895
  615.2000	             -831
  615.4000	             -852
  615.6000	             -838
  615.8000	             -849
  616.0000	             -876
  616.2000	             -846
  616.4000	             -884
  616.6000	             -895
  616.8000	             -873
  617.0000	             -841
  617.2000	             -899
  617.4000	             -851
  617.6000	             -885
  617.8000	             -859
  618.0000	             -881
  618.2000	             -867
  618.4000	             -888
  618.6000	             -840
  618.8000	             -867
  619.0000	             -881
  619.2000	             -862
  619.4000	             -888
  619.6000	             -848
  619.8000	             -859
  620.0000	             -859
  620.2000	             -884
  620.4000	             -879
  620.6000	             -895
  620.8000	             -879
  621.0000	             -888
  621.2000	             -889
  621.4000	             -848
  621.6000	             -843
  621.8000	             -848
  622.0000	             -853
  622.2000	             -850
  622.4000	             -867
  622.6000	             -879
  622.8000	             -869
  623.0000	             -876
  623.2000	             -866
  623.4000	             -848
  623.6000	             -847
  623.8000	             -902
  624.0000	             -885
  624.2000	             -834
  624.4000	             -862
  624.6000	             -844
  624.8000	             -895
  625.0000	             -882
  625.2000	             -879
  625.4000	             -908
  625.6000	             -861
  625.8000	             -884
  626.0000	             -870
  626.2000	             -879
  626.4000	             -869
  626.6000	             -841
  626.8000	             -881
  627.0000	             -880
  627.2000	             -885
  627.4000	             -885
  627.6000	             -893
  627.8000	             -880
  628.0000	             -892
  628.2000	             -859
  628.4000	             -876
  628.6000	             -849
  628.8000	             -831
  629.0000	             -867
  629.2000	             -888
  629.4000	             -866
  629.6000	             -866
  629.8000	             -861
  630.0000	             -866
  630.2000	             -866
  630.4000	             -890
  630.6000	             -834
  630.8000	             -888
  631.0000	             -874
  631.2000	             -866
  631.4000	             -870
  631.6000	             -859
  631.8000	             -880
  632.0000	             -855
  632.2000	             -830
  632.4000	             -900
  632.6000	             -868
  632.8000	             -882
  633.0000	             -862
  633.2000	             -876
  633.4000	             -884
  633.6000	             -888
  633.8000	             -847
  634.0000	             -870
  634.2000	             -846
  634.4000	             -881
  634.6000	             -881
  634.8000	             -873
  635.0000	             -892
  635.2000	             -846
  635.4000	             -879
  635.6000	             -872
  635.8000	             -808
  636.0000	             -834
  636.2000	             -872
  636.4000	             -853
  636.6000	             -814
  636.8000	             -879
  637.0000	             -861
  637.2000	             -849
  637.4000	             -865
  637.6000	             -839
  637.8000	             -879
  638.0000	             -830
  638.2000	             -829
  638.4000	             -842
  638.6000	             -878
  638.8000	             -848
  639.0000	             -883
  639.2000	             -828
  639.4000	             -858
  639.6000	             -879
  639.8000	             -838
  640.0000	             -892
  640.2000	             -870
  640.4000	             -882
  640.6000	             -876
  640.8000	             -907
  641.0000	             -866
  641.2000	             -888
  641.4000	             -896
  641.6000	             -859
  641.8000	             -850
  642.0000	             -866
  642.2000	             -898
  642.4000	             -869
  642.6000	             -876
  642.8000	             -812
  643.0000	             -825
  643.2000	             -826
  643.4000	             -866
  643.6000	             -828
  643.8000	             -870
  644.0000	             -840
  644.2000	             -828
  644.4000	             -830
  644.6000	             -818
  644.8000	             -842
  645.0000	             -839
  645.2000	             -811
  645.4000	             -834
  645.6000	             -839
  645.8000	             -779
  646.0000	             -879
  646.2000	             -840
  646.4000	             -828
  646.6000	             -870
  646.8000	             -822
  647.0000	             -881
  647.2000	             -904
  647.4000	             -855
  647.6000	             -876
  647.8000	             -840
  648.0000	             -849
  648.2000	             -898
  648.4000	             -852
  648.6000	             -889
  648.8000	             -859
  649.0000	             -847
  649.2000	             -878
  649.4000	             -833
  649.6000	             -849
  649.8000	             -866
  650.0000	             -873
  650.2000	             -865
  650.4000	             -861
  650.6000	             -866
  650.8000	             -866
  651.0000	             -816
  651.2000	             -811
  651.4000	             -833
  651.6000	             -831
  651.8000	             -828
  652.0000	             -830
  652.2000	             -858
  652.4000	             -853
  652.6000	             -839
  652.8000	             -860
  653.0000	             -830
  653.2000	             -793
  653.4000	             -805
  653.6000	             -858
  653.8000	             -828
  654.0000	             -822
  654.2000	             -816
  654.4000	             -805
  654.6000	             -848
  654.8000	             -838
  655.0000	             -893
  655.2000	             -848
  655.4000	             -872
  655.6000	             -840
  655.8000	             -855
  656.0000	             -857
  656.2000	             -881
  656.4000	             -870
  656.6000	             -828
  656.8000	             -839
  657.0000	             -888
  657.2000	             -812
  657.4000	             -870
  657.6000	             -870
  657.8000	             -853
  658.0000	             -865
  658.2000	             -871
  658.4000	             -828
  658.6000	             -816
  658.8000	             -832
  659.0000	             -818
  659.2000	             -829
  659.4000	             -829
  659.6000	             -848
  659.8000	             -831
  660.0000	             -854
  660.2000	             -849
  660.4000	             -822
  660.6000	             -849
  660.8000	             -821
  661.0000	             -839
  661.2000	             -785
  661.4000	             -807
  661.6000	             -839
  661.8000	             -851
  662.0000	             -820
  662.2000	             -797
  662.4000	             -851
  662.6000	             -872
  662.8000	             -866
  663.0000	             -818
  663.2000	             -837
  663.4000	             -879
  663.6000	             -828
  663.8000	             -884
  664.0000	             -840
  664.2000	             -902
  664.4000	             -881
  664.6000	             -883
  664.8000	             -854
  665.0000	             -899
  665.2000	             -870
  665.4000	             -837
  665.6000	             -883
  665.8000	             -861
  666.0000	             -835
  666.2000	             -809
  666.4000	             -849
  666.6000	             -859
  666.8000	             -850
  667.0000	             -841
  667.2000	             -807
  667.4000	             -837
  667.6000	             -843
  667.8000	             -859
  668.0000	             -843
  668.2000	             -841
  668.4000	             -839
  668.6000	             -854
  668.8000	             -836
  669.0000	             -811
  669.2000	             -831
  669.4000	             -800
  669.6000	             -873
  669.8000	             -879
  670.0000	             -826
  670.2000	             -842
  670.4000	             -806
  670.6000	             -840
  670.8000	             -903
  671.0000	             -883
  671.2000	             -870
  671.4000	             -891
  671.6000	             -847
  671.8000	             -892
  672.0000	             -884
  672.2000	             -830
  672.4000	             -889
  672.6000	             -876
  672.8000	             -879
  673.0000	             -898
  673.2000	             -878
  673.4000	             -861
  673.6000	             -881
  673.8000	             -889
  674.0000	             -819
  674.2000	             -866
  674.4000	             -817
  674.6000	             -840
  674.8000	             -842
  675.0000	             -860
  675.2000	             -828
  675.4000	             -817
  675.6000	             -839
  675.8000	             -854
  676.0000	             -856
  676.2000	             -817
  676.4000	             -858
  676.6000	             -821
  676.8000	             -854
  677.0000	             -870
  677.2000	             -835
  677.4000	             -879
  677.6000	             -821
  677.8000	             -835
  678.0000	             -866
  678.2000	             -879
  678.4000	             -828
  678.6000	             -866
  678.8000	             -815
  679.0000	             -856
  679.2000	             -888
  679.4000	             -838
  679.6000	             -879
  679.8000	             -869
  680.0000	             -859
  680.2000	             -879
  680.4000	             -846
  680.6000	             -846
  680.8000	             -885
  681.0000	             -847
  681.2000	             -840
  681.4000	             -879
  681.6000	             -845
  681.8000	             -889
  682.0000	             -854
  682.2000	             -848
  682.4000	             -893
  682.6000	             -866
  682.8000	             -879
  683.0000	             -888
  683.2000	             -847
  683.4000	             -879
  683.6000	             -837
  683.8000	             -879
  684.0000	             -834
  684.2000	             -840
  684.4000	             -834
  684.6000	             -881
  684.8000	             -879
  685.0000	             -893
  685.2000	             -888
  685.4000	             -874
  685.6000	             -883
  685.8000	             -885
  686.0000	             -886
  686.2000	             -876
  686.4000	             -862
  686.6000	             -890
  686.8000	             -886
  687.0000	             -889
  687.2000	             -866
  687.4000	             -863
  687.6000	             -884
  687.8000	             -881
  688.0000	             -853
  688.2000	             -888
  688.4000	             -862
  688.6000	             -892
  688.8000	             -881
  689.0000	             -832
  689.2000	             -873
  689.4000	             -862
  689.6000	             -869
  689.8000	             -893
  690.0000	             -886
  690.2000	             -895
  690.4000	             -894
  690.6000	             -888
  690.8000	             -879
  691.0000	             -899
  691.2000	             -841
  691.4000	             -854
  691.6000	             -887
  691.8000	             -848
  692.0000	             -889
  692.2000	             -869
  692.4000	             -862
  692.6000	             -889
  692.8000	             -888
  693.0000	             -848
  693.2000	             -893
  693.4000	             -869
  693.6000	             -876
  693.8000	             -880
  694.0000	             -848
  694.2000	             -862
  694.4000	             -876
  694.6000	             -903
  694.8000	             -890
  695.0000	             -848
  695.2000	             -896
  695.4000	             -867
  695.6000	             -889
  695.8000	             -902
  696.0000	             -889
  696.2000	             -888
  696.4000	             -855
  696.6000	             -840
  696.8000	             -888
  697.0000	             -888
  697.2000	             -879
  697.4000	             -852
  697.6000	             -888
  697.8000	             -889
  698.0000	             -894
  698.2000	             -885
  698.4000	             -889
  698.6000	             -870
  698.8000	             -848
  699.0000	             -879
  699.2000	             -864
  699.4000	             -881
  699.6000	             -879
  699.8000	             -859
  700.0000	             -858
  700.2000	             -841
  700.4000	             -873
  700.6000	             -879
  700.8000	             -874
  701.0000	             -884
  701.2000	             -888
  701.4000	             -845
  701.6000	             -877
  701.8000	             -876
  702.0000	             -864
  702.2000	             -880
  702.4000	             -879
  702.6000	             -871
  702.8000	             -887
  703.0000	             -879
  703.2000	             -902
  703.4000	             -873
  703.6000	             -869
  703.8000	             -862
  704.0000	             -874
  704.2000	             -884
  704.4000	             -879
  704.6000	             -881
  704.8000	             -881
  705.0000	             -876
  705.2000	             -888
  705.4000	             -884
  705.6000	             -903
  705.8000	             -877
  706.0000	             -859
  706.2000	             -888
  706.4000	             -881
  706.6000	             -862
  706.8000	             -871
  707.0000	             -888
  707.2000	             -873
  707.4000	             -900
  707.6000	             -869
  707.8000	             -888
  708.0000	             -893
  708.2000	             -889
  708.4000	             -913
  708.6000	             -847
  708.8000	             -862
  709.0000	             -885
  709.2000	             -874
  709.4000	             -859
  709.6000	             -889
  709.8000	             -895
  710.0000	             -888
  710.2000	             -859
  710.4000	             -909
  710.6000	             -896
  710.8000	             -862
  711.0000	             -867
  711.2000	             -879
  711.4000	             -873
  711.6000	             -882
  711.8000	             -873
  712.0000	             -876
  712.2000	             -879
  712.4000	             -869
  712.6000	             -889
  712.8000	             -899
  713.0000	             -888
  713.2000	             -889
  713.4000	             -899
  713.6000	             -880
  713.8000	             -845
  714.0000	             -863
  714.2000	             -901
  714.4000	             -880
  714.6000	             -869
  714.8000	             -848
  715.0000	             -845
  715.2000	             -859
  715.4000	             -883
  715.6000	             -883
  715.8000	             -864
  716.0000	             -868
  716.2000	             -839
  716.4000	             -852
  716.6000	             -873
  716.8000	             -841
  717.0000	             -886
  717.2000	             -912
  717.4000	             -900
  717.6000	             -877
  717.8000	             -880
  718.0000	             -858
  718.2000	             -899
  718.4000	             -862
  718.6000	             -900
  718.8000	             -903
  719.0000	             -889
  719.2000	             -846
  719.4000	             -872
  719.6000	             -846
  719.8000	             -879
  720.0000	             -888
  720.2000	             -856
  720.4000	             -854
  720.6000	             -889
  720.8000	             -869
  721.0000	             -856
  721.2000	             -883
  721.4000	             -893
  721.6000	             -847
  721.8000	             -888
  722.0000	             -893
  722.2000	             -879
  722.4000	             -883
  722.6000	             -892
  722.8000	             -839
  723.0000	             -877
  723.2000	             -888
  723.4000	             -870
  723.6000	             -840
  723.8000	             -871
  724.0000	             -838
  724.2000	             -866
  724.4000	             -884
  724.6000	             -879
  724.8000	             -893
  725.0000	             -840
  725.2000	             -859
  725.4000	             -847
  725.6000	             -859
  725.8000	             -861
  726.0000	             -880
  726.2000	             -884
  726.4000	             -890
  726.6000	             -879
  726.8000	             -859
  727.0000	             -870
  727.2000	             -842
  727.4000	             -862
  727.6000	             -885
  727.8000	             -876
  728.0000	             -888
  728.2000	             -894
  728.4000	             -860
  728.6000	             -880
  728.8000	             -838
  729.0000	             -888
  729.2000	             -835
  729.4000	             -892
  729.6000	             -913
  729.8000	             -895
  730.0000	             -848
  730.2000	             -859
  730.4000	             -879
  730.6000	             -879
  730.8000	             -869
  731.0000	             -892
  731.2000	             -873
  731.4000	             -873
  731.6000	             -869
  731.8000	             -888
  732.0000	             -854
  732.2000	             -849
  732.4000	             -869
  732.6000	             -889
  732.8000	             -816
  733.0000	             -832
  733.2000	             -876
  733.4000	             -870
  733.6000	             -818
  733.8000	             -883
  734.0000	             -890
  734.2000	             -861
  734.4000	             -862
  734.6000	             -893
  734.8000	             -879
  735.0000	             -873
  735.2000	             -832
  735.4000	             -879
  735.6000	             -856
  735.8000	             -859
  736.0000	             -885
  736.2000	             -839
  736.4000	             -836
  736.6000	             -898
  736.8000	             -853
  737.0000	             -852
  737.2000	             -822
  737.4000	             -879
  737.6000	             -874
  737.8000	             -844
  738.0000	             -874
  738.2000	             -840
  738.4000	             -761
  738.6000	             -862
  738.8000	             -845
  739.0000	             -869
  739.2000	             -887
  739.4000	             -840
  739.6000	             -859
  739.8000	             -879
  740.0000	             -881
  740.2000	             -859
  740.4000	             -888
  740.6000	             -858
  740.8000	             -847
  741.0000	             -869
  741.2000	             -854
  741.4000	             -852
  741.6000	             -892
  741.8000	             -879
  742.0000	             -873
  742.2000	             -838
  742.4000	             -901
  742.6000	             -870
  742.8000	             -880
  743.0000	             -879
  743.2000	             -870
  743.4000	             -883
  743.6000	             -825
  743.8000	             -876
  744.0000	             -834
  744.2000	             -879
  744.4000	             -866
  744.6000	             -870
  744.8000	             -856
  745.0000	             -849
  745.2000	             -842
  745.4000	             -895
  745.6000	             -866
  745.8000	             -818
  746.0000	             -818
  746.2000	             -834
  746.4000	             -866
  746.6000	             -779
  746.8000	             -817
  747.0000	             -849
  747.2000	             -822
  747.4000	             -884
  747.6000	             -830
  747.8000	             -879
  748.0000	             -861
  748.2000	             -855
  748.4000	             -861
  748.6000	             -828
  748.8000	             -812
  749.0000	             -818
  749.2000	             -874
  749.4000	             -873
  749.6000	             -863
  749.8000	             -827
  750.0000	             -874
  750.2000	             -822
  750.4000	             -138
  750.6000	             -859
  750.8000	             -876
  751.0000	             -854
  751.2000	             -832
  751.4000	             -630
  751.6000	             -818
  751.8000	             -841
  752.0000	             -836
  752.2000	             -867
  752.4000	             -881
  752.6000	             -841
  752.8000	             -860
  753.0000	             -840
  753.2000	             -880
  753.4000	             -879
  753.6000	             -872
  753.8000	             -838
  754.0000	             -839
  754.2000	             -874
  754.4000	             -888
  754.6000	             -876
  754.8000	             -849
  755.0000	             -869
  755.2000	             -862
  755.4000	             -888
  755.6000	             -864
  755.8000	             -870
  756.0000	             -866
  756.2000	             -852
  756.4000	             -854
  756.6000	             -835
  756.8000	             -866
  757.0000	             -877
  757.2000	             -852
  757.4000	             -827
  757.6000	             -861
  757.8000	             -830
  758.0000	             -808
  758.2000	             -863
  758.4000	             -879
  758.6000	             -815
  758.8000	             -819
  759.0000	             -848
  759.2000	             -873
  759.4000	             -837
  759.6000	             -871
  759.8000	             -857
  760.0000	             -838
  760.2000	             -877
  760.4000	             -821
  760.6000	             -883
  760.8000	             -885
  761.0000	             -843
  761.2000	             -852
  761.4000	             -880
  761.6000	             -876
  761.8000	             -827
  762.0000	             -840
  762.2000	             -821
  762.4000	             -837
  762.6000	             -828
  762.8000	             -888
  763.0000	             -889
  763.2000	             -870
  763.4000	             -697
  763.6000	             -861
  763.8000	             -830
  764.0000	             -892
  764.2000	             -893
  764.4000	             -836
  764.6000	             -862
  764.8000	             -869
  765.0000	             -880
  765.2000	             -879
  765.4000	             -840
  765.6000	             -847
  765.8000	             -859
  766.0000	             -838
  766.2000	             -902
  766.4000	             -879
  766.6000	             -868
  766.8000	             -840
  767.0000	             -899
  767.2000	             -883
  767.4000	             -876
  767.6000	             -880
  767.8000	             -840
  768.0000	             -830
  768.2000	             -853
  768.4000	             -872
  768.6000	             -866
  768.8000	             -845
  769.0000	             -872
  769.2000	             -857
  769.4000	             -861
  769.6000	             -827
  769.8000	             -861
  770.0000	             -860
  770.2000	             -829
  770.4000	             -805
  770.6000	             -842
  770.8000	             -791
  771.0000	             -842
  771.2000	             -817
  771.4000	             -831
  771.6000	             -870
  771.8000	             -843
  772.0000	             -861
  772.2000	             -841
  772.4000	             -694
  772.6000	             -853
  772.8000	             -870
  773.0000	             -768
  773.2000	             -852
  773.4000	             -819
  773.6000	             -841
  773.8000	             -785
  774.0000	             -817
  774.2000	             -830
  774.4000	             -844
  774.6000	             -873
  774.8000	             -841
  775.0000	             -826
  775.2000	             -791
  775.4000	             -828
  775.6000	             -856
  775.8000	             -847
  776.0000	             -878
  776.2000	             -834
  776.4000	             -879
  776.6000	             -886
  776.8000	             -861
  777.0000	             -879
  777.2000	             -879
  777.4000	             -842
  777.6000	             -881
  777.8000	             -885
  778.0000	             -862
  778.2000	             -862
  778.4000	             -865
  778.6000	             -846
  778.8000	             -862
  779.0000	             -900
  779.2000	             -889
  779.4000	             -888
  779.6000	             -859
  779.8000	             -879
  780.0000	             -872
  780.2000	             -895
  780.4000	             -865
  780.6000	             -880
  780.8000	             -888
  781.0000	             -893
  781.2000	             -864
  781.4000	             -887
  781.6000	             -859
  781.8000	             -879
  782.0000	             -885
  782.2000	             -880
  782.4000	             -879
  782.6000	             -856
  782.8000	             -870
  783.0000	             -843
  783.2000	             -889
  783.4000	             -848
  783.6000	             -860
  783.8000	             -899
  784.0000	             -888
  784.2000	             -896
  784.4000	             -888
  784.6000	             -885
  784.8000	             -862
  785.0000	             -862
  785.2000	             -873
  785.4000	             -895
  785.6000	             -863
  785.8000	             -889
  786.0000	             -900
  786.2000	             -848
  786.4000	             -891
  786.6000	             -879
  786.8000	             -859
  787.0000	             -862
  787.2000	             -873
  787.4000	             -875
  787.6000	             -903
  787.8000	             -891
  788.0000	             -891
  788.2000	             -900
  788.4000	             -841
  788.6000	             -893
  788.8000	             -843
  789.0000	             -895
  789.2000	             -856
  789.4000	             -843
  789.6000	             -848
  789.8000	             -888
  790.0000	             -856
  790.2000	             -881
  790.4000	             -879
  790.6000	             -895
  790.8000	             -845
  791.0000	             -878
  791.2000	             -876
  791.4000	             -876
  791.6000	             -891
  791.8000	             -896
  792.0000	             -889
  792.2000	             -900
  792.4000	             -889
  792.6000	             -862
  792.8000	             -873
  793.0000	             -903
  793.2000	             -864
  793.4000	             -865
  793.6000	             -891
  793.8000	             -870
  794.0000	             -869
  794.2000	             -889
  794.4000	             -882
  794.6000	             -862
  794.8000	             -803
  795.0000	             -890
  795.2000	             -871
  795.4000	             -879
  795.6000	             -889
  795.8000	             -900
  796.0000	             -871
  796.2000	             -848
  796.4000	             -878
  796.6000	             -889
  796.8000	             -894
  797.0000	             -888
  797.2000	             -889
  797.4000	             -843
  797.6000	             -871
  797.8000	             -873
  798.0000	             -885
  798.2000	             -848
  798.4000	             -895
  798.6000	             -889
  798.8000	             -871
  799.0000	             -873
  799.2000	             -862
  799.4000	             -859
  799.6000	             -880
  799.8000	             -873
  800.0000	             -889
  800.2000	             -859
  800.4000	             -888
  800.6000	             -833
  800.8000	             -889
  801.0000	             -897
  801.2000	             -843
  801.4000	             -815
  801.6000	             -860
  801.8000	             -876
  802.0000	             -866
  802.2000	             -895
  802.4000	             -869
  802.6000	             -889
  802.8000	             -872
  803.0000	             -868
  803.2000	             -896
  803.4000	             -871
  803.6000	             -871
  803.8000	             -889
  804.0000	             -873
  804.2000	             -848
  804.4000	             -862
  804.6000	             -841
  804.8000	             -894
  805.0000	             -871
