  500.0000	             -862
  500.2000	             -862
  500.4000	             -836
  500.6000	             -861
  500.8000	             -817
  501.0000	             -873
  501.2000	             -861
  501.4000	             -821
  501.6000	             -873
  501.8000	             -835
  502.0000	             -834
  502.2000	             -866
  502.4000	             -861
  502.6000	             -870
  502.8000	             -842
  503.0000	             -819
  503.2000	             -831
  503.4000	             -873
  503.6000	             -811
  503.8000	             -877
  504.0000	             -857
  504.2000	             -853
  504.4000	             -873
  504.6000	             -884
  504.8000	             -808
  505.0000	             -800
  505.2000	             -815
  505.4000	             -862
  505.6000	             -842
  505.8000	             -821
  506.0000	             -837
  506.2000	             -840
  506.4000	             -854
  506.6000	             -826
  506.8000	             -796
  507.0000	             -846
  507.2000	             -872
  507.4000	             -821
  507.6000	             -839
  507.8000	             -871
  508.0000	             -812
  508.2000	             -884
  508.4000	             -828
  508.6000	             -873
  508.8000	             -873
  509.0000	             -809
  509.2000	             -836
  509.4000	             -867
  509.6000	             -822
  509.8000	             -828
  510.0000	             -836
  510.2000	             -839
  510.4000	             -854
  510.6000	             -870
  510.8000	             -863
  511.0000	             -845
  511.2000	             -828
  511.4000	             -828
  511.6000	             -870
  511.8000	             -852
  512.0000	             -816
  512.2000	             -828
  512.4000	             -852
  512.6000	             -808
  512.8000	             -879
  513.0000	             -862
  513.2000	             -862
  513.4000	             -875
  513.6000	             -816
  513.8000	             -857
  514.0000	             -882
  514.2000	             -811
  514.4000	             -860
  514.6000	             -801
  514.8000	             -868
  515.0000	             -825
  515.2000	             -830
  515.4000	             -854
  515.6000	             -853
  515.8000	             -842
  516.0000	             -842
  516.2000	             -843
  516.4000	             -861
  516.6000	             -812
  516.8000	             -872
  517.0000	             -871
  517.2000	             -853
  517.4000	             -854
  517.6000	             -840
  517.8000	             -791
  518.0000	             -833
  518.2000	             -870
  518.4000	             -831
  518.6000	             -884
  518.8000	             -808
  519.0000	             -858
  519.2000	             -807
  519.4000	             -860
  519.6000	             -850
  519.8000	             -811
  520.0000	             -839
  520.2000	             -854
  520.4000	             -831
  520.6000	             -873
  520.8000	             -841
  521.0000	             -807
  521.2000	             -842
  521.4000	             -862
  521.6000	             -821
  521.8000	             -818
  522.0000	             -846
  522.2000	             -836
  522.4000	             -873
  522.6000	             -866
  522.8000	             -823
  523.0000	             -831
  523.2000	             -870
  523.4000	             -828
  523.6000	             -830
  523.8000	             -879
  524.0000	             -836
  524.2000	             -884
  524.4000	             -866
  524.6000	             -840
  524.8000	             -885
  525.0000	             -858
  525.2000	             -868
  525.4000	             -856
  525.6000	             -866
  525.8000	             -834
  526.0000	             -889
  526.2000	             -817
  526.4000	             -867
  526.6000	             -819
  526.8000	             -866
  527.0000	             -833
  527.2000	             -883
  527.4000	             -833
  527.6000	             -828
  527.8000	             -830
  528.0000	             -879
  528.2000	             -858
  528.4000	             -828
  528.6000	             -830
  528.8000	             -828
  529.0000	             -862
  529.2000	             -883
  529.4000	             -858
  529.6000	             -828
  529.8000	             -856
  530.0000	             -873
  530.2000	             -828
  530.4000	             -882
  530.6000	             -860
  530.8000	             -814
  531.0000	             -818
  531.2000	             -828
  531.4000	             -866
  531.6000	             -828
  531.8000	             -828
  532.0000	             -809
  532.2000	             -829
  532.4000	             -831
  532.6000	             -866
  532.8000	             -869
  533.0000	             -866
  533.2000	             -860
  533.4000	             -821
  533.6000	             -856
  533.8000	             -825
  534.0000	             -862
  534.2000	             -830
  534.4000	             -861
  534.6000	             -818
  534.8000	             -801
  535.0000	             -870
  535.2000	             -853
  535.4000	             -845
  535.6000	             -796
  535.8000	             -839
  536.0000	             -866
  536.2000	             -865
  536.4000	             -873
  536.6000	             -860
  536.8000	             -834
  537.0000	             -808
  537.2000	             -832
  537.4000	             -830
  537.6000	             -872
  537.8000	             -839
  538.0000	             -796
  538.2000	             -854
  538.4000	             -857
  538.6000	             -838
  538.8000	             -818
  539.0000	             -827
  539.2000	             -831
  539.4000	             -834
  539.6000	             -845
  539.8000	             -846
  540.0000	             -815
  540.2000	             -809
  540.4000	             -835
  540.6000	             -782
  540.8000	             -872
  541.0000	             -869
  541.2000	             -856
  541.4000	             -814
  541.6000	             -811
  541.8000	             -832
  542.0000	             -844
  542.2000	             -841
  542.4000	             -825
  542.6000	             -865
  542.8000	             -804
  543.0000	             -861
  543.2000	             -841
  543.4000	             -844
  543.6000	             -826
  543.8000	             -817
  544.0000	             -829
  544.2000	             -834
  544.4000	             -853
  544.6000	             -826
  544.8000	             -860
  545.0000	             -861
  545.2000	             -816
  545.4000	             -811
  545.6000	             -843
  545.8000	             -840
  546.0000	             -857
  546.2000	             -818
  546.4000	             -837
  546.6000	             -837
  546.8000	             -824
  547.0000	             -833
  547.2000	             -829
  547.4000	             -845
  547.6000	             -814
  547.8000	             -832
  548.0000	             -862
  548.2000	             -824
  548.4000	             -808
  548.6000	             -859
  548.8000	             -861
  549.0000	             -857
  549.2000	             -847
  549.4000	             -826
  549.6000	             -842
  549.8000	             -819
  550.0000	             -868
  550.2000	             -869
  550.4000	             -835
  550.6000	             -830
  550.8000	             -817
  551.0000	             -814
  551.2000	             -848
  551.4000	             -840
  551.6000	             -828
  551.8000	             -830
  552.0000	             -866
  552.2000	             -821
  552.4000	             -811
  552.6000	             -870
  552.8000	             -872
  553.0000	             -836
  553.2000	             -854
  553.4000	             -828
  553.6000	             -872
  553.8000	             -871
  554.0000	             -853
  554.2000	             -872
  554.4000	             -866
  554.6000	             -835
  554.8000	             -859
  555.0000	             -836
  555.2000	             -873
  555.4000	             -821
  555.6000	             -857
  555.8000	             -818
  556.0000	             -879
  556.2000	             -879
  556.4000	             -822
  556.6000	             -859
  556.8000	             -826
  557.0000	             -826
  557.2000	             -834
  557.4000	             -849
  557.6000	             -871
  557.8000	             -861
  558.0000	             -884
  558.2000	             -866
  558.4000	             -869
  558.6000	             -873
  558.8000	             -830
  559.0000	             -907
  559.2000	             -862
  559.4000	             -870
  559.6000	             -849
  559.8000	             -840
  560.0000	             -834
  560.2000	             -836
  560.4000	             -866
  560.6000	             -888
  560.8000	             -862
  561.0000	             -862
  561.2000	             -867
  561.4000	             -830
  561.6000	             -870
  561.8000	             -855
  562.0000	             -832
  562.2000	             -887
  562.4000	             -887
  562.6000	             -830
  562.8000	             -873
  563.0000	             -839
  563.2000	             -839
  563.4000	             -876
  563.6000	             -862
  563.8000	             -861
  564.0000	             -883
  564.2000	             -837
  564.4000	             -874
  564.6000	             -884
  564.8000	             -863
  565.0000	             -840
  565.2000	             -856
  565.4000	             -886
  565.6000	             -840
  565.8000	             -884
  566.0000	             -883
  566.2000	             -846
  566.4000	             -884
  566.6000	             -861
  566.8000	             -890
  567.0000	             -880
  567.2000	             -872
  567.4000	             -840
  567.6000	             -880
  567.8000	             -828
  568.0000	             -861
  568.2000	             -870
  568.4000	             -844
  568.6000	             -902
  568.8000	             -852
  569.0000	             -828
  569.2000	             -870
  569.4000	             -859
  569.6000	             -861
  569.8000	             -833
  570.0000	             -851
  570.2000	             -830
  570.4000	             -817
  570.6000	             -854
  570.8000	             -858
  571.0000	             -834
  571.2000	             -873
  571.4000	             -859
  571.6000	             -871
  571.8000	             -834
  572.0000	             -824
  572.2000	             -873
  572.4000	             -834
  572.6000	             -831
  572.8000	             -819
  573.0000	             -838
  573.2000	             -831
  573.4000	             -853
  573.6000	             -836
  573.8000	             -814
  574.0000	             -838
  574.2000	             -849
  574.4000	             -825
  574.6000	             -843
  574.8000	             -829
  575.0000	             -825
  575.2000	             -822
  575.4000	             -824
  575.6000	             -860
  575.8000	             -806
  576.0000	             -839
  576.2000	             -816
  576.4000	             -827
  576.6000	             -816
  576.8000	             -837
  577.0000	             -855
  577.2000	             -831
  577.4000	             -820
  577.6000	             -816
  577.8000	             -831
  578.0000	             -812
  578.2000	             -783
  578.4000	             -806
  578.6000	             -852
  578.8000	             -822
  579.0000	             -815
  579.2000	             -767
  579.4000	             -818
  579.6000	             -783
  579.8000	             -849
  580.0000	             -828
  580.2000	             -822
  580.4000	             -784
  580.6000	             -818
  580.8000	             -848
  581.0000	             -861
  581.2000	             -835
  581.4000	             -796
  581.6000	             -831
  581.8000	             -837
  582.0000	             -830
  582.2000	             -842
  582.4000	             -816
  582.6000	             -790
  582.8000	             -830
  583.0000	             -795
  583.2000	             -829
  583.4000	             -782
  583.6000	             -831
  583.8000	             -793
  584.0000	             -795
  584.2000	             -772
  584.4000	             -828
  584.6000	             -755
  584.8000	             -823
  585.0000	             -843
  585.2000	             -820
  585.4000	             -761
  585.6000	             -851
  585.8000	             -839
  586.0000	             -860
  586.2000	             -843
  586.4000	             -840
  586.6000	             -831
  586.8000	             -854
  587.0000	             -831
  587.2000	             -837
  587.4000	             -809
  587.6000	             -818
  587.8000	             -825
  588.0000	             -836
  588.2000	             -774
  588.4000	             -842
  588.6000	             -841
  588.8000	             -844
  589.0000	             -828
  589.2000	             -846
  589.4000	             -824
  589.6000	             -768
  589.8000	             -777
  590.0000	             -807
  590.2000	             -794
  590.4000	             -790
  590.6000	             -813
  590.8000	             -854
  591.0000	             -870
  591.2000	             -861
  591.4000	             -832
  591.6000	             -854
  591.8000	             -838
  592.0000	             -840
  592.2000	             -830
  592.4000	             -828
  592.6000	             -799
  592.8000	             -837
  593.0000	             -836
  593.2000	             -828
  593.4000	             -823
  593.6000	             -831
  593.8000	             -843
  594.0000	             -850
  594.2000	             -813
  594.4000	             -822
  594.6000	             -839
  594.8000	             -848
  595.0000	             -774
  595.2000	             -793
  595.4000	             -843
  595.6000	             -806
  595.8000	             -763
  596.0000	             -817
  596.2000	             -840
  596.4000	             -836
  596.6000	             -856
  596.8000	             -853
  597.0000	             -868
  597.2000	             -854
  597.4000	             -841
  597.6000	             -854
  597.8000	             -823
  598.0000	             -832
  598.2000	             -849
  598.4000	             -831
  598.6000	             -875
  598.8000	             -818
  599.0000	             -821
  599.2000	             -843
  599.4000	             -860
  599.6000	             -841
  599.8000	             -800
  600.0000	             -831
  600.2000	             -814
  600.4000	             -825
  600.6000	             -771
  600.8000	             -816
  601.0000	             -839
  601.2000	             -770
  601.4000	             -818
  601.6000	             -830
  601.8000	             -830
  602.0000	             -873
  602.2000	             -853
  602.4000	             -842
  602.6000	             -809
  602.8000	             -873
  603.0000	             -839
  603.2000	             -854
  603.4000	             -825
  603.6000	             -858
  603.8000	             -805
  604.0000	             -843
  604.2000	             -818
  604.4000	             -824
  604.6000	             -810
  604.8000	             -860
  605.0000	             -830
  605.2000	             -854
  605.4000	             -844
  605.6000	             -826
  605.8000	             -818
  606.0000	             -838
  606.2000	             -837
  606.4000	             -820
  606.6000	             -858
  606.8000	             -827
  607.0000	             -857
  607.2000	             -837
  607.4000	             -852
  607.6000	             -847
  607.8000	             -854
  608.0000	             -827
  608.2000	             -859
  608.4000	             -830
  608.6000	             -879
  608.8000	             -872
  609.0000	             -821
  609.2000	             -823
  609.4000	             -873
  609.6000	             -805
  609.8000	             -814
  610.0000	             -842
  610.2000	             -824
  610.4000	             -861
  610.6000	             -859
  610.8000	             -817
  611.0000	             -828
  611.2000	             -885
  611.4000	             -861
  611.6000	             -811
  611.8000	             -861
  612.0000	             -861
  612.2000	             -873
  612.4000	             -828
  612.6000	             -828
  612.8000	             -874
  613.0000	             -841
  613.2000	             -834
  613.4000	             -852
  613.6000	             -830
  613.8000	             -836
  614.0000	             -872
  614.2000	             -830
  614.4000	             -840
  614.6000	             -876
  614.8000	             -855
  615.0000	             -821
  615.2000	             -872
  615.4000	             -864
  615.6000	             -830
  615.8000	             -877
  616.0000	             -828
  616.2000	             -872
  616.4000	             -861
  616.6000	             -862
  616.8000	             -861
  617.0000	             -844
  617.2000	             -834
  617.4000	             -874
  617.6000	             -849
  617.8000	             -858
  618.0000	             -879
  618.2000	             -879
  618.4000	             -879
  618.6000	             -872
  618.8000	             -832
  619.0000	             -830
  619.2000	             -881
  619.4000	             -836
  619.6000	             -828
  619.8000	             -870
  620.0000	             -839
  620.2000	             -870
  620.4000	             -846
  620.6000	             -840
  620.8000	             -884
  621.0000	             -866
  621.2000	             -866
  621.4000	             -828
  621.6000	             -862
  621.8000	             -863
  622.0000	             -856
  622.2000	             -870
  622.4000	             -818
  622.6000	             -873
  622.8000	             -861
  623.0000	             -800
  623.2000	             -861
  623.4000	             -842
  623.6000	             -862
  623.8000	             -830
  624.0000	             -874
  624.2000	             -842
  624.4000	             -879
  624.6000	             -866
  624.8000	             -828
  625.0000	             -865
  625.2000	             -862
  625.4000	             -862
  625.6000	             -876
  625.8000	             -881
  626.0000	             -879
  626.2000	             -884
  626.4000	             -847
  626.6000	             -852
  626.8000	             -877
  627.0000	             -870
  627.2000	             -871
  627.4000	             -826
  627.6000	             -830
  627.8000	             -827
  628.0000	             -821
  628.2000	             -883
  628.4000	             -818
  628.6000	             -821
  628.8000	             -831
  629.0000	             -811
  629.2000	             -817
  629.4000	             -833
  629.6000	             -857
  629.8000	             -845
  630.0000	             -828
  630.2000	             -858
  630.4000	             -861
  630.6000	             -830
  630.8000	             -865
  631.0000	             -842
  631.2000	             -860
  631.4000	             -872
  631.6000	             -879
  631.8000	             -862
  632.0000	             -871
  632.2000	             -841
  632.4000	             -836
  632.6000	             -849
  632.8000	             -848
  633.0000	             -865
  633.2000	             -861
  633.4000	             -873
  633.6000	             -824
  633.8000	             -828
  634.0000	             -872
  634.2000	             -854
  634.4000	             -828
  634.6000	             -870
  634.8000	             -821
  635.0000	             -852
  635.2000	             -839
  635.4000	             -834
  635.6000	             -818
  635.8000	             -843
  636.0000	             -816
  636.2000	             -814
  636.4000	             -831
  636.6000	             -848
  636.8000	             -861
  637.0000	             -870
  637.2000	             -863
  637.4000	             -790
  637.6000	             -840
  637.8000	             -854
  638.0000	             -863
  638.2000	             -833
  638.4000	             -838
  638.6000	             -873
  638.8000	             -799
  639.0000	             -860
  639.2000	             -824
  639.4000	             -833
  639.6000	             -840
  639.8000	             -820
  640.0000	             -827
  640.2000	             -828
  640.4000	             -871
  640.6000	             -830
  640.8000	             -873
  641.0000	             -852
  641.2000	             -821
  641.4000	             -858
  641.6000	             -872
  641.8000	             -809
  642.0000	             -853
  642.2000	             -862
  642.4000	             -834
  642.6000	             -825
  642.8000	             -813
  643.0000	             -828
  643.2000	             -822
  643.4000	             -839
  643.6000	             -853
  643.8000	             -835
  644.0000	             -824
  644.2000	             -821
  644.4000	             -814
  644.6000	             -843
  644.8000	             -822
  645.0000	             -835
  645.2000	             -829
  645.4000	             -830
  645.6000	             -821
  645.8000	             -803
  646.0000	             -861
  646.2000	             -860
  646.4000	             -843
  646.6000	             -813
  646.8000	             -783
  647.0000	             -839
  647.2000	             -818
  647.4000	             -827
  647.6000	             -827
  647.8000	             -873
  648.0000	             -822
  648.2000	             -825
  648.4000	             -836
  648.6000	             -889
  648.8000	             -870
  649.0000	             -879
  649.2000	             -850
  649.4000	             -841
  649.6000	             -812
  649.8000	             -853
  650.0000	             -851
  650.2000	             -854
  650.4000	             -848
  650.6000	             -825
  650.8000	             -829
  651.0000	             -787
  651.2000	             -842
  651.4000	             -807
  651.6000	             -832
  651.8000	             -830
  652.0000	             -836
  652.2000	             -834
  652.4000	             -818
  652.6000	             -814
  652.8000	             -784
  653.0000	             -870
  653.2000	             -846
  653.4000	             -773
  653.6000	             -847
  653.8000	             -873
  654.0000	             -807
  654.2000	             -839
  654.4000	             -772
  654.6000	             -869
  654.8000	             -862
  655.0000	             -863
  655.2000	             -870
  655.4000	             -895
  655.6000	             -827
  655.8000	             -819
  656.0000	             -851
  656.2000	             -865
  656.4000	             -799
  656.6000	             -843
  656.8000	             -852
  657.0000	             -853
  657.2000	             -829
  657.4000	             -833
  657.6000	             -853
  657.8000	             -841
  658.0000	             -822
  658.2000	             -818
  658.4000	             -819
  658.6000	             -809
  658.8000	             -833
  659.0000	             -784
  659.2000	             -765
  659.4000	             -820
  659.6000	             -799
  659.8000	             -760
  660.0000	             -822
  660.2000	             -828
  660.4000	             -803
  660.6000	             -803
  660.8000	             -829
  661.0000	             -829
  661.2000	             -806
  661.4000	             -834
  661.6000	             -829
  661.8000	             -829
  662.0000	             -781
  662.2000	             -719
  662.4000	             -846
  662.6000	             -820
  662.8000	             -854
  663.0000	             -839
  663.2000	             -870
  663.4000	             -831
  663.6000	             -873
  663.8000	             -860
  664.0000	             -816
  664.2000	             -828
  664.4000	             -808
  664.6000	             -858
  664.8000	             -840
  665.0000	             -862
  665.2000	             -841
  665.4000	             -818
  665.6000	             -841
  665.8000	             -822
  666.0000	             -842
  666.2000	             -820
  666.4000	             -795
  666.6000	             -840
  666.8000	             -783
  667.0000	             -842
  667.2000	             -824
  667.4000	             -760
  667.6000	             -823
  667.8000	             -829
  668.0000	             -830
  668.2000	             -841
  668.4000	             -827
  668.6000	             -827
  668.8000	             -814
  669.0000	             -836
  669.2000	             -791
  669.4000	             -775
  669.6000	             -840
  669.8000	             -854
  670.0000	             -784
  670.2000	             -791
  670.4000	             -813
  670.6000	             -885
  670.8000	             -818
  671.0000	             -862
  671.2000	             -846
  671.4000	             -808
  671.6000	             -812
  671.8000	             -835
  672.0000	             -873
  672.2000	             -834
  672.4000	             -811
  672.6000	             -866
  672.8000	             -872
  673.0000	             -874
  673.2000	             -808
  673.4000	             -824
  673.6000	             -873
  673.8000	             -812
  674.0000	             -825
  674.2000	             -839
  674.4000	             -873
  674.6000	             -804
  674.8000	             -829
  675.0000	             -829
  675.2000	             -809
  675.4000	             -813
  675.6000	             -836
  675.8000	             -833
  676.0000	             -849
  676.2000	             -818
  676.4000	             -837
  676.6000	             -870
  676.8000	             -821
  677.0000	             -793
  677.2000	             -843
  677.4000	             -841
  677.6000	             -782
  677.8000	             -830
  678.0000	             -872
  678.2000	             -857
  678.4000	             -827
  678.6000	             -823
  678.8000	             -784
  679.0000	             -831
  679.2000	             -830
  679.4000	             -821
  679.6000	             -808
  679.8000	             -821
  680.0000	             -853
  680.2000	             -852
  680.4000	             -872
  680.6000	             -869
  680.8000	             -852
  681.0000	             -851
  681.2000	             -849
  681.4000	             -883
  681.6000	             -861
  681.8000	             -871
  682.0000	             -870
  682.2000	             -885
  682.4000	             -853
  682.6000	             -852
  682.8000	             -800
  683.0000	             -879
  683.2000	             -830
  683.4000	             -873
  683.6000	             -828
  683.8000	             -870
  684.0000	             -852
  684.2000	             -874
  684.4000	             -808
  684.6000	             -837
  684.8000	             -837
  685.0000	             -860
  685.2000	             -835
  685.4000	             -819
  685.6000	             -879
  685.8000	             -870
  686.0000	             -836
  686.2000	             -879
  686.4000	             -859
  686.6000	             -876
  686.8000	             -833
  687.0000	             -814
  687.2000	             -873
  687.4000	             -843
  687.6000	             -836
  687.8000	             -869
  688.0000	             -870
  688.2000	             -840
  688.4000	             -872
  688.6000	             -839
  688.8000	             -867
  689.0000	             -890
  689.2000	             -830
  689.4000	             -849
  689.6000	             -868
  689.8000	             -833
  690.0000	             -840
  690.2000	             -855
  690.4000	             -888
  690.6000	             -872
  690.8000	             -861
  691.0000	             -852
  691.2000	             -881
  691.4000	             -818
  691.6000	             -830
  691.8000	             -834
  692.0000	             -840
  692.2000	             -859
  692.4000	             -844
  692.6000	             -846
  692.8000	             -831
  693.0000	             -890
  693.2000	             -879
  693.4000	             -890
  693.6000	             -872
  693.8000	             -887
  694.0000	             -882
  694.2000	             -873
  694.4000	             -861
  694.6000	             -840
  694.8000	             -870
  695.0000	             -872
  695.2000	             -844
  695.4000	             -883
  695.6000	             -901
  695.8000	             -851
  696.0000	             -827
  696.2000	             -876
  696.4000	             -828
  696.6000	             -854
  696.8000	             -870
  697.0000	             -861
  697.2000	             -852
  697.4000	             -869
  697.6000	             -872
  697.8000	             -886
  698.0000	             -833
  698.2000	             -871
  698.4000	             -861
  698.6000	             -898
  698.8000	             -855
  699.0000	             -869
  699.2000	             -890
  699.4000	             -836
  699.6000	             -830
  699.8000	             -836
  700.0000	             -863
  700.2000	             -879
  700.4000	             -846
  700.6000	             -876
  700.8000	             -834
  701.0000	             -872
  701.2000	             -834
  701.4000	             -857
  701.6000	             -866
  701.8000	             -870
  702.0000	             -849
  702.2000	             -828
  702.4000	             -888
  702.6000	             -870
  702.8000	             -879
  703.0000	             -854
  703.2000	             -872
  703.4000	             -841
  703.6000	             -890
  703.8000	             -828
  704.0000	             -837
  704.2000	             -855
  704.4000	             -883
  704.6000	             -861
  704.8000	             -872
  705.0000	             -870
  705.2000	             -884
  705.4000	             -870
  705.6000	             -818
  705.8000	             -828
  706.0000	             -857
  706.2000	             -834
  706.4000	             -879
  706.6000	             -870
  706.8000	             -873
  707.0000	             -830
  707.2000	             -883
  707.4000	             -839
  707.6000	             -872
  707.8000	             -866
  708.0000	             -865
  708.2000	             -828
  708.4000	             -866
  708.6000	             -866
  708.8000	             -870
  709.0000	             -879
  709.2000	             -866
  709.4000	             -828
  709.6000	             -857
  709.8000	             -840
  710.0000	             -891
  710.2000	             -887
  710.4000	             -870
  710.6000	             -861
  710.8000	             -861
  711.0000	             -832
  711.2000	             -870
  711.4000	             -879
  711.6000	             -883
  711.8000	             -870
  712.0000	             -839
  712.2000	             -839
  712.4000	             -864
  712.6000	             -866
  712.8000	             -826
  713.0000	             -890
  713.2000	             -883
  713.4000	             -874
  713.6000	             -870
  713.8000	             -854
  714.0000	             -828
  714.2000	             -833
  714.4000	             -881
  714.6000	             -861
  714.8000	             -876
  715.0000	             -870
  715.2000	             -855
  715.4000	             -861
  715.6000	             -870
  715.8000	             -846
  716.0000	             -836
  716.2000	             -839
  716.4000	             -847
  716.6000	             -861
  716.8000	             -882
  717.0000	             -877
  717.2000	             -840
  717.4000	             -874
  717.6000	             -888
  717.8000	             -832
  718.0000	             -821
  718.2000	             -834
  718.4000	             -830
  718.6000	             -899
  718.8000	             -834
  719.0000	             -870
  719.2000	             -870
  719.4000	             -851
  719.6000	             -841
  719.8000	             -873
  720.0000	             -869
  720.2000	             -846
  720.4000	             -879
  720.6000	             -846
  720.8000	             -851
  721.0000	             -829
  721.2000	             -836
  721.4000	             -866
  721.6000	             -863
  721.8000	             -840
  722.0000	             -870
  722.2000	             -904
  722.4000	             -828
  722.6000	             -822
  722.8000	             -840
  723.0000	             -871
  723.2000	             -836
  723.4000	             -862
  723.6000	             -836
  723.8000	             -821
  724.0000	             -840
  724.2000	             -834
  724.4000	             -883
  724.6000	             -859
  724.8000	             -830
  725.0000	             -857
  725.2000	             -874
  725.4000	             -855
  725.6000	             -836
  725.8000	             -873
  726.0000	             -865
  726.2000	             -870
  726.4000	             -830
  726.6000	             -881
  726.8000	             -827
  727.0000	             -885
  727.2000	             -873
  727.4000	             -859
  727.6000	             -903
  727.8000	             -879
  728.0000	             -830
  728.2000	             -836
  728.4000	             -876
  728.6000	             -877
  728.8000	             -866
  729.0000	             -841
  729.2000	             -860
  729.4000	             -846
  729.6000	             -882
  729.8000	             -870
  730.0000	             -848
  730.2000	             -847
  730.4000	             -867
  730.6000	             -883
  730.8000	             -852
  731.0000	             -828
  731.2000	             -850
  731.4000	             -828
  731.6000	             -840
  731.8000	             -849
  732.0000	             -844
  732.2000	             -873
  732.4000	             -836
  732.6000	             -885
  732.8000	             -817
  733.0000	             -841
  733.2000	             -866
  733.4000	             -841
  733.6000	             -852
  733.8000	             -863
  734.0000	             -828
  734.2000	             -823
  734.4000	             -815
  734.6000	             -857
  734.8000	             -837
  735.0000	             -836
  735.2000	             -830
  735.4000	             -859
  735.6000	             -878
  735.8000	             -886
  736.0000	             -893
  736.2000	             -907
  736.4000	             -828
  736.6000	             -870
  736.8000	             -861
  737.0000	             -877
  737.2000	             -870
  737.4000	             -891
  737.6000	             -852
  737.8000	             -870
  738.0000	             -870
  738.2000	             -866
  738.4000	             -781
  738.6000	             -853
  738.8000	             -865
  739.0000	             -870
  739.2000	             -879
  739.4000	             -879
  739.6000	             -846
  739.8000	             -898
  740.0000	             -883
  740.2000	             -833
  740.4000	             -847
  740.6000	             -845
  740.8000	             -880
  741.0000	             -895
  741.2000	             -879
  741.4000	             -889
  741.6000	             -888
  741.8000	             -852
  742.0000	             -853
  742.2000	             -888
  742.4000	             -876
  742.6000	             -854
  742.8000	             -851
  743.0000	             -841
  743.2000	             -879
  743.4000	             -861
  743.6000	             -890
  743.8000	             -816
  744.0000	             -872
  744.2000	             -876
  744.4000	             -878
  744.6000	             -840
  744.8000	             -865
  745.0000	             -863
  745.2000	             -812
  745.4000	             -873
  745.6000	             -862
  745.8000	             -873
  746.0000	             -814
  746.2000	             -852
  746.4000	             -870
  746.6000	             -838
  746.8000	             -862
  747.0000	             -883
  747.2000	             -821
  747.4000	             -808
  747.6000	             -879
  747.8000	             -866
  748.0000	             -854
  748.2000	             -796
  748.4000	             -895
  748.6000	             -875
  748.8000	             -870
  749.0000	             -831
  749.2000	             -879
  749.4000	             -829
  749.6000	             -837
  749.8000	             -866
  750.0000	             -885
  750.2000	             -807
  750.4000	             -392
  750.6000	             -879
  750.8000	             -881
  751.0000	             -847
  751.2000	             -888
  751.4000	             -758
  751.6000	             -879
  751.8000	             -854
  752.0000	             -888
  752.2000	             -873
  752.4000	             -889
  752.6000	             -879
  752.8000	             -859
  753.0000	             -881
  753.2000	             -832
  753.4000	             -877
  753.6000	             -888
  753.8000	             -832
  754.0000	             -836
  754.2000	             -871
  754.4000	             -847
  754.6000	             -879
  754.8000	             -893
  755.0000	             -859
  755.2000	             -885
  755.4000	             -879
  755.6000	             -883
  755.8000	             -832
  756.0000	             -883
  756.2000	             -825
  756.4000	             -870
  756.6000	             -870
  756.8000	             -861
  757.0000	             -840
  757.2000	             -882
  757.4000	             -852
  757.6000	             -827
  757.8000	             -862
  758.0000	             -865
  758.2000	             -879
  758.4000	             -826
  758.6000	             -864
  758.8000	             -884
  759.0000	             -828
  759.2000	             -879
  759.4000	             -830
  759.6000	             -830
  759.8000	             -828
  760.0000	             -830
  760.2000	             -851
  760.4000	             -828
  760.6000	             -874
  760.8000	             -821
  761.0000	             -873
  761.2000	             -859
  761.4000	             -839
  761.6000	             -870
  761.8000	             -870
  762.0000	             -866
  762.2000	             -859
  762.4000	             -841
  762.6000	             -860
  762.8000	             -848
  763.0000	             -880
  763.2000	             -870
  763.4000	             -786
  763.6000	             -881
  763.8000	             -872
  764.0000	             -841
  764.2000	             -841
  764.4000	             -885
  764.6000	             -861
  764.8000	             -838
  765.0000	             -888
  765.2000	             -885
  765.4000	             -861
  765.6000	             -879
  765.8000	             -869
  766.0000	             -841
  766.2000	             -888
  766.4000	             -841
  766.6000	             -879
  766.8000	             -853
  767.0000	             -866
  767.2000	             -859
  767.4000	             -879
  767.6000	             -828
  767.8000	             -879
  768.0000	             -882
  768.2000	             -818
  768.4000	             -862
  768.6000	             -846
  768.8000	             -859
  769.0000	             -836
  769.2000	             -817
  769.4000	             -885
  769.6000	             -841
  769.8000	             -828
  770.0000	             -822
  770.2000	             -813
  770.4000	             -861
  770.6000	             -843
  770.8000	             -860
  771.0000	             -831
  771.2000	             -822
  771.4000	             -824
  771.6000	             -870
  771.8000	             -805
  772.0000	             -871
  772.2000	             -862
  772.4000	             -786
  772.6000	             -807
  772.8000	             -866
  773.0000	             -830
  773.2000	             -864
  773.4000	             -841
  773.6000	             -839
  773.8000	             -838
  774.0000	             -855
  774.2000	             -907
  774.4000	             -820
  774.6000	             -841
  774.8000	             -814
  775.0000	             -859
  775.2000	             -786
  775.4000	             -888
  775.6000	             -856
  775.8000	             -902
  776.0000	             -853
  776.2000	             -868
  776.4000	             -844
  776.6000	             -859
  776.8000	             -847
  777.0000	             -865
  777.2000	             -838
  777.4000	             -884
  777.6000	             -864
  777.8000	             -889
  778.0000	             -886
  778.2000	             -869
  778.4000	             -879
  778.6000	             -900
  778.8000	             -873
  779.0000	             -889
  779.2000	             -854
  779.4000	             -880
  779.6000	             -869
  779.8000	             -864
  780.0000	             -848
  780.2000	             -867
  780.4000	             -854
  780.6000	             -888
  780.8000	             -847
  781.0000	             -890
  781.2000	             -880
  781.4000	             -889
  781.6000	             -867
  781.8000	             -835
  782.0000	             -897
  782.2000	             -870
  782.4000	             -859
  782.6000	             -887
  782.8000	             -869
  783.0000	             -897
  783.2000	             -879
  783.4000	             -841
  783.6000	             -896
  783.8000	             -838
  784.0000	             -846
  784.2000	             -856
  784.4000	             -859
  784.6000	             -877
  784.8000	             -848
  785.0000	             -874
  785.2000	             -862
  785.4000	             -841
  785.6000	             -841
  785.8000	             -888
  786.0000	             -896
  786.2000	             -841
  786.4000	             -867
  786.6000	             -911
  786.8000	             -873
  787.0000	             -843
  787.2000	             -887
  787.4000	             -889
  787.6000	             -872
  787.8000	             -888
  788.0000	             -871
  788.2000	             -895
  788.4000	             -871
  788.6000	             -920
  788.8000	             -890
  789.0000	             -889
  789.2000	             -913
  789.4000	             -856
  789.6000	             -874
  789.8000	             -865
  790.0000	             -894
  790.2000	             -873
  790.4000	             -920
  790.6000	             -894
  790.8000	             -896
  791.0000	             -898
  791.2000	             -894
  791.4000	             -863
  791.6000	             -862
  791.8000	             -869
  792.0000	             -848
  792.2000	             -879
  792.4000	             -901
  792.6000	             -900
  792.8000	             -888
  793.0000	             -843
  793.2000	             -884
  793.4000	             -913
  793.6000	             -890
  793.8000	             -835
  794.0000	             -898
  794.2000	             -885
  794.4000	             -871
  794.6000	             -889
  794.8000	             -860
  795.0000	             -894
  795.2000	             -883
  795.4000	             -858
  795.6000	             -888
  795.8000	             -871
  796.0000	             -870
  796.2000	             -871
  796.4000	             -871
  796.6000	             -881
  796.8000	             -869
  797.0000	             -888
  797.2000	             -897
  797.4000	             -857
  797.6000	             -896
  797.8000	             -864
  798.0000	             -895
  798.2000	             -869
  798.4000	             -899
  798.6000	             -900
  798.8000	             -895
  799.0000	             -841
  799.2000	             -881
  799.4000	             -896
  799.6000	             -889
  799.8000	             -879
  800.0000	             -871
  800.2000	             -894
  800.4000	             -902
  800.6000	             -870
  800.8000	             -879
  801.0000	             -888
  801.2000	             -869
  801.4000	             -884
  801.6000	             -846
  801.8000	             -889
  802.0000	             -866
  802.2000	             -880
  802.4000	             -881
  802.6000	             -894
  802.8000	             -874
  803.0000	             -862
  803.2000	             -846
  803.4000	             -903
  803.6000	             -898
  803.8000	             -888
  804.0000	             -893
  804.2000	             -899
  804.4000	             -889
  804.6000	             -867
  804.8000	             -889
  805.0000	             -848
