  500.0000	             -873
  500.2000	             -856
  500.4000	             -863
  500.6000	             -835
  500.8000	             -866
  501.0000	             -814
  501.2000	             -811
  501.4000	             -828
  501.6000	             -848
  501.8000	             -848
  502.0000	             -811
  502.2000	             -810
  502.4000	             -841
  502.6000	             -818
  502.8000	             -841
  503.0000	             -767
  503.2000	             -807
  503.4000	             -840
  503.6000	             -833
  503.8000	             -816
  504.0000	             -814
  504.2000	             -837
  504.4000	             -820
  504.6000	             -825
  504.8000	             -849
  505.0000	             -836
  505.2000	             -837
  505.4000	             -841
  505.6000	             -824
  505.8000	             -859
  506.0000	             -760
  506.2000	             -832
  506.4000	             -782
  506.6000	             -803
  506.8000	             -856
  507.0000	             -868
  507.2000	             -852
  507.4000	             -845
  507.6000	             -841
  507.8000	             -861
  508.0000	             -842
  508.2000	             -825
  508.4000	             -815
  508.6000	             -870
  508.8000	             -834
  509.0000	             -860
  509.2000	             -839
  509.4000	             -796
  509.6000	             -805
  509.8000	             -841
  510.0000	             -873
  510.2000	             -825
  510.4000	             -829
  510.6000	             -837
  510.8000	             -822
  511.0000	             -870
  511.2000	             -826
  511.4000	             -841
  511.6000	             -801
  511.8000	             -833
  512.0000	             -818
  512.2000	             -818
  512.4000	             -831
  512.6000	             -842
  512.8000	             -840
  513.0000	             -818
  513.2000	             -860
  513.4000	             -843
  513.6000	             -814
  513.8000	             -829
  514.0000	             -839
  514.2000	             -822
  514.4000	             -849
  514.6000	             -821
  514.8000	             -838
  515.0000	             -797
  515.2000	             -833
  515.4000	             -765
  515.6000	             -837
  515.8000	             -782
  516.0000	             -834
  516.2000	             -781
  516.4000	             -835
  516.6000	             -791
  516.8000	             -843
  517.0000	             -852
  517.2000	             -830
  517.4000	             -822
  517.6000	             -806
  517.8000	             -824
  518.0000	             -820
  518.2000	             -769
  518.4000	             -781
  518.6000	             -839
  518.8000	             -769
  519.0000	             -836
  519.2000	             -822
  519.4000	             -811
  519.6000	             -771
  519.8000	             -818
  520.0000	             -846
  520.2000	             -846
  520.4000	             -817
  520.6000	             -834
  520.8000	             -768
  521.0000	             -865
  521.2000	             -779
  521.4000	             -828
  521.6000	             -839
  521.8000	             -865
  522.0000	             -809
  522.2000	             -837
  522.4000	             -819
  522.6000	             -843
  522.8000	             -809
  523.0000	             -807
  523.2000	             -819
  523.4000	             -865
  523.6000	             -821
  523.8000	             -841
  524.0000	             -821
  524.2000	             -804
  524.4000	             -841
  524.6000	             -864
  524.8000	             -859
  525.0000	             -819
  525.2000	             -824
  525.4000	             -819
  525.6000	             -866
  525.8000	             -873
  526.0000	             -862
  526.2000	             -830
  526.4000	             -830
  526.6000	             -811
  526.8000	             -862
  527.0000	             -871
  527.2000	             -862
  527.4000	             -853
  527.6000	             -830
  527.8000	             -866
  528.0000	             -862
  528.2000	             -828
  528.4000	             -870
  528.6000	             -834
  528.8000	             -825
  529.0000	             -871
  529.2000	             -836
  529.4000	             -821
  529.6000	             -887
  529.8000	             -852
  530.0000	             -805
  530.2000	             -808
  530.4000	             -859
  530.6000	             -841
  530.8000	             -861
  531.0000	             -857
  531.2000	             -862
  531.4000	             -817
  531.6000	             -872
  531.8000	             -835
  532.0000	             -830
  532.2000	             -871
  532.4000	             -834
  532.6000	             -874
  532.8000	             -856
  533.0000	             -885
  533.2000	             -854
  533.4000	             -865
  533.6000	             -839
  533.8000	             -807
  534.0000	             -860
  534.2000	             -854
  534.4000	             -860
  534.6000	             -865
  534.8000	             -852
  535.0000	             -843
  535.2000	             -829
  535.4000	             -843
  535.6000	             -862
  535.8000	             -816
  536.0000	             -824
  536.2000	             -846
  536.4000	             -826
  536.6000	             -816
  536.8000	             -844
  537.0000	             -865
  537.2000	             -774
  537.4000	             -870
  537.6000	             -824
  537.8000	             -841
  538.0000	             -802
  538.2000	             -810
  538.4000	             -818
  538.6000	             -818
  538.8000	             -842
  539.0000	             -824
  539.2000	             -842
  539.4000	             -800
  539.6000	             -828
  539.8000	             -824
  540.0000	             -842
  540.2000	             -829
  540.4000	             -840
  540.6000	             -796
  540.8000	             -860
  541.0000	             -837
  541.2000	             -860
  541.4000	             -809
  541.6000	             -835
  541.8000	             -786
  542.0000	             -824
  542.2000	             -787
  542.4000	             -826
  542.6000	             -808
  542.8000	             -836
  543.0000	             -859
  543.2000	             -794
  543.4000	             -825
  543.6000	             -758
  543.8000	             -852
  544.0000	             -824
  544.2000	             -797
  544.4000	             -831
  544.6000	             -817
  544.8000	             -831
  545.0000	             -848
  545.2000	             -814
  545.4000	             -838
  545.6000	             -802
  545.8000	             -774
  546.0000	             -825
  546.2000	             -842
  546.4000	             -842
  546.6000	             -820
  546.8000	             -784
  547.0000	             -818
  547.2000	             -803
  547.4000	             -841
  547.6000	             -814
  547.8000	             -767
  548.0000	             -853
  548.2000	             -837
  548.4000	             -796
  548.6000	             -833
  548.8000	             -817
  549.0000	             -839
  549.2000	             -845
  549.4000	             -795
  549.6000	             -849
  549.8000	             -825
  550.0000	             -815
  550.2000	             -839
  550.4000	             -839
  550.6000	             -823
  550.8000	             -818
  551.0000	             -842
  551.2000	             -842
  551.4000	             -785
  551.6000	             -814
  551.8000	             -837
  552.0000	             -861
  552.2000	             -799
  552.4000	             -835
  552.6000	             -839
  552.8000	             -859
  553.0000	             -854
  553.2000	             -853
  553.4000	             -831
  553.6000	             -809
  553.8000	             -821
  554.0000	             -801
  554.2000	             -860
  554.4000	             -835
  554.6000	             -860
  554.8000	             -827
  555.0000	             -839
  555.2000	             -845
  555.4000	             -862
  555.6000	             -840
  555.8000	             -820
  556.0000	             -834
  556.2000	             -818
  556.4000	             -873
  556.6000	             -839
  556.8000	             -859
  557.0000	             -860
  557.2000	             -868
  557.4000	             -870
  557.6000	             -818
  557.8000	             -871
  558.0000	             -871
  558.2000	             -861
  558.4000	             -843
  558.6000	             -867
  558.8000	             -854
  559.0000	             -873
  559.2000	             -859
  559.4000	             -862
  559.6000	             -847
  559.8000	             -863
  560.0000	             -828
  560.2000	             -839
  560.4000	             -861
  560.6000	             -861
  560.8000	             -831
  561.0000	             -863
  561.2000	             -870
  561.4000	             -807
  561.6000	             -859
  561.8000	             -828
  562.0000	             -870
  562.2000	             -884
  562.4000	             -873
  562.6000	             -879
  562.8000	             -847
  563.0000	             -819
  563.2000	             -879
  563.4000	             -836
  563.6000	             -825
  563.8000	             -883
  564.0000	             -836
  564.2000	             -877
  564.4000	             -883
  564.6000	             -873
  564.8000	             -840
  565.0000	             -828
  565.2000	             -808
  565.4000	             -866
  565.6000	             -846
  565.8000	             -883
  566.0000	             -839
  566.2000	             -886
  566.4000	             -834
  566.6000	             -893
  566.8000	             -862
  567.0000	             -812
  567.2000	             -866
  567.4000	             -868
  567.6000	             -873
  567.8000	             -873
  568.0000	             -851
  568.2000	             -859
  568.4000	             -819
  568.6000	             -872
  568.8000	             -856
  569.0000	             -870
  569.2000	             -828
  569.4000	             -839
  569.6000	             -800
  569.8000	             -839
  570.0000	             -811
  570.2000	             -882
  570.4000	             -824
  570.6000	             -825
  570.8000	             -885
  571.0000	             -854
  571.2000	             -848
  571.4000	             -841
  571.6000	             -810
  571.8000	             -817
  572.0000	             -792
  572.2000	             -843
  572.4000	             -824
  572.6000	             -777
  572.8000	             -800
  573.0000	             -776
  573.2000	             -806
  573.4000	             -781
  573.6000	             -791
  573.8000	             -803
  574.0000	             -780
  574.2000	             -765
  574.4000	             -779
  574.6000	             -785
  574.8000	             -755
  575.0000	             -816
  575.2000	             -795
  575.4000	             -748
  575.6000	             -837
  575.8000	             -828
  576.0000	             -833
  576.2000	             -829
  576.4000	             -829
  576.6000	             -829
  576.8000	             -771
  577.0000	             -785
  577.2000	             -807
  577.4000	             -795
  577.6000	             -771
  577.8000	             -753
  578.0000	             -763
  578.2000	             -756
  578.4000	             -725
  578.6000	             -804
  578.8000	             -768
  579.0000	             -763
  579.2000	             -735
  579.4000	             -755
  579.6000	             -676
  579.8000	             -803
  580.0000	             -753
  580.2000	             -780
  580.4000	             -722
  580.6000	             -794
  580.8000	             -814
  581.0000	             -793
  581.2000	             -783
  581.4000	             -783
  581.6000	             -802
  581.8000	             -810
  582.0000	             -755
  582.2000	             -799
  582.4000	             -735
  582.6000	             -765
  582.8000	             -776
  583.0000	             -710
  583.2000	             -761
  583.4000	             -778
  583.6000	             -816
  583.8000	             -739
  584.0000	             -778
  584.2000	             -716
  584.4000	             -777
  584.6000	             -713
  584.8000	             -770
  585.0000	             -789
  585.2000	             -786
  585.4000	             -705
  585.6000	             -841
  585.8000	             -783
  586.0000	             -768
  586.2000	             -808
  586.4000	             -785
  586.6000	             -779
  586.8000	             -804
  587.0000	             -777
  587.2000	             -763
  587.4000	             -766
  587.6000	             -761
  587.8000	             -762
  588.0000	             -790
  588.2000	             -723
  588.4000	             -748
  588.6000	             -755
  588.8000	             -787
  589.0000	             -787
  589.2000	             -763
  589.4000	             -721
  589.6000	             -776
  589.8000	             -705
  590.0000	             -794
  590.2000	             -765
  590.4000	             -745
  590.6000	             -776
  590.8000	             -831
  591.0000	             -825
  591.2000	             -827
  591.4000	             -765
  591.6000	             -825
  591.8000	             -813
  592.0000	             -814
  592.2000	             -806
  592.4000	             -776
  592.6000	             -794
  592.8000	             -785
  593.0000	             -795
  593.2000	             -771
  593.4000	             -749
  593.6000	             -751
  593.8000	             -771
  594.0000	             -802
  594.2000	             -804
  594.4000	             -793
  594.6000	             -778
  594.8000	             -785
  595.0000	             -756
  595.2000	             -788
  595.4000	             -784
  595.6000	             -785
  595.8000	             -676
  596.0000	             -809
  596.2000	             -833
  596.4000	             -772
  596.6000	             -806
  596.8000	             -808
  597.0000	             -817
  597.2000	             -775
  597.4000	             -783
  597.6000	             -797
  597.8000	             -833
  598.0000	             -828
  598.2000	             -768
  598.4000	             -770
  598.6000	             -799
  598.8000	             -759
  599.0000	             -828
  599.2000	             -829
  599.4000	             -829
  599.6000	             -791
  599.8000	             -791
  600.0000	             -758
  600.2000	             -784
  600.4000	             -796
  600.6000	             -797
  600.8000	             -830
  601.0000	             -800
  601.2000	             -752
  601.4000	             -833
  601.6000	             -841
  601.8000	             -810
  602.0000	             -814
  602.2000	             -818
  602.4000	             -841
  602.6000	             -818
  602.8000	             -841
  603.0000	             -836
  603.2000	             -840
  603.4000	             -822
  603.6000	             -756
  603.8000	             -781
  604.0000	             -822
  604.2000	             -859
  604.4000	             -791
  604.6000	             -860
  604.8000	             -835
  605.0000	             -839
  605.2000	             -808
  605.4000	             -839
  605.6000	             -832
  605.8000	             -838
  606.0000	             -838
  606.2000	             -824
  606.4000	             -857
  606.6000	             -855
  606.8000	             -809
  607.0000	             -870
  607.2000	             -830
  607.4000	             -862
  607.6000	             -817
  607.8000	             -862
  608.0000	             -830
  608.2000	             -873
  608.4000	             -791
  608.6000	             -828
  608.8000	             -836
  609.0000	             -854
  609.2000	             -872
  609.4000	             -873
  609.6000	             -838
  609.8000	             -814
  610.0000	             -840
  610.2000	             -835
  610.4000	             -814
  610.6000	             -836
  610.8000	             -834
  611.0000	             -826
  611.2000	             -831
  611.4000	             -799
  611.6000	             -869
  611.8000	             -841
  612.0000	             -843
  612.2000	             -840
  612.4000	             -873
  612.6000	             -859
  612.8000	             -832
  613.0000	             -828
  613.2000	             -890
  613.4000	             -871
  613.6000	             -869
  613.8000	             -861
  614.0000	             -840
  614.2000	             -875
  614.4000	             -867
  614.6000	             -873
  614.8000	             -861
  615.0000	             -872
  615.2000	             -853
  615.4000	             -847
  615.6000	             -869
  615.8000	             -819
  616.0000	             -873
  616.2000	             -828
  616.4000	             -875
  616.6000	             -846
  616.8000	             -866
  617.0000	             -828
  617.2000	             -836
  617.4000	             -833
  617.6000	             -834
  617.8000	             -836
  618.0000	             -836
  618.2000	             -862
  618.4000	             -872
  618.6000	             -865
  618.8000	             -832
  619.0000	             -854
  619.2000	             -876
  619.4000	             -893
  619.6000	             -862
  619.8000	             -830
  620.0000	             -837
  620.2000	             -870
  620.4000	             -869
  620.6000	             -861
  620.8000	             -835
  621.0000	             -852
  621.2000	             -866
  621.4000	             -799
  621.6000	             -831
  621.8000	             -859
  622.0000	             -800
  622.2000	             -842
  622.4000	             -866
  622.6000	             -854
  622.8000	             -867
  623.0000	             -842
  623.2000	             -830
  623.4000	             -862
  623.6000	             -857
  623.8000	             -866
  624.0000	             -866
  624.2000	             -848
  624.4000	             -870
  624.6000	             -817
  624.8000	             -862
  625.0000	             -842
  625.2000	             -824
  625.4000	             -840
  625.6000	             -884
  625.8000	             -830
  626.0000	             -830
  626.2000	             -817
  626.4000	             -873
  626.6000	             -818
  626.8000	             -836
  627.0000	             -825
  627.2000	             -854
  627.4000	             -872
  627.6000	             -866
  627.8000	             -873
  628.0000	             -841
  628.2000	             -805
  628.4000	             -856
  628.6000	             -839
  628.8000	             -837
  629.0000	             -860
  629.2000	             -841
  629.4000	             -829
  629.6000	             -828
  629.8000	             -853
  630.0000	             -796
  630.2000	             -843
  630.4000	             -821
  630.6000	             -806
  630.8000	             -849
  631.0000	             -828
  631.2000	             -837
  631.4000	             -868
  631.6000	             -806
  631.8000	             -808
  632.0000	             -853
  632.2000	             -829
  632.4000	             -887
  632.6000	             -858
  632.8000	             -811
  633.0000	             -870
  633.2000	             -856
  633.4000	             -862
  633.6000	             -873
  633.8000	             -873
  634.0000	             -872
  634.2000	             -815
  634.4000	             -824
  634.6000	             -879
  634.8000	             -863
  635.0000	             -813
  635.2000	             -828
  635.4000	             -804
  635.6000	             -831
  635.8000	             -795
  636.0000	             -818
  636.2000	             -842
  636.4000	             -806
  636.6000	             -822
  636.8000	             -834
  637.0000	             -841
  637.2000	             -813
  637.4000	             -799
  637.6000	             -806
  637.8000	             -799
  638.0000	             -813
  638.2000	             -840
  638.4000	             -803
  638.6000	             -841
  638.8000	             -819
  639.0000	             -853
  639.2000	             -828
  639.4000	             -796
  639.6000	             -828
  639.8000	             -788
  640.0000	             -871
  640.2000	             -873
  640.4000	             -836
  640.6000	             -841
  640.8000	             -839
  641.0000	             -840
  641.2000	             -869
  641.4000	             -791
  641.6000	             -862
  641.8000	             -819
  642.0000	             -817
  642.2000	             -860
  642.4000	             -855
  642.6000	             -791
  642.8000	             -803
  643.0000	             -814
  643.2000	             -779
  643.4000	             -776
  643.6000	             -787
  643.8000	             -811
  644.0000	             -815
  644.2000	             -810
  644.4000	             -828
  644.6000	             -822
  644.8000	             -824
  645.0000	             -818
  645.2000	             -803
  645.4000	             -833
  645.6000	             -771
  645.8000	             -787
  646.0000	             -841
  646.2000	             -815
  646.4000	             -794
  646.6000	             -824
  646.8000	             -805
  647.0000	             -856
  647.2000	             -821
  647.4000	             -872
  647.6000	             -811
  647.8000	             -846
  648.0000	             -841
  648.2000	             -809
  648.4000	             -836
  648.6000	             -872
  648.8000	             -854
  649.0000	             -857
  649.2000	             -850
  649.4000	             -849
  649.6000	             -839
  649.8000	             -806
  650.0000	             -806
  650.2000	             -823
  650.4000	             -797
  650.6000	             -820
  650.8000	             -783
  651.0000	             -790
  651.2000	             -803
  651.4000	             -781
  651.6000	             -786
  651.8000	             -814
  652.0000	             -784
  652.2000	             -823
  652.4000	             -814
  652.6000	             -761
  652.8000	             -813
  653.0000	             -831
  653.2000	             -758
  653.4000	             -769
  653.6000	             -818
  653.8000	             -828
  654.0000	             -793
  654.2000	             -791
  654.4000	             -769
  654.6000	             -841
  654.8000	             -841
  655.0000	             -808
  655.2000	             -826
  655.4000	             -815
  655.6000	             -863
  655.8000	             -854
  656.0000	             -841
  656.2000	             -857
  656.4000	             -818
  656.6000	             -841
  656.8000	             -862
  657.0000	             -814
  657.2000	             -768
  657.4000	             -815
  657.6000	             -832
  657.8000	             -822
  658.0000	             -819
  658.2000	             -822
  658.4000	             -825
  658.6000	             -765
  658.8000	             -812
  659.0000	             -776
  659.2000	             -757
  659.4000	             -765
  659.6000	             -815
  659.8000	             -764
  660.0000	             -774
  660.2000	             -774
  660.4000	             -797
  660.6000	             -824
  660.8000	             -822
  661.0000	             -780
  661.2000	             -743
  661.4000	             -829
  661.6000	             -818
  661.8000	             -841
  662.0000	             -822
  662.2000	             -768
  662.4000	             -839
  662.6000	             -831
  662.8000	             -806
  663.0000	             -810
  663.2000	             -870
  663.4000	             -831
  663.6000	             -860
  663.8000	             -833
  664.0000	             -818
  664.2000	             -819
  664.4000	             -868
  664.6000	             -841
  664.8000	             -870
  665.0000	             -859
  665.2000	             -821
  665.4000	             -829
  665.6000	             -824
  665.8000	             -840
  666.0000	             -829
  666.2000	             -841
  666.4000	             -775
  666.6000	             -829
  666.8000	             -781
  667.0000	             -830
  667.2000	             -824
  667.4000	             -797
  667.6000	             -777
  667.8000	             -850
  668.0000	             -838
  668.2000	             -825
  668.4000	             -815
  668.6000	             -814
  668.8000	             -765
  669.0000	             -827
  669.2000	             -791
  669.4000	             -771
  669.6000	             -805
  669.8000	             -846
  670.0000	             -839
  670.2000	             -824
  670.4000	             -793
  670.6000	             -840
  670.8000	             -884
  671.0000	             -866
  671.2000	             -862
  671.4000	             -858
  671.6000	             -818
  671.8000	             -836
  672.0000	             -852
  672.2000	             -800
  672.4000	             -877
  672.6000	             -883
  672.8000	             -879
  673.0000	             -830
  673.2000	             -873
  673.4000	             -852
  673.6000	             -827
  673.8000	             -862
  674.0000	             -853
  674.2000	             -814
  674.4000	             -824
  674.6000	             -841
  674.8000	             -841
  675.0000	             -828
  675.2000	             -824
  675.4000	             -833
  675.6000	             -829
  675.8000	             -830
  676.0000	             -854
  676.2000	             -872
  676.4000	             -836
  676.6000	             -801
  676.8000	             -846
  677.0000	             -793
  677.2000	             -820
  677.4000	             -834
  677.6000	             -833
  677.8000	             -824
  678.0000	             -874
  678.2000	             -834
  678.4000	             -873
  678.6000	             -845
  678.8000	             -814
  679.0000	             -847
  679.2000	             -840
  679.4000	             -859
  679.6000	             -874
  679.8000	             -872
  680.0000	             -877
  680.2000	             -861
  680.4000	             -836
  680.6000	             -862
  680.8000	             -890
  681.0000	             -846
  681.2000	             -876
  681.4000	             -840
  681.6000	             -840
  681.8000	             -883
  682.0000	             -837
  682.2000	             -829
  682.4000	             -875
  682.6000	             -879
  682.8000	             -884
  683.0000	             -866
  683.2000	             -828
  683.4000	             -839
  683.6000	             -865
  683.8000	             -879
  684.0000	             -853
  684.2000	             -866
  684.4000	             -834
  684.6000	             -854
  684.8000	             -834
  685.0000	             -866
  685.2000	             -879
  685.4000	             -883
  685.6000	             -883
  685.8000	             -853
  686.0000	             -887
  686.2000	             -826
  686.4000	             -821
  686.6000	             -840
  686.8000	             -851
  687.0000	             -869
  687.2000	             -882
  687.4000	             -852
  687.6000	             -858
  687.8000	             -845
  688.0000	             -840
  688.2000	             -832
  688.4000	             -881
  688.6000	             -873
  688.8000	             -881
  689.0000	             -848
  689.2000	             -876
  689.4000	             -900
  689.6000	             -866
  689.8000	             -841
  690.0000	             -866
  690.2000	             -834
  690.4000	             -879
  690.6000	             -867
  690.8000	             -880
  691.0000	             -841
  691.2000	             -840
  691.4000	             -872
  691.6000	             -879
  691.8000	             -879
  692.0000	             -838
  692.2000	             -841
  692.4000	             -840
  692.6000	             -853
  692.8000	             -847
  693.0000	             -868
  693.2000	             -884
  693.4000	             -841
  693.6000	             -848
  693.8000	             -893
  694.0000	             -859
  694.2000	             -841
  694.4000	             -896
  694.6000	             -893
  694.8000	             -840
  695.0000	             -879
  695.2000	             -862
  695.4000	             -888
  695.6000	             -873
  695.8000	             -839
  696.0000	             -859
  696.2000	             -863
  696.4000	             -853
  696.6000	             -809
  696.8000	             -893
  697.0000	             -873
  697.2000	             -873
  697.4000	             -848
  697.6000	             -873
  697.8000	             -879
  698.0000	             -872
  698.2000	             -885
  698.4000	             -888
  698.6000	             -833
  698.8000	             -888
  699.0000	             -875
  699.2000	             -885
  699.4000	             -896
  699.6000	             -869
  699.8000	             -868
  700.0000	             -828
  700.2000	             -859
  700.4000	             -847
  700.6000	             -847
  700.8000	             -889
  701.0000	             -868
  701.2000	             -854
  701.4000	             -887
  701.6000	             -907
  701.8000	             -881
  702.0000	             -874
  702.2000	             -880
  702.4000	             -859
  702.6000	             -907
  702.8000	             -874
  703.0000	             -885
  703.2000	             -859
  703.4000	             -888
  703.6000	             -903
  703.8000	             -881
  704.0000	             -868
  704.2000	             -876
  704.4000	             -874
  704.6000	             -879
  704.8000	             -862
  705.0000	             -849
  705.2000	             -869
  705.4000	             -841
  705.6000	             -898
  705.8000	             -878
  706.0000	             -883
  706.2000	             -853
  706.4000	             -870
  706.6000	             -830
  706.8000	             -887
  707.0000	             -859
  707.2000	             -859
  707.4000	             -841
  707.6000	             -879
  707.8000	             -841
  708.0000	             -894
  708.2000	             -876
  708.4000	             -895
  708.6000	             -869
  708.8000	             -869
  709.0000	             -859
  709.2000	             -873
  709.4000	             -879
  709.6000	             -862
  709.8000	             -881
  710.0000	             -884
  710.2000	             -863
  710.4000	             -895
  710.6000	             -840
  710.8000	             -868
  711.0000	             -888
  711.2000	             -869
  711.4000	             -879
  711.6000	             -846
  711.8000	             -870
  712.0000	             -846
  712.2000	             -861
  712.4000	             -842
  712.6000	             -888
  712.8000	             -874
  713.0000	             -846
  713.2000	             -840
  713.4000	             -847
  713.6000	             -887
  713.8000	             -885
  714.0000	             -890
  714.2000	             -886
  714.4000	             -879
  714.6000	             -876
  714.8000	             -856
  715.0000	             -885
  715.2000	             -861
  715.4000	             -839
  715.6000	             -859
  715.8000	             -884
  716.0000	             -846
  716.2000	             -859
  716.4000	             -840
  716.6000	             -902
  716.8000	             -848
  717.0000	             -847
  717.2000	             -888
  717.4000	             -870
  717.6000	             -832
  717.8000	             -831
  718.0000	             -856
  718.2000	             -869
  718.4000	             -841
  718.6000	             -892
  718.8000	             -847
  719.0000	             -879
  719.2000	             -854
  719.4000	             -899
  719.6000	             -831
  719.8000	             -876
  720.0000	             -855
  720.2000	             -873
  720.4000	             -872
  720.6000	             -885
  720.8000	             -888
  721.0000	             -877
  721.2000	             -853
  721.4000	             -866
  721.6000	             -877
  721.8000	             -849
  722.0000	             -907
  722.2000	             -846
  722.4000	             -862
  722.6000	             -849
  722.8000	             -833
  723.0000	             -834
  723.2000	             -834
  723.4000	             -854
  723.6000	             -865
  723.8000	             -831
  724.0000	             -882
  724.2000	             -870
  724.4000	             -883
  724.6000	             -858
  724.8000	             -870
  725.0000	             -879
  725.2000	             -856
  725.4000	             -859
  725.6000	             -830
  725.8000	             -872
  726.0000	             -836
  726.2000	             -866
  726.4000	             -861
  726.6000	             -836
  726.8000	             -841
  727.0000	             -866
  727.2000	             -873
  727.4000	             -870
  727.6000	             -841
  727.8000	             -893
  728.0000	             -899
  728.2000	             -887
  728.4000	             -884
  728.6000	             -859
  728.8000	             -891
  729.0000	             -869
  729.2000	             -846
  729.4000	             -840
  729.6000	             -881
  729.8000	             -853
  730.0000	             -880
  730.2000	             -883
  730.4000	             -869
  730.6000	             -873
  730.8000	             -839
  731.0000	             -827
  731.2000	             -834
  731.4000	             -828
  731.6000	             -879
  731.8000	             -879
  732.0000	             -864
  732.2000	             -882
  732.4000	             -828
  732.6000	             -838
  732.8000	             -831
  733.0000	             -840
  733.2000	             -828
  733.4000	             -872
  733.6000	             -872
  733.8000	             -861
  734.0000	             -886
  734.2000	             -828
  734.4000	             -819
  734.6000	             -828
  734.8000	             -883
  735.0000	             -819
  735.2000	             -872
  735.4000	             -885
  735.6000	             -857
  735.8000	             -862
  736.0000	             -879
  736.2000	             -866
  736.4000	             -873
  736.6000	             -873
  736.8000	             -878
  737.0000	             -862
  737.2000	             -873
  737.4000	             -854
  737.6000	             -848
  737.8000	             -879
  738.0000	             -896
  738.2000	             -837
  738.4000	             -838
  738.6000	             -820
  738.8000	             -873
  739.0000	             -878
  739.2000	             -832
  739.4000	             -844
  739.6000	             -855
  739.8000	             -885
  740.0000	             -872
  740.2000	             -876
  740.4000	             -864
  740.6000	             -895
  740.8000	             -828
  741.0000	             -845
  741.2000	             -879
  741.4000	             -853
  741.6000	             -841
  741.8000	             -869
  742.0000	             -877
  742.2000	             -869
  742.4000	             -866
  742.6000	             -883
  742.8000	             -883
  743.0000	             -870
  743.2000	             -861
  743.4000	             -866
  743.6000	             -842
  743.8000	             -861
  744.0000	             -883
  744.2000	             -858
  744.4000	             -872
  744.6000	             -870
  744.8000	             -866
  745.0000	             -854
  745.2000	             -830
  745.4000	             -879
  745.6000	             -869
  745.8000	             -823
  746.0000	             -814
  746.2000	             -879
  746.4000	             -828
  746.6000	             -805
  746.8000	             -866
  747.0000	             -899
  747.2000	             -864
  747.4000	             -869
  747.6000	             -866
  747.8000	             -830
  748.0000	             -838
  748.2000	             -873
  748.4000	             -886
  748.6000	             -865
  748.8000	             -842
  749.0000	             -811
  749.2000	             -840
  749.4000	             -834
  749.6000	             -834
  749.8000	             -879
  750.0000	             -873
  750.2000	             -810
  750.4000	             -557
  750.6000	             -870
  750.8000	             -872
  751.0000	             -879
  751.2000	             -870
  751.4000	             -814
  751.6000	             -840
  751.8000	             -870
  752.0000	             -840
  752.2000	             -883
  752.4000	             -886
  752.6000	             -866
  752.8000	             -881
  753.0000	             -854
  753.2000	             -860
  753.4000	             -846
  753.6000	             -830
  753.8000	             -876
  754.0000	             -884
  754.2000	             -854
  754.4000	             -839
  754.6000	             -879
  754.8000	             -859
  755.0000	             -887
  755.2000	             -870
  755.4000	             -887
  755.6000	             -852
  755.8000	             -859
  756.0000	             -870
  756.2000	             -827
  756.4000	             -870
  756.6000	             -830
  756.8000	             -821
  757.0000	             -838
  757.2000	             -823
  757.4000	             -871
  757.6000	             -866
  757.8000	             -877
  758.0000	             -845
  758.2000	             -834
  758.4000	             -819
  758.6000	             -817
  758.8000	             -850
  759.0000	             -870
  759.2000	             -873
  759.4000	             -839
  759.6000	             -842
  759.8000	             -874
  760.0000	             -825
  760.2000	             -840
  760.4000	             -872
  760.6000	             -846
  760.8000	             -871
  761.0000	             -830
  761.2000	             -865
  761.4000	             -861
  761.6000	             -870
  761.8000	             -861
  762.0000	             -873
  762.2000	             -840
  762.4000	             -837
  762.6000	             -846
  762.8000	             -848
  763.0000	             -870
  763.2000	             -885
  763.4000	             -828
  763.6000	             -839
  763.8000	             -899
  764.0000	             -883
  764.2000	             -862
  764.4000	             -833
  764.6000	             -859
  764.8000	             -878
  765.0000	             -879
  765.2000	             -840
  765.4000	             -840
  765.6000	             -907
  765.8000	             -853
  766.0000	             -872
  766.2000	             -872
  766.4000	             -855
  766.6000	             -883
  766.8000	             -846
  767.0000	             -877
  767.2000	             -839
  767.4000	             -879
  767.6000	             -859
  767.8000	             -831
  768.0000	             -836
  768.2000	             -865
  768.4000	             -841
  768.6000	             -827
  768.8000	             -872
  769.0000	             -888
  769.2000	             -884
  769.4000	             -836
  769.6000	             -866
  769.8000	             -861
  770.0000	             -862
  770.2000	             -860
  770.4000	             -872
  770.6000	             -819
  770.8000	             -799
  771.0000	             -868
  771.2000	             -873
  771.4000	             -821
  771.6000	             -883
  771.8000	             -883
  772.0000	             -834
  772.2000	             -873
  772.4000	             -827
  772.6000	             -836
  772.8000	             -869
  773.0000	             -870
  773.2000	             -828
  773.4000	             -853
  773.6000	             -842
  773.8000	             -814
  774.0000	             -827
  774.2000	             -838
  774.4000	             -869
  774.6000	             -830
  774.8000	             -881
  775.0000	             -873
  775.2000	             -866
  775.4000	             -828
  775.6000	             -869
  775.8000	             -847
  776.0000	             -863
  776.2000	             -859
  776.4000	             -879
  776.6000	             -893
  776.8000	             -846
  777.0000	             -841
  777.2000	             -870
  777.4000	             -907
  777.6000	             -841
  777.8000	             -872
  778.0000	             -879
  778.2000	             -879
  778.4000	             -866
  778.6000	             -895
  778.8000	             -889
  779.0000	             -888
  779.2000	             -892
  779.4000	             -879
  779.6000	             -866
  779.8000	             -907
  780.0000	             -885
  780.2000	             -847
  780.4000	             -882
  780.6000	             -859
  780.8000	             -847
  781.0000	             -869
  781.2000	             -891
  781.4000	             -850
  781.6000	             -903
  781.8000	             -869
  782.0000	             -882
  782.2000	             -859
  782.4000	             -899
  782.6000	             -854
  782.8000	             -841
  783.0000	             -887
  783.2000	             -866
  783.4000	             -899
  783.6000	             -888
  783.8000	             -855
  784.0000	             -899
  784.2000	             -879
  784.4000	             -859
  784.6000	             -882
  784.8000	             -881
  785.0000	             -881
  785.2000	             -846
  785.4000	             -892
  785.6000	             -876
  785.8000	             -841
  786.0000	             -874
  786.2000	             -880
  786.4000	             -841
  786.6000	             -869
  786.8000	             -841
  787.0000	             -881
  787.2000	             -839
  787.4000	             -869
  787.6000	             -878
  787.8000	             -888
  788.0000	             -833
  788.2000	             -887
  788.4000	             -881
  788.6000	             -841
  788.8000	             -865
  789.0000	             -885
  789.2000	             -879
  789.4000	             -847
  789.6000	             -902
  789.8000	             -899
  790.0000	             -879
  790.2000	             -841
  790.4000	             -895
  790.6000	             -862
  790.8000	             -846
  791.0000	             -862
  791.2000	             -869
  791.4000	             -859
  791.6000	             -862
  791.8000	             -903
  792.0000	             -879
  792.2000	             -848
  792.4000	             -881
  792.6000	             -898
  792.8000	             -889
  793.0000	             -840
  793.2000	             -879
  793.4000	             -834
  793.6000	             -879
  793.8000	             -846
  794.0000	             -890
  794.2000	             -847
  794.4000	             -879
  794.6000	             -838
  794.8000	             -862
  795.0000	             -888
  795.2000	             -902
  795.4000	             -840
  795.6000	             -879
  795.8000	             -859
  796.0000	             -852
  796.2000	             -879
  796.4000	             -880
  796.6000	             -879
  796.8000	             -872
  797.0000	             -848
  797.2000	             -847
  797.4000	             -879
  797.6000	             -907
  797.8000	             -890
  798.0000	             -893
  798.2000	             -889
  798.4000	             -841
  798.6000	             -885
  798.8000	             -848
  799.0000	             -899
  799.2000	             -859
  799.4000	             -879
  799.6000	             -845
  799.8000	             -877
  800.0000	             -887
  800.2000	             -862
  800.4000	             -859
  800.6000	             -870
  800.8000	             -873
  801.0000	             -882
  801.2000	             -877
  801.4000	             -823
  801.6000	             -893
  801.8000	             -889
  802.0000	             -854
  802.2000	             -868
  802.4000	             -842
  802.6000	             -885
  802.8000	             -894
  803.0000	             -869
  803.2000	             -862
  803.4000	             -838
  803.6000	             -873
  803.8000	             -828
  804.0000	             -893
  804.2000	             -859
  804.4000	             -879
  804.6000	             -860
  804.8000	             -879
  805.0000	             -888
