  500.0000	             -861
  500.2000	             -879
  500.4000	             -800
  500.6000	             -821
  500.8000	             -862
  501.0000	             -839
  501.2000	             -843
  501.4000	             -855
  501.6000	             -839
  501.8000	             -811
  502.0000	             -859
  502.2000	             -840
  502.4000	             -861
  502.6000	             -872
  502.8000	             -814
  503.0000	             -851
  503.2000	             -843
  503.4000	             -821
  503.6000	             -870
  503.8000	             -884
  504.0000	             -854
  504.2000	             -814
  504.4000	             -857
  504.6000	             -859
  504.8000	             -852
  505.0000	             -859
  505.2000	             -818
  505.4000	             -807
  505.6000	             -819
  505.8000	             -859
  506.0000	             -808
  506.2000	             -831
  506.4000	             -844
  506.6000	             -831
  506.8000	             -807
  507.0000	             -814
  507.2000	             -811
  507.4000	             -873
  507.6000	             -843
  507.8000	             -859
  508.0000	             -839
  508.2000	             -814
  508.4000	             -866
  508.6000	             -817
  508.8000	             -822
  509.0000	             -854
  509.2000	             -817
  509.4000	             -871
  509.6000	             -834
  509.8000	             -853
  510.0000	             -872
  510.2000	             -872
  510.4000	             -834
  510.6000	             -831
  510.8000	             -853
  511.0000	             -796
  511.2000	             -873
  511.4000	             -862
  511.6000	             -870
  511.8000	             -854
  512.0000	             -841
  512.2000	             -857
  512.4000	             -837
  512.6000	             -782
  512.8000	             -827
  513.0000	             -870
  513.2000	             -826
  513.4000	             -841
  513.6000	             -822
  513.8000	             -823
  514.0000	             -854
  514.2000	             -830
  514.4000	             -852
  514.6000	             -830
  514.8000	             -819
  515.0000	             -833
  515.2000	             -817
  515.4000	             -833
  515.6000	             -840
  515.8000	             -835
  516.0000	             -846
  516.2000	             -841
  516.4000	             -782
  516.6000	             -817
  516.8000	             -843
  517.0000	             -812
  517.2000	             -832
  517.4000	             -820
  517.6000	             -846
  517.8000	             -820
  518.0000	             -842
  518.2000	             -841
  518.4000	             -775
  518.6000	             -809
  518.8000	             -831
  519.0000	             -824
  519.2000	             -824
  519.4000	             -825
  519.6000	             -842
  519.8000	             -834
  520.0000	             -793
  520.2000	             -853
  520.4000	             -831
  520.6000	             -818
  520.8000	             -832
  521.0000	             -859
  521.2000	             -821
  521.4000	             -858
  521.6000	             -838
  521.8000	             -871
  522.0000	             -833
  522.2000	             -862
  522.4000	             -822
  522.6000	             -839
  522.8000	             -883
  523.0000	             -873
  523.2000	             -864
  523.4000	             -872
  523.6000	             -870
  523.8000	             -839
  524.0000	             -861
  524.2000	             -822
  524.4000	             -819
  524.6000	             -847
  524.8000	             -882
  525.0000	             -885
  525.2000	             -847
  525.4000	             -884
  525.6000	             -830
  525.8000	             -876
  526.0000	             -883
  526.2000	             -821
  526.4000	             -836
  526.6000	             -861
  526.8000	             -830
  527.0000	             -836
  527.2000	             -847
  527.4000	             -866
  527.6000	             -884
  527.8000	             -872
  528.0000	             -852
  528.2000	             -817
  528.4000	             -869
  528.6000	             -852
  528.8000	             -828
  529.0000	             -879
  529.2000	             -877
  529.4000	             -873
  529.6000	             -830
  529.8000	             -883
  530.0000	             -836
  530.2000	             -879
  530.4000	             -882
  530.6000	             -824
  530.8000	             -825
  531.0000	             -867
  531.2000	             -845
  531.4000	             -857
  531.6000	             -845
  531.8000	             -872
  532.0000	             -820
  532.2000	             -852
  532.4000	             -893
  532.6000	             -874
  532.8000	             -840
  533.0000	             -828
  533.2000	             -821
  533.4000	             -879
  533.6000	             -816
  533.8000	             -818
  534.0000	             -814
  534.2000	             -823
  534.4000	             -837
  534.6000	             -839
  534.8000	             -814
  535.0000	             -841
  535.2000	             -830
  535.4000	             -853
  535.6000	             -860
  535.8000	             -779
  536.0000	             -835
  536.2000	             -840
  536.4000	             -830
  536.6000	             -846
  536.8000	             -833
  537.0000	             -841
  537.2000	             -791
  537.4000	             -821
  537.6000	             -841
  537.8000	             -854
  538.0000	             -843
  538.2000	             -836
  538.4000	             -834
  538.6000	             -818
  538.8000	             -845
  539.0000	             -830
  539.2000	             -839
  539.4000	             -834
  539.6000	             -839
  539.8000	             -779
  540.0000	             -818
  540.2000	             -812
  540.4000	             -841
  540.6000	             -801
  540.8000	             -861
  541.0000	             -836
  541.2000	             -854
  541.4000	             -839
  541.6000	             -830
  541.8000	             -840
  542.0000	             -839
  542.2000	             -825
  542.4000	             -841
  542.6000	             -837
  542.8000	             -799
  543.0000	             -793
  543.2000	             -846
  543.4000	             -836
  543.6000	             -814
  543.8000	             -857
  544.0000	             -807
  544.2000	             -783
  544.4000	             -821
  544.6000	             -848
  544.8000	             -824
  545.0000	             -852
  545.2000	             -829
  545.4000	             -779
  545.6000	             -784
  545.8000	             -766
  546.0000	             -859
  546.2000	             -852
  546.4000	             -843
  546.6000	             -818
  546.8000	             -828
  547.0000	             -838
  547.2000	             -795
  547.4000	             -806
  547.6000	             -806
  547.8000	             -791
  548.0000	             -811
  548.2000	             -810
  548.4000	             -815
  548.6000	             -868
  548.8000	             -853
  549.0000	             -826
  549.2000	             -841
  549.4000	             -843
  549.6000	             -833
  549.8000	             -832
  550.0000	             -860
  550.2000	             -805
  550.4000	             -818
  550.6000	             -789
  550.8000	             -831
  551.0000	             -841
  551.2000	             -845
  551.4000	             -819
  551.6000	             -873
  551.8000	             -862
  552.0000	             -839
  552.2000	             -873
  552.4000	             -817
  552.6000	             -834
  552.8000	             -828
  553.0000	             -861
  553.2000	             -799
  553.4000	             -814
  553.6000	             -866
  553.8000	             -860
  554.0000	             -879
  554.2000	             -870
  554.4000	             -814
  554.6000	             -814
  554.8000	             -841
  555.0000	             -866
  555.2000	             -835
  555.4000	             -821
  555.6000	             -859
  555.8000	             -873
  556.0000	             -862
  556.2000	             -860
  556.4000	             -865
  556.6000	             -866
  556.8000	             -808
  557.0000	             -816
  557.2000	             -859
  557.4000	             -862
  557.6000	             -851
  557.8000	             -879
  558.0000	             -879
  558.2000	             -817
  558.4000	             -879
  558.6000	             -866
  558.8000	             -840
  559.0000	             -828
  559.2000	             -836
  559.4000	             -862
  559.6000	             -828
  559.8000	             -866
  560.0000	             -860
  560.2000	             -852
  560.4000	             -883
  560.6000	             -828
  560.8000	             -852
  561.0000	             -828
  561.2000	             -885
  561.4000	             -885
  561.6000	             -833
  561.8000	             -827
  562.0000	             -855
  562.2000	             -877
  562.4000	             -861
  562.6000	             -834
  562.8000	             -847
  563.0000	             -870
  563.2000	             -899
  563.4000	             -869
  563.6000	             -861
  563.8000	             -870
  564.0000	             -847
  564.2000	             -907
  564.4000	             -840
  564.6000	             -855
  564.8000	             -821
  565.0000	             -828
  565.2000	             -821
  565.4000	             -872
  565.6000	             -883
  565.8000	             -836
  566.0000	             -883
  566.2000	             -859
  566.4000	             -849
  566.6000	             -838
  566.8000	             -847
  567.0000	             -874
  567.2000	             -825
  567.4000	             -840
  567.6000	             -826
  567.8000	             -840
  568.0000	             -864
  568.2000	             -876
  568.4000	             -875
  568.6000	             -873
  568.8000	             -849
  569.0000	             -872
  569.2000	             -836
  569.4000	             -873
  569.6000	             -890
  569.8000	             -834
  570.0000	             -873
  570.2000	             -851
  570.4000	             -818
  570.6000	             -870
  570.8000	             -879
  571.0000	             -814
  571.2000	             -862
  571.4000	             -863
  571.6000	             -828
  571.8000	             -809
  572.0000	             -849
  572.2000	             -812
  572.4000	             -849
  572.6000	             -831
  572.8000	             -807
  573.0000	             -835
  573.2000	             -827
  573.4000	             -858
  573.6000	             -840
  573.8000	             -843
  574.0000	             -791
  574.2000	             -785
  574.4000	             -807
  574.6000	             -770
  574.8000	             -775
  575.0000	             -836
  575.2000	             -828
  575.4000	             -778
  575.6000	             -851
  575.8000	             -841
  576.0000	             -818
  576.2000	             -784
  576.4000	             -792
  576.6000	             -791
  576.8000	             -790
  577.0000	             -838
  577.2000	             -780
  577.4000	             -791
  577.6000	             -797
  577.8000	             -785
  578.0000	             -806
  578.2000	             -785
  578.4000	             -781
  578.6000	             -803
  578.8000	             -785
  579.0000	             -755
  579.2000	             -770
  579.4000	             -764
  579.6000	             -728
  579.8000	             -824
  580.0000	             -822
  580.2000	             -809
  580.4000	             -795
  580.6000	             -825
  580.8000	             -849
  581.0000	             -839
  581.2000	             -818
  581.4000	             -838
  581.6000	             -777
  581.8000	             -790
  582.0000	             -829
  582.2000	             -786
  582.4000	             -779
  582.6000	             -779
  582.8000	             -772
  583.0000	             -797
  583.2000	             -735
  583.4000	             -781
  583.6000	             -815
  583.8000	             -808
  584.0000	             -753
  584.2000	             -778
  584.4000	             -804
  584.6000	             -736
  584.8000	             -806
  585.0000	             -828
  585.2000	             -809
  585.4000	             -700
  585.6000	             -818
  585.8000	             -833
  586.0000	             -843
  586.2000	             -824
  586.4000	             -815
  586.6000	             -776
  586.8000	             -809
  587.0000	             -846
  587.2000	             -758
  587.4000	             -811
  587.6000	             -793
  587.8000	             -784
  588.0000	             -785
  588.2000	             -769
  588.4000	             -816
  588.6000	             -772
  588.8000	             -790
  589.0000	             -785
  589.2000	             -775
  589.4000	             -795
  589.6000	             -799
  589.8000	             -700
  590.0000	             -834
  590.2000	             -775
  590.4000	             -748
  590.6000	             -814
  590.8000	             -837
  591.0000	             -820
  591.2000	             -835
  591.4000	             -824
  591.6000	             -836
  591.8000	             -838
  592.0000	             -832
  592.2000	             -809
  592.4000	             -779
  592.6000	             -798
  592.8000	             -819
  593.0000	             -765
  593.2000	             -774
  593.4000	             -775
  593.6000	             -790
  593.8000	             -768
  594.0000	             -761
  594.2000	             -829
  594.4000	             -808
  594.6000	             -796
  594.8000	             -818
  595.0000	             -778
  595.2000	             -758
  595.4000	             -841
  595.6000	             -836
  595.8000	             -775
  596.0000	             -846
  596.2000	             -870
  596.4000	             -816
  596.6000	             -811
  596.8000	             -841
  597.0000	             -837
  597.2000	             -846
  597.4000	             -821
  597.6000	             -821
  597.8000	             -783
  598.0000	             -827
  598.2000	             -832
  598.4000	             -779
  598.6000	             -816
  598.8000	             -772
  599.0000	             -823
  599.2000	             -816
  599.4000	             -822
  599.6000	             -824
  599.8000	             -824
  600.0000	             -783
  600.2000	             -834
  600.4000	             -788
  600.6000	             -808
  600.8000	             -846
  601.0000	             -817
  601.2000	             -791
  601.4000	             -859
  601.6000	             -810
  601.8000	             -811
  602.0000	             -853
  602.2000	             -828
  602.4000	             -848
  602.6000	             -882
  602.8000	             -860
  603.0000	             -840
  603.2000	             -832
  603.4000	             -839
  603.6000	             -824
  603.8000	             -829
  604.0000	             -813
  604.2000	             -834
  604.4000	             -782
  604.6000	             -866
  604.8000	             -812
  605.0000	             -853
  605.2000	             -853
  605.4000	             -841
  605.6000	             -828
  605.8000	             -843
  606.0000	             -849
  606.2000	             -805
  606.4000	             -872
  606.6000	             -805
  606.8000	             -768
  607.0000	             -809
  607.2000	             -837
  607.4000	             -865
  607.6000	             -828
  607.8000	             -879
  608.0000	             -873
  608.2000	             -873
  608.4000	             -852
  608.6000	             -833
  608.8000	             -819
  609.0000	             -828
  609.2000	             -830
  609.4000	             -836
  609.6000	             -873
  609.8000	             -873
  610.0000	             -871
  610.2000	             -830
  610.4000	             -825
  610.6000	             -873
  610.8000	             -857
  611.0000	             -879
  611.2000	             -831
  611.4000	             -837
  611.6000	             -862
  611.8000	             -833
  612.0000	             -859
  612.2000	             -817
  612.4000	             -828
  612.6000	             -831
  612.8000	             -869
  613.0000	             -866
  613.2000	             -855
  613.4000	             -837
  613.6000	             -845
  613.8000	             -870
  614.0000	             -822
  614.2000	             -870
  614.4000	             -840
  614.6000	             -872
  614.8000	             -890
  615.0000	             -828
  615.2000	             -826
  615.4000	             -845
  615.6000	             -889
  615.8000	             -828
  616.0000	             -879
  616.2000	             -840
  616.4000	             -828
  616.6000	             -848
  616.8000	             -879
  617.0000	             -874
  617.2000	             -828
  617.4000	             -828
  617.6000	             -879
  617.8000	             -879
  618.0000	             -828
  618.2000	             -840
  618.4000	             -854
  618.6000	             -842
  618.8000	             -869
  619.0000	             -883
  619.2000	             -881
  619.4000	             -863
  619.6000	             -884
  619.8000	             -879
  620.0000	             -870
  620.2000	             -871
  620.4000	             -840
  620.6000	             -839
  620.8000	             -818
  621.0000	             -818
  621.2000	             -828
  621.4000	             -841
  621.6000	             -863
  621.8000	             -826
  622.0000	             -800
  622.2000	             -873
  622.4000	             -817
  622.6000	             -819
  622.8000	             -822
  623.0000	             -866
  623.2000	             -851
  623.4000	             -874
  623.6000	             -840
  623.8000	             -873
  624.0000	             -876
  624.2000	             -822
  624.4000	             -836
  624.6000	             -885
  624.8000	             -877
  625.0000	             -823
  625.2000	             -839
  625.4000	             -833
  625.6000	             -837
  625.8000	             -834
  626.0000	             -835
  626.2000	             -840
  626.4000	             -828
  626.6000	             -862
  626.8000	             -866
  627.0000	             -884
  627.2000	             -793
  627.4000	             -838
  627.6000	             -861
  627.8000	             -887
  628.0000	             -817
  628.2000	             -814
  628.4000	             -859
  628.6000	             -870
  628.8000	             -873
  629.0000	             -841
  629.2000	             -873
  629.4000	             -841
  629.6000	             -854
  629.8000	             -860
  630.0000	             -823
  630.2000	             -831
  630.4000	             -837
  630.6000	             -804
  630.8000	             -871
  631.0000	             -862
  631.2000	             -821
  631.4000	             -857
  631.6000	             -870
  631.8000	             -811
  632.0000	             -837
  632.2000	             -822
  632.4000	             -887
  632.6000	             -814
  632.8000	             -828
  633.0000	             -866
  633.2000	             -868
  633.4000	             -847
  633.6000	             -822
  633.8000	             -877
  634.0000	             -811
  634.2000	             -812
  634.4000	             -852
  634.6000	             -877
  634.8000	             -839
  635.0000	             -843
  635.2000	             -870
  635.4000	             -870
  635.6000	             -824
  635.8000	             -841
  636.0000	             -841
  636.2000	             -830
  636.4000	             -830
  636.6000	             -800
  636.8000	             -815
  637.0000	             -833
  637.2000	             -837
  637.4000	             -841
  637.6000	             -826
  637.8000	             -829
  638.0000	             -819
  638.2000	             -821
  638.4000	             -815
  638.6000	             -812
  638.8000	             -812
  639.0000	             -837
  639.2000	             -848
  639.4000	             -812
  639.6000	             -828
  639.8000	             -837
  640.0000	             -873
  640.2000	             -872
  640.4000	             -791
  640.6000	             -862
  640.8000	             -870
  641.0000	             -818
  641.2000	             -862
  641.4000	             -852
  641.6000	             -836
  641.8000	             -873
  642.0000	             -836
  642.2000	             -870
  642.4000	             -841
  642.6000	             -843
  642.8000	             -836
  643.0000	             -831
  643.2000	             -807
  643.4000	             -818
  643.6000	             -813
  643.8000	             -815
  644.0000	             -822
  644.2000	             -839
  644.4000	             -841
  644.6000	             -826
  644.8000	             -843
  645.0000	             -814
  645.2000	             -814
  645.4000	             -811
  645.6000	             -829
  645.8000	             -816
  646.0000	             -843
  646.2000	             -832
  646.4000	             -830
  646.6000	             -799
  646.8000	             -770
  647.0000	             -873
  647.2000	             -855
  647.4000	             -861
  647.6000	             -811
  647.8000	             -818
  648.0000	             -872
  648.2000	             -833
  648.4000	             -833
  648.6000	             -806
  648.8000	             -817
  649.0000	             -865
  649.2000	             -805
  649.4000	             -841
  649.6000	             -819
  649.8000	             -828
  650.0000	             -830
  650.2000	             -832
  650.4000	             -782
  650.6000	             -838
  650.8000	             -781
  651.0000	             -795
  651.2000	             -847
  651.4000	             -824
  651.6000	             -829
  651.8000	             -810
  652.0000	             -793
  652.2000	             -786
  652.4000	             -783
  652.6000	             -813
  652.8000	             -778
  653.0000	             -837
  653.2000	             -783
  653.4000	             -757
  653.6000	             -841
  653.8000	             -835
  654.0000	             -831
  654.2000	             -834
  654.4000	             -805
  654.6000	             -866
  654.8000	             -858
  655.0000	             -862
  655.2000	             -852
  655.4000	             -854
  655.6000	             -870
  655.8000	             -818
  656.0000	             -811
  656.2000	             -828
  656.4000	             -852
  656.6000	             -818
  656.8000	             -852
  657.0000	             -858
  657.2000	             -838
  657.4000	             -824
  657.6000	             -824
  657.8000	             -828
  658.0000	             -814
  658.2000	             -831
  658.4000	             -779
  658.6000	             -828
  658.8000	             -813
  659.0000	             -813
  659.2000	             -800
  659.4000	             -814
  659.6000	             -832
  659.8000	             -784
  660.0000	             -822
  660.2000	             -816
  660.4000	             -768
  660.6000	             -786
  660.8000	             -828
  661.0000	             -825
  661.2000	             -797
  661.4000	             -830
  661.6000	             -838
  661.8000	             -859
  662.0000	             -820
  662.2000	             -777
  662.4000	             -862
  662.6000	             -862
  662.8000	             -804
  663.0000	             -839
  663.2000	             -824
  663.4000	             -870
  663.6000	             -821
  663.8000	             -843
  664.0000	             -807
  664.2000	             -885
  664.4000	             -840
  664.6000	             -807
  664.8000	             -825
  665.0000	             -830
  665.2000	             -841
  665.4000	             -852
  665.6000	             -836
  665.8000	             -841
  666.0000	             -838
  666.2000	             -854
  666.4000	             -806
  666.6000	             -822
  666.8000	             -795
  667.0000	             -818
  667.2000	             -837
  667.4000	             -823
  667.6000	             -836
  667.8000	             -843
  668.0000	             -835
  668.2000	             -841
  668.4000	             -830
  668.6000	             -841
  668.8000	             -829
  669.0000	             -831
  669.2000	             -825
  669.4000	             -779
  669.6000	             -801
  669.8000	             -863
  670.0000	             -784
  670.2000	             -829
  670.4000	             -811
  670.6000	             -831
  670.8000	             -818
  671.0000	             -879
  671.2000	             -879
  671.4000	             -861
  671.6000	             -862
  671.8000	             -870
  672.0000	             -819
  672.2000	             -799
  672.4000	             -884
  672.6000	             -828
  672.8000	             -879
  673.0000	             -834
  673.2000	             -856
  673.4000	             -859
  673.6000	             -830
  673.8000	             -873
  674.0000	             -870
  674.2000	             -871
  674.4000	             -863
  674.6000	             -858
  674.8000	             -833
  675.0000	             -802
  675.2000	             -831
  675.4000	             -860
  675.6000	             -848
  675.8000	             -827
  676.0000	             -852
  676.2000	             -852
  676.4000	             -833
  676.6000	             -849
  676.8000	             -841
  677.0000	             -853
  677.2000	             -822
  677.4000	             -811
  677.6000	             -807
  677.8000	             -791
  678.0000	             -831
  678.2000	             -828
  678.4000	             -873
  678.6000	             -842
  678.8000	             -796
  679.0000	             -870
  679.2000	             -881
  679.4000	             -840
  679.6000	             -892
  679.8000	             -876
  680.0000	             -885
  680.2000	             -817
  680.4000	             -841
  680.6000	             -821
  680.8000	             -832
  681.0000	             -882
  681.2000	             -861
  681.4000	             -848
  681.6000	             -890
  681.8000	             -886
  682.0000	             -883
  682.2000	             -879
  682.4000	             -890
  682.6000	             -828
  682.8000	             -836
  683.0000	             -879
  683.2000	             -865
  683.4000	             -882
  683.6000	             -862
  683.8000	             -840
  684.0000	             -828
  684.2000	             -828
  684.4000	             -834
  684.6000	             -878
  684.8000	             -901
  685.0000	             -863
  685.2000	             -883
  685.4000	             -883
  685.6000	             -852
  685.8000	             -879
  686.0000	             -840
  686.2000	             -896
  686.4000	             -872
  686.6000	             -879
  686.8000	             -889
  687.0000	             -867
  687.2000	             -827
  687.4000	             -828
  687.6000	             -854
  687.8000	             -903
  688.0000	             -846
  688.2000	             -846
  688.4000	             -879
  688.6000	             -870
  688.8000	             -879
  689.0000	             -869
  689.2000	             -879
  689.4000	             -839
  689.6000	             -847
  689.8000	             -870
  690.0000	             -879
  690.2000	             -852
  690.4000	             -866
  690.6000	             -838
  690.8000	             -847
  691.0000	             -883
  691.2000	             -880
  691.4000	             -835
  691.6000	             -841
  691.8000	             -854
  692.0000	             -879
  692.2000	             -859
  692.4000	             -893
  692.6000	             -840
  692.8000	             -847
  693.0000	             -848
  693.2000	             -885
  693.4000	             -877
  693.6000	             -879
  693.8000	             -872
  694.0000	             -907
  694.2000	             -837
  694.4000	             -879
  694.6000	             -889
  694.8000	             -845
  695.0000	             -888
  695.2000	             -879
  695.4000	             -859
  695.6000	             -879
  695.8000	             -839
  696.0000	             -870
  696.2000	             -902
  696.4000	             -866
  696.6000	             -828
  696.8000	             -838
  697.0000	             -852
  697.2000	             -859
  697.4000	             -860
  697.6000	             -872
  697.8000	             -875
  698.0000	             -888
  698.2000	             -840
  698.4000	             -846
  698.6000	             -876
  698.8000	             -846
  699.0000	             -907
  699.2000	             -870
  699.4000	             -862
  699.6000	             -834
  699.8000	             -879
  700.0000	             -879
  700.2000	             -877
  700.4000	             -880
  700.6000	             -879
  700.8000	             -881
  701.0000	             -835
  701.2000	             -844
  701.4000	             -840
  701.6000	             -902
  701.8000	             -848
  702.0000	             -876
  702.2000	             -841
  702.4000	             -883
  702.6000	             -876
  702.8000	             -852
  703.0000	             -879
  703.2000	             -873
  703.4000	             -873
  703.6000	             -876
  703.8000	             -878
  704.0000	             -834
  704.2000	             -851
  704.4000	             -847
  704.6000	             -828
  704.8000	             -881
  705.0000	             -885
  705.2000	             -853
  705.4000	             -902
  705.6000	             -870
  705.8000	             -838
  706.0000	             -878
  706.2000	             -846
  706.4000	             -885
  706.6000	             -862
  706.8000	             -899
  707.0000	             -847
  707.2000	             -834
  707.4000	             -839
  707.6000	             -869
  707.8000	             -878
  708.0000	             -889
  708.2000	             -893
  708.4000	             -866
  708.6000	             -872
  708.8000	             -879
  709.0000	             -899
  709.2000	             -853
  709.4000	             -902
  709.6000	             -890
  709.8000	             -827
  710.0000	             -899
  710.2000	             -887
  710.4000	             -854
  710.6000	             -860
  710.8000	             -874
  711.0000	             -872
  711.2000	             -868
  711.4000	             -847
  711.6000	             -883
  711.8000	             -849
  712.0000	             -879
  712.2000	             -893
  712.4000	             -874
  712.6000	             -902
  712.8000	             -888
  713.0000	             -876
  713.2000	             -885
  713.4000	             -828
  713.6000	             -890
  713.8000	             -841
  714.0000	             -839
  714.2000	             -890
  714.4000	             -847
  714.6000	             -849
  714.8000	             -878
  715.0000	             -879
  715.2000	             -870
  715.4000	             -846
  715.6000	             -848
  715.8000	             -845
  716.0000	             -861
  716.2000	             -854
  716.4000	             -840
  716.6000	             -859
  716.8000	             -872
  717.0000	             -882
  717.2000	             -892
  717.4000	             -877
  717.6000	             -839
  717.8000	             -827
  718.0000	             -869
  718.2000	             -876
  718.4000	             -869
  718.6000	             -874
  718.8000	             -872
  719.0000	             -838
  719.2000	             -839
  719.4000	             -841
  719.6000	             -862
  719.8000	             -874
  720.0000	             -890
  720.2000	             -861
  720.4000	             -858
  720.6000	             -882
  720.8000	             -846
  721.0000	             -885
  721.2000	             -832
  721.4000	             -859
  721.6000	             -872
  721.8000	             -847
  722.0000	             -883
  722.2000	             -891
  722.4000	             -890
  722.6000	             -846
  722.8000	             -870
  723.0000	             -833
  723.2000	             -866
  723.4000	             -870
  723.6000	             -827
  723.8000	             -832
  724.0000	             -846
  724.2000	             -830
  724.4000	             -840
  724.6000	             -834
  724.8000	             -854
  725.0000	             -818
  725.2000	             -866
  725.4000	             -863
  725.6000	             -839
  725.8000	             -866
  726.0000	             -852
  726.2000	             -863
  726.4000	             -841
  726.6000	             -840
  726.8000	             -847
  727.0000	             -891
  727.2000	             -839
  727.4000	             -841
  727.6000	             -888
  727.8000	             -869
  728.0000	             -846
  728.2000	             -839
  728.4000	             -847
  728.6000	             -861
  728.8000	             -855
  729.0000	             -836
  729.2000	             -854
  729.4000	             -854
  729.6000	             -846
  729.8000	             -840
  730.0000	             -846
  730.2000	             -846
  730.4000	             -841
  730.6000	             -867
  730.8000	             -879
  731.0000	             -883
  731.2000	             -879
  731.4000	             -861
  731.6000	             -870
  731.8000	             -886
  732.0000	             -851
  732.2000	             -879
  732.4000	             -845
  732.6000	             -846
  732.8000	             -834
  733.0000	             -852
  733.2000	             -828
  733.4000	             -849
  733.6000	             -826
  733.8000	             -885
  734.0000	             -870
  734.2000	             -884
  734.4000	             -857
  734.6000	             -866
  734.8000	             -866
  735.0000	             -834
  735.2000	             -872
  735.4000	             -866
  735.6000	             -821
  735.8000	             -862
  736.0000	             -852
  736.2000	             -873
  736.4000	             -862
  736.6000	             -862
  736.8000	             -885
  737.0000	             -808
  737.2000	             -872
  737.4000	             -821
  737.6000	             -828
  737.8000	             -853
  738.0000	             -827
  738.2000	             -821
  738.4000	             -836
  738.6000	             -796
  738.8000	             -854
  739.0000	             -874
  739.2000	             -865
  739.4000	             -854
  739.6000	             -869
  739.8000	             -841
  740.0000	             -876
  740.2000	             -888
  740.4000	             -848
  740.6000	             -892
  740.8000	             -870
  741.0000	             -870
  741.2000	             -884
  741.4000	             -902
  741.6000	             -866
  741.8000	             -893
  742.0000	             -888
  742.2000	             -851
  742.4000	             -840
  742.6000	             -884
  742.8000	             -883
  743.0000	             -834
  743.2000	             -854
  743.4000	             -823
  743.6000	             -866
  743.8000	             -859
  744.0000	             -899
  744.2000	             -879
  744.4000	             -872
  744.6000	             -862
  744.8000	             -854
  745.0000	             -879
  745.2000	             -809
  745.4000	             -836
  745.6000	             -871
  745.8000	             -862
  746.0000	             -857
  746.2000	             -838
  746.4000	             -828
  746.6000	             -860
  746.8000	             -821
  747.0000	             -890
  747.2000	             -817
  747.4000	             -883
  747.6000	             -872
  747.8000	             -862
  748.0000	             -853
  748.2000	             -873
  748.4000	             -848
  748.6000	             -828
  748.8000	             -856
  749.0000	             -854
  749.2000	             -886
  749.4000	             -887
  749.6000	             -883
  749.8000	             -861
  750.0000	             -832
  750.2000	             -809
  750.4000	             -635
  750.6000	             -879
  750.8000	             -885
  751.0000	             -861
  751.2000	             -830
  751.4000	             -813
  751.6000	             -870
  751.8000	             -836
  752.0000	             -859
  752.2000	             -870
  752.4000	             -876
  752.6000	             -890
  752.8000	             -847
  753.0000	             -851
  753.2000	             -828
  753.4000	             -895
  753.6000	             -834
  753.8000	             -893
  754.0000	             -861
  754.2000	             -892
  754.4000	             -870
  754.6000	             -870
  754.8000	             -821
  755.0000	             -838
  755.2000	             -866
  755.4000	             -879
  755.6000	             -831
  755.8000	             -834
  756.0000	             -861
  756.2000	             -895
  756.4000	             -865
  756.6000	             -876
  756.8000	             -869
  757.0000	             -861
  757.2000	             -861
  757.4000	             -881
  757.6000	             -863
  757.8000	             -866
  758.0000	             -862
  758.2000	             -852
  758.4000	             -828
  758.6000	             -821
  758.8000	             -879
  759.0000	             -852
  759.2000	             -845
  759.4000	             -874
  759.6000	             -828
  759.8000	             -852
  760.0000	             -861
  760.2000	             -872
  760.4000	             -864
  760.6000	             -861
  760.8000	             -823
  761.0000	             -872
  761.2000	             -860
  761.4000	             -893
  761.6000	             -866
  761.8000	             -827
  762.0000	             -879
  762.2000	             -832
  762.4000	             -828
  762.6000	             -821
  762.8000	             -855
  763.0000	             -854
  763.2000	             -879
  763.4000	             -818
  763.6000	             -870
  763.8000	             -834
  764.0000	             -836
  764.2000	             -901
  764.4000	             -837
  764.6000	             -877
  764.8000	             -877
  765.0000	             -862
  765.2000	             -866
  765.4000	             -841
  765.6000	             -864
  765.8000	             -872
  766.0000	             -830
  766.2000	             -854
  766.4000	             -874
  766.6000	             -848
  766.8000	             -834
  767.0000	             -828
  767.2000	             -828
  767.4000	             -890
  767.6000	             -872
  767.8000	             -870
  768.0000	             -823
  768.2000	             -856
  768.4000	             -877
  768.6000	             -833
  768.8000	             -816
  769.0000	             -834
  769.2000	             -872
  769.4000	             -872
  769.6000	             -866
  769.8000	             -847
  770.0000	             -879
  770.2000	             -808
  770.4000	             -808
  770.6000	             -796
  770.8000	             -857
  771.0000	             -871
  771.2000	             -808
  771.4000	             -862
  771.6000	             -879
  771.8000	             -873
  772.0000	             -879
  772.2000	             -839
  772.4000	             -770
  772.6000	             -828
  772.8000	             -863
  773.0000	             -815
  773.2000	             -885
  773.4000	             -842
  773.6000	             -822
  773.8000	             -853
  774.0000	             -862
  774.2000	             -840
  774.4000	             -883
  774.6000	             -836
  774.8000	             -877
  775.0000	             -808
  775.2000	             -827
  775.4000	             -871
  775.6000	             -870
  775.8000	             -840
  776.0000	             -846
  776.2000	             -872
  776.4000	             -859
  776.6000	             -879
  776.8000	             -869
  777.0000	             -867
  777.2000	             -857
  777.4000	             -893
  777.6000	             -853
  777.8000	             -859
  778.0000	             -876
  778.2000	             -875
  778.4000	             -834
  778.6000	             -844
  778.8000	             -862
  779.0000	             -841
  779.2000	             -907
  779.4000	             -903
  779.6000	             -862
  779.8000	             -845
  780.0000	             -870
  780.2000	             -834
  780.4000	             -832
  780.6000	             -855
  780.8000	             -848
  781.0000	             -880
  781.2000	             -883
  781.4000	             -889
  781.6000	             -875
  781.8000	             -840
  782.0000	             -879
  782.2000	             -874
  782.4000	             -875
  782.6000	             -859
  782.8000	             -908
  783.0000	             -846
  783.2000	             -879
  783.4000	             -874
  783.6000	             -854
  783.8000	             -849
  784.0000	             -879
  784.2000	             -879
  784.4000	             -840
  784.6000	             -844
  784.8000	             -840
  785.0000	             -888
  785.2000	             -877
  785.4000	             -839
  785.6000	             -870
  785.8000	             -886
  786.0000	             -873
  786.2000	             -834
  786.4000	             -869
  786.6000	             -872
  786.8000	             -845
  787.0000	             -907
  787.2000	             -887
  787.4000	             -886
  787.6000	             -838
  787.8000	             -879
  788.0000	             -845
  788.2000	             -884
  788.4000	             -880
  788.6000	             -866
  788.8000	             -879
  789.0000	             -878
  789.2000	             -874
  789.4000	             -907
  789.6000	             -846
  789.8000	             -899
  790.0000	             -850
  790.2000	             -867
  790.4000	             -848
  790.6000	             -870
  790.8000	             -867
  791.0000	             -846
  791.2000	             -879
  791.4000	             -908
  791.6000	             -870
  791.8000	             -859
  792.0000	             -845
  792.2000	             -874
  792.4000	             -838
  792.6000	             -846
  792.8000	             -874
  793.0000	             -874
  793.2000	             -882
  793.4000	             -878
  793.6000	             -832
  793.8000	             -879
  794.0000	             -834
  794.2000	             -847
  794.4000	             -876
  794.6000	             -838
  794.8000	             -799
  795.0000	             -873
  795.2000	             -841
  795.4000	             -895
  795.6000	             -883
  795.8000	             -879
  796.0000	             -839
  796.2000	             -859
  796.4000	             -881
  796.6000	             -879
  796.8000	             -880
  797.0000	             -880
  797.2000	             -841
  797.4000	             -866
  797.6000	             -861
  797.8000	             -879
  798.0000	             -874
  798.2000	             -891
  798.4000	             -858
  798.6000	             -845
  798.8000	             -840
  799.0000	             -889
  799.2000	             -855
  799.4000	             -841
  799.6000	             -840
  799.8000	             -881
  800.0000	             -881
  800.2000	             -876
  800.4000	             -869
  800.6000	             -872
  800.8000	             -879
  801.0000	             -841
  801.2000	             -866
  801.4000	             -879
  801.6000	             -878
  801.8000	             -880
  802.0000	             -879
  802.2000	             -892
  802.4000	             -847
  802.6000	             -877
  802.8000	             -881
  803.0000	             -879
  803.2000	             -880
  803.4000	             -879
  803.6000	             -867
  803.8000	             -888
  804.0000	             -846
  804.2000	             -877
  804.4000	             -861
  804.6000	             -837
  804.8000	             -878
  805.0000	             -840
