  500.0000	            -1023
  500.2000	            -1000
  500.4000	             -937
  500.6000	             -940
  500.8000	             -938
  501.0000	             -853
  501.2000	             -868
  501.4000	             -827
  501.6000	             -906
  501.8000	             -935
  502.0000	             -934
  502.2000	            -1011
  502.4000	             -940
  502.6000	            -1000
  502.8000	             -980
  503.0000	             -940
  503.2000	             -992
  503.4000	            -1018
  503.6000	             -976
  503.8000	            -1070
  504.0000	             -965
  504.2000	            -1021
  504.4000	             -983
  504.6000	             -983
  504.8000	            -1011
  505.0000	             -941
  505.2000	             -940
  505.4000	             -909
  505.6000	             -982
  505.8000	            -1001
  506.0000	             -970
  506.2000	             -915
  506.4000	             -942
  506.6000	             -828
  506.8000	             -986
  507.0000	            -1000
  507.2000	             -970
  507.4000	             -965
  507.6000	             -961
  507.8000	            -1011
  508.0000	            -1015
  508.2000	            -1011
  508.4000	            -1036
  508.6000	            -1015
  508.8000	            -1016
  509.0000	             -966
  509.2000	            -1008
  509.4000	            -1042
  509.6000	             -968
  509.8000	             -915
  510.0000	            -1093
  510.2000	            -1018
  510.4000	             -957
  510.6000	             -970
  510.8000	             -974
  511.0000	             -923
  511.2000	            -1043
  511.4000	             -967
  511.6000	            -1001
  511.8000	             -842
  512.0000	             -907
  512.2000	            -1025
  512.4000	             -992
  512.6000	             -804
  512.8000	            -1033
  513.0000	             -966
  513.2000	             -975
  513.4000	             -975
  513.6000	             -900
  513.8000	             -889
  514.0000	             -999
  514.2000	             -946
  514.4000	             -990
  514.6000	             -857
  514.8000	             -886
  515.0000	             -910
  515.2000	             -953
  515.4000	             -827
  515.6000	            -1077
  515.8000	            -1006
  516.0000	             -956
  516.2000	             -919
  516.4000	             -923
  516.6000	             -872
  516.8000	            -1015
  517.0000	             -968
  517.2000	             -910
  517.4000	             -877
  517.6000	             -967
  517.8000	             -830
  518.0000	            -1026
  518.2000	             -944
  518.4000	             -825
  518.6000	            -1025
  518.8000	             -987
  519.0000	             -946
  519.2000	             -847
  519.4000	             -853
  519.6000	             -853
  519.8000	             -980
  520.0000	            -1002
  520.2000	             -965
  520.4000	             -912
  520.6000	             -981
  520.8000	             -850
  521.0000	            -1034
  521.2000	             -919
  521.4000	            -1055
  521.6000	            -1059
  521.8000	            -1087
  522.0000	            -1065
  522.2000	             -999
  522.4000	            -1028
  522.6000	             -959
  522.8000	            -1021
  523.0000	            -1081
  523.2000	            -1071
  523.4000	            -1072
  523.6000	            -1042
  523.8000	             -963
  524.0000	            -1123
  524.2000	            -1036
  524.4000	            -1008
  524.6000	            -1088
  524.8000	            -1137
  525.0000	            -1098
  525.2000	            -1102
  525.4000	            -1090
  525.6000	            -1056
  525.8000	            -1171
  526.0000	            -1101
  526.2000	            -1099
  526.4000	            -1156
  526.6000	            -1080
  526.8000	            -1093
  527.0000	            -1082
  527.2000	            -1115
  527.4000	            -1018
  527.6000	            -1187
  527.8000	            -1106
  528.0000	            -1135
  528.2000	            -1118
  528.4000	            -1107
  528.6000	            -1099
  528.8000	            -1102
  529.0000	            -1097
  529.2000	            -1143
  529.4000	            -1082
  529.6000	            -1164
  529.8000	            -1117
  530.0000	            -1093
  530.2000	            -1130
  530.4000	            -1104
  530.6000	            -1007
  530.8000	            -1162
  531.0000	            -1132
  531.2000	            -1115
  531.4000	            -1089
  531.6000	            -1118
  531.8000	            -1137
  532.0000	            -1143
  532.2000	            -1155
  532.4000	            -1129
  532.6000	            -1118
  532.8000	            -1142
  533.0000	            -1082
  533.2000	            -1083
  533.4000	            -1059
  533.6000	            -1039
  533.8000	            -1058
  534.0000	             -968
  534.2000	             -942
  534.4000	            -1002
  534.6000	             -915
  534.8000	             -871
  535.0000	             -832
  535.2000	             -862
  535.4000	             -930
  535.6000	             -931
  535.8000	             -918
  536.0000	             -868
  536.2000	             -870
  536.4000	             -779
  536.6000	             -742
  536.8000	             -968
  537.0000	             -876
  537.2000	             -538
  537.4000	            -1020
  537.6000	             -908
  537.8000	             -943
  538.0000	             -854
  538.2000	             -792
  538.4000	             -825
  538.6000	             -815
  538.8000	             -846
  539.0000	             -889
  539.2000	             -793
  539.4000	             -866
  539.6000	             -879
  539.8000	             -680
  540.0000	             -816
  540.2000	             -909
  540.4000	             -823
  540.6000	             -535
  540.8000	            -1002
  541.0000	             -913
  541.2000	             -961
  541.4000	             -894
  541.6000	             -791
  541.8000	             -803
  542.0000	             -790
  542.2000	             -602
  542.4000	             -926
  542.6000	             -876
  542.8000	             -840
  543.0000	             -856
  543.2000	             -761
  543.4000	             -766
  543.6000	             -601
  543.8000	             -872
  544.0000	             -736
  544.2000	             -665
  544.4000	             -977
  544.6000	             -893
  544.8000	             -909
  545.0000	             -815
  545.2000	             -812
  545.4000	             -785
  545.6000	             -766
  545.8000	             -625
  546.0000	             -889
  546.2000	             -827
  546.4000	             -807
  546.6000	            -1039
  546.8000	             -940
  547.0000	            -1075
  547.2000	             -780
  547.4000	             -936
  547.6000	             -839
  547.8000	             -700
  548.0000	            -1003
  548.2000	             -822
  548.4000	             -929
  548.6000	             -936
  548.8000	             -919
  549.0000	             -960
  549.2000	            -1053
  549.4000	             -908
  549.6000	             -999
  549.8000	             -976
  550.0000	            -1007
  550.2000	            -1015
  550.4000	             -950
  550.6000	             -866
  550.8000	             -930
  551.0000	             -857
  551.2000	             -912
  551.4000	             -817
  551.6000	             -983
  551.8000	             -964
  552.0000	            -1069
  552.2000	            -1077
  552.4000	            -1051
  552.6000	            -1022
  552.8000	            -1094
  553.0000	            -1040
  553.2000	             -964
  553.4000	            -1017
  553.6000	            -1071
  553.8000	            -1052
  554.0000	            -1086
  554.2000	            -1016
  554.4000	            -1060
  554.6000	            -1113
  554.8000	            -1019
  555.0000	            -1018
  555.2000	             -997
  555.4000	            -1115
  555.6000	            -1171
  555.8000	            -1034
  556.0000	            -1109
  556.2000	            -1049
  556.4000	            -1048
  556.6000	            -1026
  556.8000	             -951
  557.0000	             -939
  557.2000	            -1045
  557.4000	            -1046
  557.6000	            -1069
  557.8000	            -1052
  558.0000	            -1122
  558.2000	            -1098
  558.4000	            -1131
  558.6000	            -1033
  558.8000	            -1051
  559.0000	            -1064
  559.2000	            -1031
  559.4000	            -1059
  559.6000	            -1115
  559.8000	            -1104
  560.0000	            -1171
  560.2000	            -1104
  560.4000	            -1174
  560.6000	            -1097
  560.8000	            -1100
  561.0000	            -1134
  561.2000	            -1145
  561.4000	            -1019
  561.6000	            -1177
  561.8000	            -1159
  562.0000	            -1179
  562.2000	            -1082
  562.4000	            -1118
  562.6000	            -1076
  562.8000	            -1149
  563.0000	            -1143
  563.2000	            -1127
  563.4000	            -1172
  563.6000	            -1156
  563.8000	            -1116
  564.0000	            -1123
  564.2000	            -1120
  564.4000	            -1121
  564.6000	            -1166
  564.8000	            -1125
  565.0000	            -1122
  565.2000	            -1101
  565.4000	            -1152
  565.6000	            -1171
  565.8000	            -1110
  566.0000	            -1114
  566.2000	            -1183
  566.4000	            -1142
  566.6000	            -1115
  566.8000	            -1112
  567.0000	            -1136
  567.2000	            -1116
  567.4000	            -1172
  567.6000	            -1087
  567.8000	            -1101
  568.0000	            -1106
  568.2000	            -1114
  568.4000	            -1092
  568.6000	            -1104
  568.8000	            -1071
  569.0000	            -1143
  569.2000	            -1053
  569.4000	            -1078
  569.6000	            -1015
  569.8000	            -1067
  570.0000	            -1086
  570.2000	            -1181
  570.4000	            -1106
  570.6000	            -1033
  570.8000	            -1115
  571.0000	            -1122
  571.2000	            -1074
  571.4000	            -1091
  571.6000	            -1045
  571.8000	            -1042
  572.0000	             -915
  572.2000	             -976
  572.4000	             -913
  572.6000	             -828
  572.8000	             -807
  573.0000	             -880
  573.2000	             -848
  573.4000	            -1017
  573.6000	             -964
  573.8000	             -919
  574.0000	             -919
  574.2000	             -876
  574.4000	             -731
  574.6000	             -412
  574.8000	             -561
  575.0000	             -790
  575.2000	             -779
  575.4000	             -405
  575.6000	            -1005
  575.8000	             -878
  576.0000	            -1018
  576.2000	             -924
  576.4000	             -919
  576.6000	             -970
  576.8000	             -839
  577.0000	             -902
  577.2000	             -825
  577.4000	             -820
  577.6000	             -800
  577.8000	             -782
  578.0000	             -767
  578.2000	             -721
  578.4000	             -825
  578.6000	             -900
  578.8000	             -740
  579.0000	             -749
  579.2000	             -680
  579.4000	             -825
  579.6000	             -528
  579.8000	             -849
  580.0000	             -569
  580.2000	             -419
  580.4000	             -387
  580.6000	             -871
  580.8000	             -877
  581.0000	             -944
  581.2000	             -690
  581.4000	             -767
  581.6000	             -772
  581.8000	             -788
  582.0000	             -828
  582.2000	             -753
  582.4000	             -627
  582.6000	             -574
  582.8000	             -558
  583.0000	             -616
  583.2000	             -672
  583.4000	             -763
  583.6000	             -765
  583.8000	             -743
  584.0000	             -648
  584.2000	             -598
  584.4000	             -792
  584.6000	             -437
  584.8000	             -857
  585.0000	             -813
  585.2000	             -700
  585.4000	             -552
  585.6000	            -1004
  585.8000	             -928
  586.0000	             -926
  586.2000	             -797
  586.4000	             -885
  586.6000	             -805
  586.8000	             -784
  587.0000	             -817
  587.2000	             -688
  587.4000	             -763
  587.6000	             -748
  587.8000	             -719
  588.0000	             -698
  588.2000	             -615
  588.4000	             -857
  588.6000	             -819
  588.8000	             -692
  589.0000	             -849
  589.2000	             -762
  589.4000	             -655
  589.6000	             -702
  589.8000	             -513
  590.0000	             -914
  590.2000	             -857
  590.4000	             -666
  590.6000	             -925
  590.8000	            -1053
  591.0000	             -964
  591.2000	             -992
  591.4000	             -846
  591.6000	             -879
  591.8000	             -834
  592.0000	             -873
  592.2000	             -831
  592.4000	             -756
  592.6000	             -801
  592.8000	             -757
  593.0000	             -753
  593.2000	             -786
  593.4000	             -687
  593.6000	             -941
  593.8000	             -882
  594.0000	             -860
  594.2000	             -790
  594.4000	             -749
  594.6000	             -592
  594.8000	             -852
  595.0000	             -570
  595.2000	             -894
  595.4000	             -924
  595.6000	             -825
  595.8000	             -505
  596.0000	            -1142
  596.2000	             -992
  596.4000	             -987
  596.6000	            -1069
  596.8000	             -946
  597.0000	             -948
  597.2000	             -864
  597.4000	             -841
  597.6000	             -964
  597.8000	             -808
  598.0000	             -835
  598.2000	             -821
  598.4000	             -759
  598.6000	             -766
  598.8000	             -663
  599.0000	             -943
  599.2000	             -903
  599.4000	             -862
  599.6000	             -830
  599.8000	             -793
  600.0000	             -742
  600.2000	             -901
  600.4000	             -722
  600.6000	             -792
  600.8000	             -980
  601.0000	             -945
  601.2000	             -621
  601.4000	            -1115
  601.6000	            -1106
  601.8000	            -1077
  602.0000	            -1059
  602.2000	            -1007
  602.4000	            -1058
  602.6000	            -1067
  602.8000	            -1000
  603.0000	            -1007
  603.2000	            -1063
  603.4000	            -1034
  603.6000	             -964
  603.8000	             -970
  604.0000	             -984
  604.2000	             -983
  604.4000	             -907
  604.6000	            -1067
  604.8000	            -1048
  605.0000	            -1073
  605.2000	            -1069
  605.4000	            -1045
  605.6000	             -966
  605.8000	            -1091
  606.0000	             -990
  606.2000	             -959
  606.4000	            -1101
  606.6000	            -1076
  606.8000	             -830
  607.0000	            -1156
  607.2000	            -1171
  607.4000	            -1177
  607.6000	            -1135
  607.8000	            -1118
  608.0000	            -1159
  608.2000	            -1138
  608.4000	            -1156
  608.6000	            -1100
  608.8000	            -1125
  609.0000	            -1117
  609.2000	            -1130
  609.4000	            -1091
  609.6000	            -1113
  609.8000	            -1113
  610.0000	            -1109
  610.2000	            -1050
  610.4000	            -1137
  610.6000	            -1134
  610.8000	            -1143
  611.0000	            -1106
  611.2000	            -1120
  611.4000	            -1080
  611.6000	            -1164
  611.8000	            -1094
  612.0000	            -1118
  612.2000	            -1172
  612.4000	            -1172
  612.6000	            -1002
  612.8000	            -1235
  613.0000	            -1177
  613.2000	            -1184
  613.4000	            -1227
  613.6000	            -1181
  613.8000	            -1208
  614.0000	            -1221
  614.2000	            -1176
  614.4000	            -1178
  614.6000	            -1173
  614.8000	            -1149
  615.0000	            -1192
  615.2000	            -1177
  615.4000	            -1180
  615.6000	            -1187
  615.8000	            -1194
  616.0000	            -1171
  616.2000	            -1189
  616.4000	            -1198
  616.6000	            -1200
  616.8000	            -1177
  617.0000	            -1182
  617.2000	            -1221
  617.4000	            -1112
  617.6000	            -1184
  617.8000	            -1124
  618.0000	            -1159
  618.2000	            -1185
  618.4000	            -1222
  618.6000	            -1176
  618.8000	            -1185
  619.0000	            -1201
  619.2000	            -1201
  619.4000	            -1221
  619.6000	            -1188
  619.8000	            -1154
  620.0000	            -1201
  620.2000	            -1192
  620.4000	            -1168
  620.6000	            -1223
  620.8000	            -1155
  621.0000	            -1193
  621.2000	            -1100
  621.4000	            -1174
  621.6000	            -1139
  621.8000	            -1172
  622.0000	            -1121
  622.2000	            -1118
  622.4000	            -1123
  622.6000	            -1143
  622.8000	            -1186
  623.0000	            -1153
  623.2000	            -1207
  623.4000	            -1177
  623.6000	            -1112
  623.8000	            -1167
  624.0000	            -1204
  624.2000	            -1099
  624.4000	            -1140
  624.6000	            -1179
  624.8000	            -1176
  625.0000	            -1118
  625.2000	            -1089
  625.4000	            -1221
  625.6000	            -1186
  625.8000	            -1172
  626.0000	            -1198
  626.2000	            -1148
  626.4000	            -1097
  626.6000	            -1153
  626.8000	            -1144
  627.0000	            -1174
  627.2000	            -1134
  627.4000	            -1085
  627.6000	            -1101
  627.8000	            -1194
  628.0000	            -1077
  628.2000	            -1078
  628.4000	            -1008
  628.6000	            -1042
  628.8000	            -1069
  629.0000	            -1049
  629.2000	            -1072
  629.4000	             -976
  629.6000	            -1005
  629.8000	            -1045
  630.0000	            -1039
  630.2000	            -1045
  630.4000	            -1034
  630.6000	             -979
  630.8000	            -1096
  631.0000	            -1037
  631.2000	             -892
  631.4000	            -1153
  631.6000	            -1109
  631.8000	            -1089
  632.0000	            -1051
  632.2000	             -946
  632.4000	            -1165
  632.6000	            -1098
  632.8000	            -1104
  633.0000	            -1115
  633.2000	            -1044
  633.4000	            -1093
  633.6000	            -1092
  633.8000	            -1091
  634.0000	            -1072
  634.2000	             -957
  634.4000	            -1072
  634.6000	            -1156
  634.8000	            -1065
  635.0000	             -937
  635.2000	             -987
  635.4000	            -1039
  635.6000	            -1058
  635.8000	             -934
  636.0000	             -912
  636.2000	             -881
  636.4000	             -900
  636.6000	             -848
  636.8000	            -1006
  637.0000	            -1040
  637.2000	            -1026
  637.4000	            -1045
  637.6000	            -1054
  637.8000	            -1019
  638.0000	            -1033
  638.2000	             -967
  638.4000	             -803
  638.6000	             -999
  638.8000	            -1115
  639.0000	             -946
  639.2000	             -998
  639.4000	             -880
  639.6000	            -1176
  639.8000	            -1032
  640.0000	            -1098
  640.2000	            -1093
  640.4000	             -981
  640.6000	             -982
  640.8000	            -1018
  641.0000	            -1006
  641.2000	            -1071
  641.4000	            -1007
  641.6000	            -1118
  641.8000	            -1016
  642.0000	             -823
  642.2000	             -895
  642.4000	             -895
  642.6000	             -981
  642.8000	             -753
  643.0000	             -831
  643.2000	             -876
  643.4000	             -856
  643.6000	             -815
  643.8000	             -748
  644.0000	             -821
  644.2000	             -782
  644.4000	             -999
  644.6000	             -841
  644.8000	             -850
  645.0000	             -813
  645.2000	             -682
  645.4000	            -1013
  645.6000	             -738
  645.8000	             -693
  646.0000	             -908
  646.2000	            -1041
  646.4000	             -823
  646.6000	             -976
  646.8000	             -817
  647.0000	            -1176
  647.2000	             -989
  647.4000	            -1046
  647.6000	            -1085
  647.8000	             -915
  648.0000	            -1103
  648.2000	            -1014
  648.4000	             -974
  648.6000	            -1097
  648.8000	            -1107
  649.0000	            -1079
  649.2000	             -976
  649.4000	             -963
  649.6000	            -1105
  649.8000	             -915
  650.0000	             -831
  650.2000	            -1001
  650.4000	            -1007
  650.6000	             -918
  650.8000	             -914
  651.0000	             -910
  651.2000	            -1008
  651.4000	             -969
  651.6000	             -946
  651.8000	             -952
  652.0000	             -924
  652.2000	             -915
  652.4000	             -909
  652.6000	             -903
  652.8000	             -743
  653.0000	            -1067
  653.2000	             -882
  653.4000	             -664
  653.6000	             -999
  653.8000	            -1059
  654.0000	             -920
  654.2000	             -786
  654.4000	             -739
  654.6000	            -1194
  654.8000	            -1036
  655.0000	            -1154
  655.2000	             -970
  655.4000	            -1119
  655.6000	            -1022
  655.8000	            -1009
  656.0000	            -1026
  656.2000	            -1090
  656.4000	            -1007
  656.6000	            -1013
  656.8000	            -1106
  657.0000	            -1073
  657.2000	             -848
  657.4000	            -1003
  657.6000	             -965
  657.8000	             -967
  658.0000	             -810
  658.2000	             -968
  658.4000	             -909
  658.6000	             -895
  658.8000	             -889
  659.0000	             -887
  659.2000	             -851
  659.4000	             -844
  659.6000	             -896
  659.8000	             -975
  660.0000	             -940
  660.2000	             -997
  660.4000	             -997
  660.6000	             -932
  660.8000	            -1052
  661.0000	             -834
  661.2000	             -851
  661.4000	            -1074
  661.6000	            -1023
  661.8000	            -1048
  662.0000	             -992
  662.2000	             -781
  662.4000	            -1155
  662.6000	            -1104
  662.8000	            -1067
  663.0000	            -1050
  663.2000	            -1061
  663.4000	             -976
  663.6000	            -1075
  663.8000	            -1059
  664.0000	             -959
  664.2000	            -1094
  664.4000	            -1069
  664.6000	            -1039
  664.8000	            -1033
  665.0000	            -1052
  665.2000	             -835
  665.4000	             -974
  665.6000	            -1069
  665.8000	             -930
  666.0000	             -766
  666.2000	             -970
  666.4000	             -846
  666.6000	             -883
  666.8000	             -859
  667.0000	             -866
  667.2000	             -850
  667.4000	             -772
  667.6000	             -805
  667.8000	             -975
  668.0000	             -990
  668.2000	             -999
  668.4000	             -930
  668.6000	             -970
  668.8000	             -752
  669.0000	             -973
  669.2000	             -878
  669.4000	             -691
  669.6000	            -1019
  669.8000	            -1052
  670.0000	            -1000
  670.2000	             -924
  670.4000	             -763
  670.6000	            -1191
  670.8000	            -1039
  671.0000	            -1126
  671.2000	            -1051
  671.4000	            -1114
  671.6000	            -1050
  671.8000	            -1132
  672.0000	            -1067
  672.2000	            -1050
  672.4000	            -1116
  672.6000	            -1091
  672.8000	            -1047
  673.0000	            -1166
  673.2000	            -1120
  673.4000	            -1043
  673.6000	            -1163
  673.8000	            -1060
  674.0000	             -983
  674.2000	            -1084
  674.4000	            -1007
  674.6000	             -999
  674.8000	             -983
  675.0000	             -970
  675.2000	             -980
  675.4000	             -970
  675.6000	             -883
  675.8000	             -975
  676.0000	            -1077
  676.2000	            -1033
  676.4000	            -1022
  676.6000	            -1052
  676.8000	            -1001
  677.0000	             -975
  677.2000	             -980
  677.4000	            -1104
  677.6000	            -1034
  677.8000	             -978
  678.0000	            -1135
  678.2000	            -1148
  678.4000	            -1077
  678.6000	            -1069
  678.8000	             -987
  679.0000	            -1235
  679.2000	            -1195
  679.4000	            -1184
  679.6000	            -1194
  679.8000	            -1203
  680.0000	            -1133
  680.2000	            -1148
  680.4000	            -1177
  680.6000	            -1170
  680.8000	            -1169
  681.0000	            -1191
  681.2000	            -1182
  681.4000	            -1180
  681.6000	            -1224
  681.8000	            -1180
  682.0000	            -1180
  682.2000	            -1194
  682.4000	            -1193
  682.6000	            -1174
  682.8000	            -1194
  683.0000	            -1189
  683.2000	            -1197
  683.4000	            -1161
  683.6000	            -1167
  683.8000	            -1118
  684.0000	            -1171
  684.2000	            -1161
  684.4000	            -1107
  684.6000	            -1167
  684.8000	            -1189
  685.0000	            -1180
  685.2000	            -1171
  685.4000	            -1128
  685.6000	            -1173
  685.8000	            -1144
  686.0000	            -1199
  686.2000	            -1148
  686.4000	            -1118
  686.6000	            -1155
  686.8000	            -1163
  687.0000	            -1198
  687.2000	            -1155
  687.4000	            -1083
  687.6000	            -1231
  687.8000	            -1227
  688.0000	            -1185
  688.2000	            -1230
  688.4000	            -1212
  688.6000	            -1183
  688.8000	            -1182
  689.0000	            -1232
  689.2000	            -1244
  689.4000	            -1210
  689.6000	            -1219
  689.8000	            -1242
  690.0000	            -1205
  690.2000	            -1247
  690.4000	            -1247
  690.6000	            -1210
  690.8000	            -1229
  691.0000	            -1210
  691.2000	            -1237
  691.4000	            -1237
  691.6000	            -1204
  691.8000	            -1222
  692.0000	            -1219
  692.2000	            -1225
  692.4000	            -1219
  692.6000	            -1200
  692.8000	            -1217
  693.0000	            -1200
  693.2000	            -1219
  693.4000	            -1223
  693.6000	            -1237
  693.8000	            -1241
  694.0000	            -1211
  694.2000	            -1233
  694.4000	            -1240
  694.6000	            -1185
  694.8000	            -1218
  695.0000	            -1223
  695.2000	            -1211
  695.4000	            -1216
  695.6000	            -1238
  695.8000	            -1223
  696.0000	            -1237
  696.2000	            -1197
  696.4000	            -1133
  696.6000	            -1231
  696.8000	            -1210
  697.0000	            -1232
  697.2000	            -1195
  697.4000	            -1234
  697.6000	            -1214
  697.8000	            -1220
  698.0000	            -1223
  698.2000	            -1241
  698.4000	            -1226
  698.6000	            -1223
  698.8000	            -1223
  699.0000	            -1223
  699.2000	            -1210
  699.4000	            -1210
  699.6000	            -1219
  699.8000	            -1223
  700.0000	            -1223
  700.2000	            -1186
  700.4000	            -1228
  700.6000	            -1183
  700.8000	            -1201
  701.0000	            -1220
  701.2000	            -1183
  701.4000	            -1223
  701.6000	            -1186
  701.8000	            -1237
  702.0000	            -1211
  702.2000	            -1246
  702.4000	            -1201
  702.6000	            -1214
  702.8000	            -1181
  703.0000	            -1220
  703.2000	            -1206
  703.4000	            -1237
  703.6000	            -1210
  703.8000	            -1226
  704.0000	            -1207
  704.2000	            -1200
  704.4000	            -1221
  704.6000	            -1210
  704.8000	            -1210
  705.0000	            -1200
  705.2000	            -1204
  705.4000	            -1185
  705.6000	            -1185
  705.8000	            -1198
  706.0000	            -1208
  706.2000	            -1201
  706.4000	            -1241
  706.6000	            -1130
  706.8000	            -1220
  707.0000	            -1214
  707.2000	            -1219
  707.4000	            -1220
  707.6000	            -1214
  707.8000	            -1220
  708.0000	            -1228
  708.2000	            -1185
  708.4000	            -1210
  708.6000	            -1224
  708.8000	            -1180
  709.0000	            -1210
  709.2000	            -1230
  709.4000	            -1203
  709.6000	            -1185
  709.8000	            -1219
  710.0000	            -1221
  710.2000	            -1198
  710.4000	            -1221
  710.6000	            -1177
  710.8000	            -1246
  711.0000	            -1180
  711.2000	            -1177
  711.4000	            -1178
  711.6000	            -1184
  711.8000	            -1185
  712.0000	            -1204
  712.2000	            -1194
  712.4000	            -1186
  712.6000	            -1198
  712.8000	            -1191
  713.0000	            -1203
  713.2000	            -1193
  713.4000	            -1185
  713.6000	            -1197
  713.8000	            -1197
  714.0000	            -1180
  714.2000	            -1198
  714.4000	            -1199
  714.6000	            -1186
  714.8000	            -1187
  715.0000	            -1223
  715.2000	            -1198
  715.4000	            -1166
  715.6000	            -1177
  715.8000	            -1166
  716.0000	            -1185
  716.2000	            -1199
  716.4000	            -1223
  716.6000	            -1229
  716.8000	            -1192
  717.0000	            -1180
  717.2000	            -1221
  717.4000	            -1177
  717.6000	            -1240
  717.8000	            -1180
  718.0000	            -1224
  718.2000	            -1204
  718.4000	            -1221
  718.6000	            -1219
  718.8000	            -1187
  719.0000	            -1235
  719.2000	            -1166
  719.4000	            -1192
  719.6000	            -1201
  719.8000	            -1215
  720.0000	            -1206
  720.2000	            -1227
  720.4000	            -1191
  720.6000	            -1194
  720.8000	            -1174
  721.0000	            -1168
  721.2000	            -1180
  721.4000	            -1204
  721.6000	            -1128
  721.8000	            -1199
  722.0000	            -1186
  722.2000	            -1221
  722.4000	            -1139
  722.6000	            -1194
  722.8000	            -1127
  723.0000	            -1156
  723.2000	            -1174
  723.4000	            -1130
  723.6000	            -1186
  723.8000	            -1100
  724.0000	            -1155
  724.2000	            -1107
  724.4000	            -1204
  724.6000	            -1123
  724.8000	            -1090
  725.0000	            -1123
  725.2000	            -1155
  725.4000	            -1171
  725.6000	            -1162
  725.8000	            -1115
  726.0000	            -1090
  726.2000	            -1177
  726.4000	            -1133
  726.6000	            -1170
  726.8000	            -1170
  727.0000	            -1133
  727.2000	            -1077
  727.4000	            -1176
  727.6000	            -1197
  727.8000	            -1129
  728.0000	            -1210
  728.2000	            -1171
  728.4000	            -1133
  728.6000	            -1203
  728.8000	            -1144
  729.0000	            -1188
  729.2000	            -1185
  729.4000	            -1179
  729.6000	            -1186
  729.8000	            -1118
  730.0000	            -1240
  730.2000	            -1189
  730.4000	            -1211
  730.6000	            -1156
  730.8000	            -1185
  731.0000	            -1186
  731.2000	            -1144
  731.4000	            -1101
  731.6000	            -1194
  731.8000	            -1156
  732.0000	            -1110
  732.2000	            -1160
  732.4000	            -1087
  732.6000	            -1171
  732.8000	            -1080
  733.0000	            -1130
  733.2000	            -1094
  733.4000	            -1198
  733.6000	            -1006
  733.8000	            -1088
  734.0000	            -1128
  734.2000	            -1052
  734.4000	            -1104
  734.6000	            -1098
  734.8000	            -1097
  735.0000	            -1051
  735.2000	            -1130
  735.4000	            -1167
  735.6000	            -1100
  735.8000	            -1165
  736.0000	            -1101
  736.2000	            -1166
  736.4000	            -1122
  736.6000	            -1111
  736.8000	            -1125
  737.0000	            -1115
  737.2000	            -1134
  737.4000	            -1150
  737.6000	            -1159
  737.8000	            -1171
  738.0000	            -1168
  738.2000	            -1166
  738.4000	            -1037
  738.6000	            -1104
  738.8000	            -1183
  739.0000	            -1220
  739.2000	            -1143
  739.4000	            -1187
  739.6000	            -1147
  739.8000	            -1195
  740.0000	            -1154
  740.2000	            -1108
  740.4000	            -1163
  740.6000	            -1194
  740.8000	            -1193
  741.0000	            -1200
  741.2000	            -1139
  741.4000	            -1223
  741.6000	            -1185
  741.8000	            -1172
  742.0000	            -1194
  742.2000	            -1189
  742.4000	            -1200
  742.6000	            -1177
  742.8000	            -1177
  743.0000	            -1180
  743.2000	            -1221
  743.4000	            -1156
  743.6000	            -1118
  743.8000	            -1170
  744.0000	            -1100
  744.2000	            -1149
  744.4000	            -1139
  744.6000	            -1127
  744.8000	            -1096
  745.0000	            -1128
  745.2000	             -986
  745.4000	            -1106
  745.6000	            -1013
  745.8000	            -1095
  746.0000	            -1028
  746.2000	            -1062
  746.4000	            -1122
  746.6000	            -1016
  746.8000	            -1076
  747.0000	            -1180
  747.2000	            -1061
  747.4000	            -1119
  747.6000	            -1091
  747.8000	            -1118
  748.0000	            -1003
  748.2000	            -1025
  748.4000	            -1182
  748.6000	            -1134
  748.8000	            -1101
  749.0000	            -1025
  749.2000	            -1133
  749.4000	            -1170
  749.6000	            -1131
  749.8000	            -1172
  750.0000	            -1163
  750.2000	             -935
  750.4000	             -687
  750.6000	            -1198
  750.8000	            -1180
  751.0000	            -1171
  751.2000	            -1184
  751.4000	             -893
  751.6000	            -1168
  751.8000	            -1171
  752.0000	            -1150
  752.2000	            -1187
  752.4000	            -1194
  752.6000	            -1191
  752.8000	            -1221
  753.0000	            -1121
  753.2000	            -1162
  753.4000	            -1203
  753.6000	            -1115
  753.8000	            -1214
  754.0000	            -1119
  754.2000	            -1189
  754.4000	            -1097
  754.6000	            -1154
  754.8000	            -1101
  755.0000	            -1193
  755.2000	            -1155
  755.4000	            -1162
  755.6000	            -1156
  755.8000	            -1172
  756.0000	            -1113
  756.2000	            -1097
  756.4000	            -1093
  756.6000	            -1100
  756.8000	            -1079
  757.0000	            -1143
  757.2000	             -988
  757.4000	            -1097
  757.6000	            -1050
  757.8000	            -1115
  758.0000	            -1097
  758.2000	            -1089
  758.4000	            -1108
  758.6000	            -1080
  758.8000	            -1121
  759.0000	            -1198
  759.2000	            -1131
  759.4000	            -1086
  759.6000	            -1118
  759.8000	            -1077
  760.0000	            -1084
  760.2000	            -1115
  760.4000	            -1141
  760.6000	            -1174
  760.8000	            -1143
  761.0000	            -1077
  761.2000	            -1069
  761.4000	            -1140
  761.6000	            -1154
  761.8000	            -1174
  762.0000	            -1138
  762.2000	            -1113
  762.4000	            -1046
  762.6000	            -1097
  762.8000	            -1203
  763.0000	            -1163
  763.2000	            -1138
  763.4000	             -799
  763.6000	            -1177
  763.8000	            -1143
  764.0000	            -1194
  764.2000	            -1189
  764.4000	            -1155
  764.6000	            -1110
  764.8000	            -1163
  765.0000	            -1191
  765.2000	            -1203
  765.4000	            -1154
  765.6000	            -1185
  765.8000	            -1198
  766.0000	            -1076
  766.2000	            -1164
  766.4000	            -1168
  766.6000	            -1162
  766.8000	            -1128
  767.0000	            -1127
  767.2000	            -1099
  767.4000	            -1197
  767.6000	            -1166
  767.8000	            -1148
  768.0000	            -1142
  768.2000	            -1149
  768.4000	            -1156
  768.6000	            -1092
  768.8000	            -1103
  769.0000	            -1087
  769.2000	            -1111
  769.4000	            -1115
  769.6000	            -1009
  769.8000	            -1168
  770.0000	            -1139
  770.2000	             -970
  770.4000	            -1099
  770.6000	            -1064
  770.8000	            -1041
  771.0000	            -1062
  771.2000	            -1034
  771.4000	            -1114
  771.6000	            -1145
  771.8000	            -1071
  772.0000	            -1054
  772.2000	            -1166
  772.4000	             -982
  772.6000	            -1067
  772.8000	            -1093
  773.0000	            -1044
  773.2000	            -1090
  773.4000	            -1089
  773.6000	            -1099
  773.8000	            -1039
  774.0000	            -1134
  774.2000	            -1174
  774.4000	            -1178
  774.6000	            -1115
  774.8000	            -1149
  775.0000	            -1106
  775.2000	            -1086
  775.4000	            -1199
  775.6000	            -1191
  775.8000	            -1226
  776.0000	            -1212
  776.2000	            -1182
  776.4000	            -1180
  776.6000	            -1199
  776.8000	            -1185
  777.0000	            -1211
  777.2000	            -1190
  777.4000	            -1201
  777.6000	            -1219
  777.8000	            -1231
  778.0000	            -1235
  778.2000	            -1201
  778.4000	            -1200
  778.6000	            -1215
  778.8000	            -1197
  779.0000	            -1225
  779.2000	            -1185
  779.4000	            -1248
  779.6000	            -1201
  779.8000	            -1205
  780.0000	            -1213
  780.2000	            -1233
  780.4000	            -1186
  780.6000	            -1197
  780.8000	            -1220
  781.0000	            -1224
  781.2000	            -1197
  781.4000	            -1193
  781.6000	            -1201
  781.8000	            -1214
  782.0000	            -1201
  782.2000	            -1235
  782.4000	            -1195
  782.6000	            -1231
  782.8000	            -1189
  783.0000	            -1200
  783.2000	            -1220
  783.4000	            -1195
  783.6000	            -1182
  783.8000	            -1224
  784.0000	            -1202
  784.2000	            -1220
  784.4000	            -1197
  784.6000	            -1215
  784.8000	            -1214
  785.0000	            -1181
  785.2000	            -1229
  785.4000	            -1221
  785.6000	            -1212
  785.8000	            -1213
  786.0000	            -1222
  786.2000	            -1219
  786.4000	            -1178
  786.6000	            -1201
  786.8000	            -1159
  787.0000	            -1203
  787.2000	            -1240
  787.4000	            -1222
  787.6000	            -1226
  787.8000	            -1231
  788.0000	            -1180
  788.2000	            -1200
  788.4000	            -1229
  788.6000	            -1205
  788.8000	            -1225
  789.0000	            -1195
  789.2000	            -1227
  789.4000	            -1232
  789.6000	            -1194
  789.8000	            -1201
  790.0000	            -1204
  790.2000	            -1226
  790.4000	            -1223
  790.6000	            -1210
  790.8000	            -1227
  791.0000	            -1229
  791.2000	            -1227
  791.4000	            -1219
  791.6000	            -1230
  791.8000	            -1210
  792.0000	            -1215
  792.2000	            -1223
  792.4000	            -1227
  792.6000	            -1230
  792.8000	            -1225
  793.0000	            -1199
  793.2000	            -1195
  793.4000	            -1185
  793.6000	            -1231
  793.8000	            -1214
  794.0000	            -1227
  794.2000	            -1230
  794.4000	            -1223
  794.6000	            -1237
  794.8000	            -1091
  795.0000	            -1240
  795.2000	            -1222
  795.4000	            -1223
  795.6000	            -1223
  795.8000	            -1240
  796.0000	            -1231
  796.2000	            -1220
  796.4000	            -1175
  796.6000	            -1185
  796.8000	            -1213
  797.0000	            -1223
  797.2000	            -1194
  797.4000	            -1195
  797.6000	            -1230
  797.8000	            -1225
  798.0000	            -1265
  798.2000	            -1229
  798.4000	            -1240
  798.6000	            -1219
  798.8000	            -1223
  799.0000	            -1210
  799.2000	            -1242
  799.4000	            -1200
  799.6000	            -1223
  799.8000	            -1200
  800.0000	            -1213
  800.2000	            -1227
  800.4000	            -1240
  800.6000	            -1184
  800.8000	            -1225
  801.0000	            -1219
  801.2000	            -1223
  801.4000	            -1115
  801.6000	            -1215
  801.8000	            -1212
  802.0000	            -1235
  802.2000	            -1225
  802.4000	            -1233
  802.6000	            -1223
  802.8000	            -1223
  803.0000	            -1223
  803.2000	            -1225
  803.4000	            -1208
  803.6000	            -1186
  803.8000	            -1228
  804.0000	            -1214
  804.2000	            -1224
  804.4000	            -1195
  804.6000	            -1200
  804.8000	            -1228
  805.0000	            -1231
