  600.0000	            -1072
  600.2000	            -1094
  600.4000	            -1089
  600.6000	            -1081
  600.8000	            -1171
  601.0000	            -1173
  601.2000	            -1102
  601.4000	            -1185
  601.6000	            -1160
  601.8000	            -1162
  602.0000	            -1167
  602.2000	            -1166
  602.4000	            -1171
  602.6000	            -1155
  602.8000	            -1159
  603.0000	            -1118
  603.2000	            -1121
  603.4000	            -1166
  603.6000	            -1112
  603.8000	            -1143
  604.0000	            -1171
  604.2000	            -1144
  604.4000	            -1134
  604.6000	            -1138
  604.8000	            -1174
  605.0000	            -1118
  605.2000	            -1177
  605.4000	            -1160
  605.6000	            -1142
  605.8000	            -1154
  606.0000	            -1121
  606.2000	            -1168
  606.4000	            -1186
  606.6000	            -1182
  606.8000	            -1158
  607.0000	            -1182
  607.2000	            -1246
  607.4000	            -1177
  607.6000	            -1195
  607.8000	            -1182
  608.0000	            -1221
  608.2000	            -1182
  608.4000	            -1216
  608.6000	            -1180
  608.8000	            -1182
  609.0000	            -1215
  609.2000	            -1166
  609.4000	            -1220
  609.6000	            -1140
  609.8000	            -1180
  610.0000	            -1199
  610.2000	            -1176
  610.4000	            -1177
  610.6000	            -1210
  610.8000	            -1222
  611.0000	            -1183
  611.2000	            -1133
  611.4000	            -1203
  611.6000	            -1156
  611.8000	            -1161
  612.0000	            -1210
  612.2000	            -1211
  612.4000	            -1235
  612.6000	            -1191
  612.8000	            -1224
  613.0000	            -1227
  613.2000	            -1204
  613.4000	            -1210
  613.6000	            -1221
  613.8000	            -1229
  614.0000	            -1210
  614.2000	            -1221
  614.4000	            -1192
  614.6000	            -1221
  614.8000	            -1192
  615.0000	            -1186
  615.2000	            -1176
  615.4000	            -1181
  615.6000	            -1225
  615.8000	            -1168
  616.0000	            -1199
  616.2000	            -1210
  616.4000	            -1224
  616.6000	            -1183
  616.8000	            -1198
  617.0000	            -1219
  617.2000	            -1168
  617.4000	            -1187
  617.6000	            -1178
  617.8000	            -1172
  618.0000	            -1210
  618.2000	            -1185
  618.4000	            -1199
  618.6000	            -1193
  618.8000	            -1221
  619.0000	            -1217
  619.2000	            -1196
  619.4000	            -1190
  619.6000	            -1205
  619.8000	            -1182
  620.0000	            -1202
  620.2000	            -1211
  620.4000	            -1195
  620.6000	            -1211
  620.8000	            -1199
  621.0000	            -1221
  621.2000	            -1177
  621.4000	            -1197
  621.6000	            -1220
  621.8000	            -1180
  622.0000	            -1224
  622.2000	            -1221
  622.4000	            -1210
  622.6000	            -1166
  622.8000	            -1221
  623.0000	            -1221
  623.2000	            -1225
  623.4000	            -1204
  623.6000	            -1192
  623.8000	            -1225
  624.0000	            -1235
  624.2000	            -1140
  624.4000	            -1219
  624.6000	            -1192
  624.8000	            -1205
  625.0000	            -1166
  625.2000	            -1183
  625.4000	            -1208
  625.6000	            -1233
  625.8000	            -1200
  626.0000	            -1220
  626.2000	            -1195
  626.4000	            -1213
  626.6000	            -1192
  626.8000	            -1171
  627.0000	            -1203
  627.2000	            -1220
  627.4000	            -1179
  627.6000	            -1204
  627.8000	            -1189
  628.0000	            -1184
  628.2000	            -1200
  628.4000	            -1186
  628.6000	            -1191
  628.8000	            -1166
  629.0000	            -1167
  629.2000	            -1187
  629.4000	            -1179
  629.6000	            -1208
  629.8000	            -1201
  630.0000	            -1133
  630.2000	            -1201
  630.4000	            -1185
  630.6000	            -1180
  630.8000	            -1211
  631.0000	            -1168
  631.2000	            -1144
  631.4000	            -1182
  631.6000	            -1196
  631.8000	            -1210
  632.0000	            -1188
  632.2000	            -1134
  632.4000	            -1227
  632.6000	            -1191
  632.8000	            -1219
  633.0000	            -1176
  633.2000	            -1182
  633.4000	            -1184
  633.6000	            -1168
  633.8000	            -1186
  634.0000	            -1164
  634.2000	            -1144
  634.4000	            -1199
  634.6000	            -1226
  634.8000	            -1180
  635.0000	            -1185
  635.2000	            -1180
  635.4000	            -1181
  635.6000	            -1161
  635.8000	            -1141
  636.0000	            -1166
  636.2000	            -1121
  636.4000	            -1170
  636.6000	            -1172
  636.8000	            -1194
  637.0000	            -1170
  637.2000	            -1174
  637.4000	            -1165
  637.6000	            -1163
  637.8000	            -1110
  638.0000	            -1176
  638.2000	            -1154
  638.4000	            -1110
  638.6000	            -1171
  638.8000	            -1186
  639.0000	            -1193
  639.2000	            -1188
  639.4000	            -1128
  639.6000	            -1208
  639.8000	            -1176
  640.0000	            -1193
  640.2000	            -1198
  640.4000	            -1191
  640.6000	            -1167
  640.8000	            -1207
  641.0000	            -1186
  641.2000	            -1185
  641.4000	            -1129
  641.6000	            -1201
  641.8000	            -1189
  642.0000	            -1097
  642.2000	            -1177
  642.4000	            -1180
  642.6000	            -1166
  642.8000	            -1127
  643.0000	            -1155
  643.2000	            -1127
  643.4000	            -1115
  643.6000	            -1156
  643.8000	            -1147
  644.0000	            -1161
  644.2000	            -1152
  644.4000	            -1139
  644.6000	            -1118
  644.8000	            -1090
  645.0000	            -1104
  645.2000	            -1086
  645.4000	            -1177
  645.6000	            -1101
  645.8000	            -1093
  646.0000	            -1187
  646.2000	            -1153
  646.4000	            -1158
  646.6000	            -1170
  646.8000	            -1090
  647.0000	            -1185
  647.2000	            -1166
  647.4000	            -1180
  647.6000	            -1181
  647.8000	            -1144
  648.0000	            -1211
  648.2000	            -1185
  648.4000	            -1144
  648.6000	            -1211
  648.8000	            -1165
  649.0000	            -1184
  649.2000	            -1148
  649.4000	            -1156
  649.6000	            -1189
  649.8000	            -1185
  650.0000	            -1181
  650.2000	            -1168
  650.4000	            -1188
  650.6000	            -1174
  650.8000	            -1115
  651.0000	            -1124
  651.2000	            -1143
  651.4000	            -1067
  651.6000	            -1104
  651.8000	            -1119
  652.0000	            -1104
  652.2000	            -1143
  652.4000	            -1127
  652.6000	            -1143
  652.8000	            -1118
  653.0000	            -1198
  653.2000	            -1138
  653.4000	            -1115
  653.6000	            -1200
  653.8000	            -1133
  654.0000	            -1166
  654.2000	            -1171
  654.4000	            -1158
  654.6000	            -1201
  654.8000	            -1194
  655.0000	            -1192
  655.2000	            -1170
  655.4000	            -1197
  655.6000	            -1173
  655.8000	            -1211
  656.0000	            -1189
  656.2000	            -1203
  656.4000	            -1180
  656.6000	            -1185
  656.8000	            -1221
  657.0000	            -1133
  657.2000	            -1174
  657.4000	            -1177
  657.6000	            -1182
  657.8000	            -1201
  658.0000	            -1159
  658.2000	            -1158
  658.4000	            -1138
  658.6000	            -1166
  658.8000	            -1168
  659.0000	            -1180
  659.2000	            -1162
  659.4000	            -1153
  659.6000	            -1170
  659.8000	            -1178
  660.0000	            -1170
  660.2000	            -1128
  660.4000	            -1164
  660.6000	            -1138
  660.8000	            -1176
  661.0000	            -1118
  661.2000	            -1102
  661.4000	            -1174
  661.6000	            -1156
  661.8000	            -1189
  662.0000	            -1166
  662.2000	            -1170
  662.4000	            -1224
  662.6000	            -1230
  662.8000	            -1125
  663.0000	            -1189
  663.2000	            -1191
  663.4000	            -1133
  663.6000	            -1182
  663.8000	            -1193
  664.0000	            -1194
  664.2000	            -1201
  664.4000	            -1177
  664.6000	            -1162
  664.8000	            -1173
  665.0000	            -1195
  665.2000	            -1182
  665.4000	            -1163
  665.6000	            -1176
  665.8000	            -1188
  666.0000	            -1119
  666.2000	            -1171
  666.4000	            -1161
  666.6000	            -1136
  666.8000	            -1170
  667.0000	            -1197
  667.2000	            -1186
  667.4000	            -1124
  667.6000	            -1117
  667.8000	            -1191
  668.0000	            -1176
  668.2000	            -1180
  668.4000	            -1095
  668.6000	            -1174
  668.8000	            -1134
  669.0000	            -1156
  669.2000	            -1156
  669.4000	            -1163
  669.6000	            -1178
  669.8000	            -1203
  670.0000	            -1178
  670.2000	            -1192
  670.4000	            -1119
  670.6000	            -1213
  670.8000	            -1211
  671.0000	            -1217
  671.2000	            -1191
  671.4000	            -1188
  671.6000	            -1185
  671.8000	            -1221
  672.0000	            -1139
  672.2000	            -1185
  672.4000	            -1225
  672.6000	            -1192
  672.8000	            -1195
  673.0000	            -1238
  673.2000	            -1205
  673.4000	            -1171
  673.6000	            -1221
  673.8000	            -1204
  674.0000	            -1169
  674.2000	            -1156
  674.4000	            -1191
  674.6000	            -1181
  674.8000	            -1176
  675.0000	            -1166
  675.2000	            -1176
  675.4000	            -1168
  675.6000	            -1201
  675.8000	            -1133
  676.0000	            -1176
  676.2000	            -1184
  676.4000	            -1162
  676.6000	            -1178
  676.8000	            -1180
  677.0000	            -1199
  677.2000	            -1127
  677.4000	            -1203
  677.6000	            -1180
  677.8000	            -1171
  678.0000	            -1199
  678.2000	            -1182
  678.4000	            -1133
  678.6000	            -1199
  678.8000	            -1155
  679.0000	            -1213
  679.2000	            -1228
  679.4000	            -1224
  679.6000	            -1195
  679.8000	            -1224
  680.0000	            -1200
  680.2000	            -1192
  680.4000	            -1215
  680.6000	            -1183
  680.8000	            -1211
  681.0000	            -1183
  681.2000	            -1183
  681.4000	            -1216
  681.6000	            -1185
  681.8000	            -1230
  682.0000	            -1200
  682.2000	            -1237
  682.4000	            -1223
  682.6000	            -1243
  682.8000	            -1133
  683.0000	            -1215
  683.2000	            -1198
  683.4000	            -1208
  683.6000	            -1232
  683.8000	            -1201
  684.0000	            -1197
  684.2000	            -1177
  684.4000	            -1215
  684.6000	            -1219
  684.8000	            -1221
  685.0000	            -1197
  685.2000	            -1238
  685.4000	            -1184
  685.6000	            -1230
  685.8000	            -1231
  686.0000	            -1243
  686.2000	            -1225
  686.4000	            -1203
  686.6000	            -1215
  686.8000	            -1236
  687.0000	            -1216
  687.2000	            -1182
  687.4000	            -1173
  687.6000	            -1221
  687.8000	            -1241
  688.0000	            -1225
  688.2000	            -1210
  688.4000	            -1197
  688.6000	            -1200
  688.8000	            -1213
  689.0000	            -1240
  689.2000	            -1220
  689.4000	            -1211
  689.6000	            -1208
  689.8000	            -1220
  690.0000	            -1213
  690.2000	            -1214
  690.4000	            -1223
  690.6000	            -1223
  690.8000	            -1228
  691.0000	            -1225
  691.2000	            -1202
  691.4000	            -1231
  691.6000	            -1233
  691.8000	            -1229
  692.0000	            -1250
  692.2000	            -1210
  692.4000	            -1235
  692.6000	            -1250
  692.8000	            -1237
  693.0000	            -1220
  693.2000	            -1243
  693.4000	            -1223
  693.6000	            -1254
  693.8000	            -1227
  694.0000	            -1194
  694.2000	            -1231
  694.4000	            -1201
  694.6000	            -1182
  694.8000	            -1222
  695.0000	            -1185
  695.2000	            -1185
  695.4000	            -1235
  695.6000	            -1225
  695.8000	            -1235
  696.0000	            -1223
  696.2000	            -1231
  696.4000	            -1156
  696.6000	            -1182
  696.8000	            -1240
  697.0000	            -1215
  697.2000	            -1218
  697.4000	            -1241
  697.6000	            -1224
  697.8000	            -1201
  698.0000	            -1240
  698.2000	            -1254
  698.4000	            -1187
  698.6000	            -1220
  698.8000	            -1180
  699.0000	            -1210
  699.2000	            -1240
  699.4000	            -1225
  699.6000	            -1205
  699.8000	            -1228
  700.0000	            -1235
  700.2000	            -1195
  700.4000	            -1210
  700.6000	            -1185
  700.8000	            -1223
  701.0000	            -1237
  701.2000	            -1201
  701.4000	            -1182
  701.6000	            -1225
  701.8000	            -1220
  702.0000	            -1223
  702.2000	            -1182
  702.4000	            -1192
  702.6000	            -1223
  702.8000	            -1223
  703.0000	            -1182
  703.2000	            -1234
  703.4000	            -1222
  703.6000	            -1210
  703.8000	            -1224
  704.0000	            -1219
  704.2000	            -1235
  704.4000	            -1201
  704.6000	            -1197
  704.8000	            -1205
  705.0000	            -1201
  705.2000	            -1208
  705.4000	            -1208
  705.6000	            -1220
  705.8000	            -1185
  706.0000	            -1210
  706.2000	            -1213
  706.4000	            -1183
  706.6000	            -1179
  706.8000	            -1204
  707.0000	            -1220
  707.2000	            -1237
  707.4000	            -1195
  707.6000	            -1210
  707.8000	            -1214
  708.0000	            -1211
  708.2000	            -1240
  708.4000	            -1216
  708.6000	            -1201
  708.8000	            -1229
  709.0000	            -1224
  709.2000	            -1223
  709.4000	            -1214
  709.6000	            -1223
  709.8000	            -1198
  710.0000	            -1225
  710.2000	            -1247
  710.4000	            -1240
  710.6000	            -1240
  710.8000	            -1213
  711.0000	            -1197
  711.2000	            -1205
  711.4000	            -1224
  711.6000	            -1214
  711.8000	            -1185
  712.0000	            -1240
  712.2000	            -1219
  712.4000	            -1214
  712.6000	            -1219
  712.8000	            -1205
  713.0000	            -1201
  713.2000	            -1211
  713.4000	            -1223
  713.6000	            -1215
  713.8000	            -1195
  714.0000	            -1201
  714.2000	            -1210
  714.4000	            -1210
  714.6000	            -1192
  714.8000	            -1234
  715.0000	            -1180
  715.2000	            -1168
  715.4000	            -1223
  715.6000	            -1215
  715.8000	            -1220
  716.0000	            -1210
  716.2000	            -1229
  716.4000	            -1241
  716.6000	            -1225
  716.8000	            -1194
  717.0000	            -1220
  717.2000	            -1202
  717.4000	            -1223
  717.6000	            -1232
  717.8000	            -1200
  718.0000	            -1209
  718.2000	            -1225
  718.4000	            -1237
  718.6000	            -1220
  718.8000	            -1229
  719.0000	            -1210
  719.2000	            -1218
  719.4000	            -1227
  719.6000	            -1209
  719.8000	            -1215
  720.0000	            -1203
  720.2000	            -1231
  720.4000	            -1208
  720.6000	            -1177
  720.8000	            -1225
  721.0000	            -1200
  721.2000	            -1200
  721.4000	            -1187
  721.6000	            -1211
  721.8000	            -1243
  722.0000	            -1192
  722.2000	            -1190
  722.4000	            -1192
  722.6000	            -1185
  722.8000	            -1203
  723.0000	            -1203
  723.2000	            -1206
  723.4000	            -1183
  723.6000	            -1221
  723.8000	            -1171
  724.0000	            -1223
  724.2000	            -1197
  724.4000	            -1196
  724.6000	            -1182
  724.8000	            -1217
  725.0000	            -1197
  725.2000	            -1196
  725.4000	            -1201
  725.6000	            -1195
  725.8000	            -1185
  726.0000	            -1203
  726.2000	            -1182
  726.4000	            -1235
  726.6000	            -1182
  726.8000	            -1176
  727.0000	            -1232
  727.2000	            -1193
  727.4000	            -1223
  727.6000	            -1231
  727.8000	            -1187
  728.0000	            -1203
  728.2000	            -1190
  728.4000	            -1187
  728.6000	            -1231
  728.8000	            -1224
  729.0000	            -1200
  729.2000	            -1225
  729.4000	            -1221
  729.6000	            -1197
  729.8000	            -1235
  730.0000	            -1210
  730.2000	            -1221
  730.4000	            -1178
  730.6000	            -1222
  730.8000	            -1183
  731.0000	            -1200
  731.2000	            -1201
  731.4000	            -1190
  731.6000	            -1183
  731.8000	            -1191
  732.0000	            -1207
  732.2000	            -1220
  732.4000	            -1183
  732.6000	            -1214
  732.8000	            -1180
  733.0000	            -1227
  733.2000	            -1221
  733.4000	            -1214
  733.6000	            -1202
  733.8000	            -1178
  734.0000	            -1197
  734.2000	            -1185
  734.4000	            -1185
  734.6000	            -1133
  734.8000	            -1218
  735.0000	            -1192
  735.2000	            -1140
  735.4000	            -1221
  735.6000	            -1173
  735.8000	            -1168
  736.0000	            -1190
  736.2000	            -1185
  736.4000	            -1183
  736.6000	            -1177
  736.8000	            -1133
  737.0000	            -1210
  737.2000	            -1204
  737.4000	            -1220
  737.6000	            -1173
  737.8000	            -1204
  738.0000	            -1183
  738.2000	            -1203
  738.4000	            -1134
  738.6000	            -1198
  738.8000	            -1186
  739.0000	            -1208
  739.2000	            -1183
  739.4000	            -1185
  739.6000	            -1201
  739.8000	            -1200
  740.0000	            -1201
  740.2000	            -1166
  740.4000	            -1186
  740.6000	            -1223
  740.8000	            -1185
  741.0000	            -1233
  741.2000	            -1225
  741.4000	            -1185
  741.6000	            -1223
  741.8000	            -1211
  742.0000	            -1219
  742.2000	            -1213
  742.4000	            -1221
  742.6000	            -1193
  742.8000	            -1221
  743.0000	            -1197
  743.2000	            -1199
  743.4000	            -1211
  743.6000	            -1187
  743.8000	            -1173
  744.0000	            -1210
  744.2000	            -1225
  744.4000	            -1211
  744.6000	            -1229
  744.8000	            -1192
  745.0000	            -1201
  745.2000	            -1135
  745.4000	            -1168
  745.6000	            -1199
  745.8000	            -1166
  746.0000	            -1193
  746.2000	            -1155
  746.4000	            -1198
  746.6000	            -1171
  746.8000	            -1195
  747.0000	            -1203
  747.2000	            -1177
  747.4000	            -1189
  747.6000	            -1225
  747.8000	            -1182
  748.0000	            -1181
  748.2000	            -1183
  748.4000	            -1195
  748.6000	            -1183
  748.8000	            -1177
  749.0000	            -1223
  749.2000	            -1204
  749.4000	            -1210
  749.6000	            -1195
  749.8000	            -1223
  750.0000	            -1195
  750.2000	            -1112
  750.4000	             -980
  750.6000	            -1229
  750.8000	            -1210
  751.0000	            -1185
  751.2000	            -1225
  751.4000	            -1053
  751.6000	            -1182
  751.8000	            -1203
  752.0000	            -1180
  752.2000	            -1214
  752.4000	            -1183
  752.6000	            -1185
  752.8000	            -1235
  753.0000	            -1203
  753.2000	            -1185
  753.4000	            -1203
  753.6000	            -1197
  753.8000	            -1238
  754.0000	            -1171
  754.2000	            -1212
  754.4000	            -1223
  754.6000	            -1185
  754.8000	            -1203
  755.0000	            -1195
  755.2000	            -1230
  755.4000	            -1231
  755.6000	            -1223
  755.8000	            -1210
  756.0000	            -1180
  756.2000	            -1221
  756.4000	            -1160
  756.6000	            -1212
  756.8000	            -1180
  757.0000	            -1237
  757.2000	            -1197
  757.4000	            -1195
  757.6000	            -1195
  757.8000	            -1183
  758.0000	            -1133
  758.2000	            -1168
  758.4000	            -1200
  758.6000	            -1208
  758.8000	            -1183
  759.0000	            -1204
  759.2000	            -1193
  759.4000	            -1199
  759.6000	            -1223
  759.8000	            -1231
  760.0000	            -1231
  760.2000	            -1200
  760.4000	            -1221
  760.6000	            -1195
  760.8000	            -1186
  761.0000	            -1201
  761.2000	            -1204
  761.4000	            -1201
  761.6000	            -1225
  761.8000	            -1225
  762.0000	            -1223
  762.2000	            -1215
  762.4000	            -1177
  762.6000	            -1177
  762.8000	            -1198
  763.0000	            -1189
  763.2000	            -1203
  763.4000	             -984
  763.6000	            -1171
  763.8000	            -1205
  764.0000	            -1220
  764.2000	            -1203
  764.4000	            -1232
  764.6000	            -1225
  764.8000	            -1192
  765.0000	            -1229
  765.2000	            -1200
  765.4000	            -1176
  765.6000	            -1240
  765.8000	            -1208
  766.0000	            -1185
  766.2000	            -1210
  766.4000	            -1235
  766.6000	            -1223
  766.8000	            -1211
  767.0000	            -1181
  767.2000	            -1197
  767.4000	            -1220
  767.6000	            -1228
  767.8000	            -1226
  768.0000	            -1196
  768.2000	            -1183
  768.4000	            -1235
  768.6000	            -1182
  768.8000	            -1203
  769.0000	            -1221
  769.2000	            -1225
  769.4000	            -1222
  769.6000	            -1156
  769.8000	            -1239
  770.0000	            -1216
  770.2000	            -1154
  770.4000	            -1217
  770.6000	            -1208
  770.8000	            -1156
  771.0000	            -1206
  771.2000	            -1196
  771.4000	            -1203
  771.6000	            -1217
  771.8000	            -1201
  772.0000	            -1197
  772.2000	            -1185
  772.4000	            -1162
  772.6000	            -1213
  772.8000	            -1201
  773.0000	            -1166
  773.2000	            -1184
  773.4000	            -1224
  773.6000	            -1185
  773.8000	            -1195
  774.0000	            -1186
  774.2000	            -1223
  774.4000	            -1215
  774.6000	            -1182
  774.8000	            -1221
  775.0000	            -1197
  775.2000	            -1187
  775.4000	            -1219
  775.6000	            -1185
  775.8000	            -1197
  776.0000	            -1240
  776.2000	            -1235
  776.4000	            -1199
  776.6000	            -1183
  776.8000	            -1192
  777.0000	            -1228
  777.2000	            -1199
  777.4000	            -1182
  777.6000	            -1201
  777.8000	            -1240
  778.0000	            -1230
  778.2000	            -1205
  778.4000	            -1195
  778.6000	            -1205
  778.8000	            -1238
  779.0000	            -1229
  779.2000	            -1195
  779.4000	            -1210
  779.6000	            -1214
  779.8000	            -1176
  780.0000	            -1220
  780.2000	            -1214
  780.4000	            -1247
  780.6000	            -1213
  780.8000	            -1216
  781.0000	            -1240
  781.2000	            -1231
  781.4000	            -1240
  781.6000	            -1199
  781.8000	            -1197
  782.0000	            -1223
  782.2000	            -1215
  782.4000	            -1210
  782.6000	            -1213
  782.8000	            -1220
  783.0000	            -1229
  783.2000	            -1231
  783.4000	            -1207
  783.6000	            -1215
  783.8000	            -1196
  784.0000	            -1213
  784.2000	            -1240
  784.4000	            -1210
  784.6000	            -1220
  784.8000	            -1185
  785.0000	            -1186
  785.2000	            -1228
  785.4000	            -1190
  785.6000	            -1223
  785.8000	            -1186
  786.0000	            -1201
  786.2000	            -1204
  786.4000	            -1200
  786.6000	            -1231
  786.8000	            -1185
  787.0000	            -1213
  787.2000	            -1231
  787.4000	            -1236
  787.6000	            -1201
  787.8000	            -1237
  788.0000	            -1220
  788.2000	            -1230
  788.4000	            -1220
  788.6000	            -1235
  788.8000	            -1183
  789.0000	            -1198
  789.2000	            -1201
  789.4000	            -1226
  789.6000	            -1204
  789.8000	            -1220
  790.0000	            -1225
  790.2000	            -1227
  790.4000	            -1238
  790.6000	            -1215
  790.8000	            -1185
  791.0000	            -1213
  791.2000	            -1221
  791.4000	            -1196
  791.6000	            -1186
  791.8000	            -1214
  792.0000	            -1223
  792.2000	            -1223
  792.4000	            -1191
  792.6000	            -1219
  792.8000	            -1216
  793.0000	            -1187
  793.2000	            -1219
  793.4000	            -1217
  793.6000	            -1237
  793.8000	            -1215
  794.0000	            -1215
  794.2000	            -1238
  794.4000	            -1237
  794.6000	            -1225
  794.8000	            -1180
  795.0000	            -1221
  795.2000	            -1243
  795.4000	            -1220
  795.6000	            -1219
  795.8000	            -1214
  796.0000	            -1257
  796.2000	            -1214
  796.4000	            -1239
  796.6000	            -1206
  796.8000	            -1215
  797.0000	            -1236
  797.2000	            -1208
  797.4000	            -1235
  797.6000	            -1211
  797.8000	            -1228
  798.0000	            -1225
  798.2000	            -1182
  798.4000	            -1220
  798.6000	            -1240
  798.8000	            -1208
  799.0000	            -1200
  799.2000	            -1213
  799.4000	            -1183
  799.6000	            -1197
  799.8000	            -1218
  800.0000	            -1240
  800.2000	            -1227
  800.4000	            -1221
  800.6000	            -1203
  800.8000	            -1235
  801.0000	            -1223
  801.2000	            -1219
  801.4000	            -1166
  801.6000	            -1238
  801.8000	            -1223
  802.0000	            -1222
  802.2000	            -1211
  802.4000	            -1201
  802.6000	            -1220
  802.8000	            -1237
  803.0000	            -1223
  803.2000	            -1231
  803.4000	            -1214
  803.6000	            -1213
  803.8000	            -1218
  804.0000	            -1200
  804.2000	            -1195
  804.4000	            -1192
  804.6000	            -1227
  804.8000	            -1219
  805.0000	            -1226
