  500.0000	            -1176
  500.2000	            -1185
  500.4000	            -1169
  500.6000	            -1191
  500.8000	            -1182
  501.0000	            -1177
  501.2000	            -1168
  501.4000	            -1173
  501.6000	            -1154
  501.8000	            -1176
  502.0000	            -1184
  502.2000	            -1207
  502.4000	            -1171
  502.6000	            -1162
  502.8000	            -1212
  503.0000	            -1140
  503.2000	            -1198
  503.4000	            -1168
  503.6000	            -1176
  503.8000	            -1180
  504.0000	            -1127
  504.2000	            -1203
  504.4000	            -1170
  504.6000	            -1211
  504.8000	            -1194
  505.0000	            -1182
  505.2000	            -1201
  505.4000	            -1168
  505.6000	            -1180
  505.8000	            -1221
  506.0000	            -1180
  506.2000	            -1185
  506.4000	            -1165
  506.6000	            -1176
  506.8000	            -1140
  507.0000	            -1158
  507.2000	            -1203
  507.4000	            -1177
  507.6000	            -1186
  507.8000	            -1210
  508.0000	            -1167
  508.2000	            -1185
  508.4000	            -1168
  508.6000	            -1216
  508.8000	            -1177
  509.0000	            -1185
  509.2000	            -1182
  509.4000	            -1187
  509.6000	            -1133
  509.8000	            -1169
  510.0000	            -1193
  510.2000	            -1182
  510.4000	            -1174
  510.6000	            -1151
  510.8000	            -1168
  511.0000	            -1184
  511.2000	            -1133
  511.4000	            -1199
  511.6000	            -1194
  511.8000	            -1180
  512.0000	            -1163
  512.2000	            -1187
  512.4000	            -1169
  512.6000	            -1117
  512.8000	            -1166
  513.0000	            -1193
  513.2000	            -1176
  513.4000	            -1200
  513.6000	            -1177
  513.8000	            -1154
  514.0000	            -1198
  514.2000	            -1159
  514.4000	            -1180
  514.6000	            -1155
  514.8000	            -1138
  515.0000	            -1204
  515.2000	            -1173
  515.4000	            -1149
  515.6000	            -1193
  515.8000	            -1177
  516.0000	            -1201
  516.2000	            -1172
  516.4000	            -1133
  516.6000	            -1121
  516.8000	            -1176
  517.0000	            -1139
  517.2000	            -1165
  517.4000	            -1162
  517.6000	            -1138
  517.8000	            -1139
  518.0000	            -1159
  518.2000	            -1166
  518.4000	            -1121
  518.6000	            -1184
  518.8000	            -1166
  519.0000	            -1163
  519.2000	            -1188
  519.4000	            -1179
  519.6000	            -1174
  519.8000	            -1178
  520.0000	            -1186
  520.2000	            -1140
  520.4000	            -1179
  520.6000	            -1172
  520.8000	            -1164
  521.0000	            -1179
  521.2000	            -1180
  521.4000	            -1198
  521.6000	            -1184
  521.8000	            -1226
  522.0000	            -1176
  522.2000	            -1192
  522.4000	            -1169
  522.6000	            -1160
  522.8000	            -1180
  523.0000	            -1207
  523.2000	            -1180
  523.4000	            -1196
  523.6000	            -1156
  523.8000	            -1148
  524.0000	            -1199
  524.2000	            -1174
  524.4000	            -1169
  524.6000	            -1177
  524.8000	            -1198
  525.0000	            -1204
  525.2000	            -1201
  525.4000	            -1133
  525.6000	            -1176
  525.8000	            -1208
  526.0000	            -1211
  526.2000	            -1187
  526.4000	            -1170
  526.6000	            -1158
  526.8000	            -1192
  527.0000	            -1177
  527.2000	            -1194
  527.4000	            -1164
  527.6000	            -1186
  527.8000	            -1198
  528.0000	            -1176
  528.2000	            -1221
  528.4000	            -1189
  528.6000	            -1158
  528.8000	            -1201
  529.0000	            -1127
  529.2000	            -1180
  529.4000	            -1192
  529.6000	            -1214
  529.8000	            -1176
  530.0000	            -1193
  530.2000	            -1133
  530.4000	            -1168
  530.6000	            -1168
  530.8000	            -1221
  531.0000	            -1166
  531.2000	            -1189
  531.4000	            -1199
  531.6000	            -1171
  531.8000	            -1203
  532.0000	            -1155
  532.2000	            -1223
  532.4000	            -1210
  532.6000	            -1156
  532.8000	            -1199
  533.0000	            -1189
  533.2000	            -1182
  533.4000	            -1156
  533.6000	            -1213
  533.8000	            -1124
  534.0000	            -1199
  534.2000	            -1138
  534.4000	            -1186
  534.6000	            -1180
  534.8000	            -1176
  535.0000	            -1163
  535.2000	            -1172
  535.4000	            -1174
  535.6000	            -1187
  535.8000	            -1135
  536.0000	            -1186
  536.2000	            -1176
  536.4000	            -1184
  536.6000	            -1174
  536.8000	            -1199
  537.0000	            -1187
  537.2000	            -1172
  537.4000	            -1184
  537.6000	            -1182
  537.8000	            -1196
  538.0000	            -1138
  538.2000	            -1171
  538.4000	            -1154
  538.6000	            -1159
  538.8000	            -1155
  539.0000	            -1198
  539.2000	            -1176
  539.4000	            -1186
  539.6000	            -1169
  539.8000	            -1166
  540.0000	            -1170
  540.2000	            -1183
  540.4000	            -1192
  540.6000	            -1138
  540.8000	            -1186
  541.0000	            -1185
  541.2000	            -1169
  541.4000	            -1179
  541.6000	            -1146
  541.8000	            -1185
  542.0000	            -1128
  542.2000	            -1110
  542.4000	            -1174
  542.6000	            -1187
  542.8000	            -1164
  543.0000	            -1162
  543.2000	            -1133
  543.4000	            -1179
  543.6000	            -1107
  543.8000	            -1177
  544.0000	            -1110
  544.2000	            -1185
  544.4000	            -1177
  544.6000	            -1186
  544.8000	            -1140
  545.0000	            -1174
  545.2000	            -1187
  545.4000	            -1154
  545.6000	            -1138
  545.8000	            -1163
  546.0000	            -1166
  546.2000	            -1176
  546.4000	            -1154
  546.6000	            -1187
  546.8000	            -1148
  547.0000	            -1194
  547.2000	            -1100
  547.4000	            -1170
  547.6000	            -1105
  547.8000	            -1179
  548.0000	            -1201
  548.2000	            -1180
  548.4000	            -1184
  548.6000	            -1160
  548.8000	            -1185
  549.0000	            -1153
  549.2000	            -1180
  549.4000	            -1177
  549.6000	            -1166
  549.8000	            -1199
  550.0000	            -1169
  550.2000	            -1166
  550.4000	            -1170
  550.6000	            -1186
  550.8000	            -1180
  551.0000	            -1168
  551.2000	            -1153
  551.4000	            -1138
  551.6000	            -1211
  551.8000	            -1162
  552.0000	            -1211
  552.2000	            -1173
  552.4000	            -1148
  552.6000	            -1166
  552.8000	            -1180
  553.0000	            -1182
  553.2000	            -1201
  553.4000	            -1187
  553.6000	            -1183
  553.8000	            -1177
  554.0000	            -1188
  554.2000	            -1186
  554.4000	            -1185
  554.6000	            -1186
  554.8000	            -1153
  555.0000	            -1201
  555.2000	            -1172
  555.4000	            -1176
  555.6000	            -1185
  555.8000	            -1153
  556.0000	            -1168
  556.2000	            -1176
  556.4000	            -1182
  556.6000	            -1185
  556.8000	            -1204
  557.0000	            -1180
  557.2000	            -1173
  557.4000	            -1239
  557.6000	            -1140
  557.8000	            -1156
  558.0000	            -1180
  558.2000	            -1177
  558.4000	            -1133
  558.6000	            -1193
  558.8000	            -1221
  559.0000	            -1133
  559.2000	            -1180
  559.4000	            -1201
  559.6000	            -1199
  559.8000	            -1229
  560.0000	            -1199
  560.2000	            -1198
  560.4000	            -1201
  560.6000	            -1171
  560.8000	            -1198
  561.0000	            -1177
  561.2000	            -1171
  561.4000	            -1195
  561.6000	            -1171
  561.8000	            -1186
  562.0000	            -1183
  562.2000	            -1201
  562.4000	            -1211
  562.6000	            -1199
  562.8000	            -1216
  563.0000	            -1206
  563.2000	            -1171
  563.4000	            -1203
  563.6000	            -1183
  563.8000	            -1166
  564.0000	            -1183
  564.2000	            -1199
  564.4000	            -1167
  564.6000	            -1192
  564.8000	            -1216
  565.0000	            -1175
  565.2000	            -1178
  565.4000	            -1189
  565.6000	            -1195
  565.8000	            -1191
  566.0000	            -1146
  566.2000	            -1186
  566.4000	            -1201
  566.6000	            -1199
  566.8000	            -1180
  567.0000	            -1208
  567.2000	            -1201
  567.4000	            -1155
  567.6000	            -1168
  567.8000	            -1133
  568.0000	            -1186
  568.2000	            -1194
  568.4000	            -1193
  568.6000	            -1197
  568.8000	            -1180
  569.0000	            -1133
  569.2000	            -1171
  569.4000	            -1180
  569.6000	            -1166
  569.8000	            -1162
  570.0000	            -1179
  570.2000	            -1178
  570.4000	            -1176
  570.6000	            -1188
  570.8000	            -1155
  571.0000	            -1154
  571.2000	            -1168
  571.4000	            -1156
  571.6000	            -1168
  571.8000	            -1182
  572.0000	            -1170
  572.2000	            -1170
  572.4000	            -1184
  572.6000	            -1174
  572.8000	            -1214
  573.0000	            -1182
  573.2000	            -1119
  573.4000	            -1201
  573.6000	            -1170
  573.8000	            -1110
  574.0000	            -1144
  574.2000	            -1172
  574.4000	            -1134
  574.6000	            -1158
  574.8000	            -1162
  575.0000	            -1133
  575.2000	            -1144
  575.4000	            -1133
  575.6000	            -1164
  575.8000	            -1187
  576.0000	            -1153
  576.2000	            -1171
  576.4000	            -1147
  576.6000	            -1162
  576.8000	            -1161
  577.0000	            -1138
  577.2000	            -1174
  577.4000	            -1147
  577.6000	            -1139
  577.8000	            -1153
  578.0000	            -1156
  578.2000	            -1158
  578.4000	            -1115
  578.6000	            -1139
  578.8000	            -1125
  579.0000	            -1129
  579.2000	            -1137
  579.4000	            -1136
  579.6000	            -1113
  579.8000	            -1163
  580.0000	            -1114
  580.2000	            -1129
  580.4000	            -1171
  580.6000	            -1187
  580.8000	            -1170
  581.0000	            -1156
  581.2000	            -1178
  581.4000	            -1155
  581.6000	            -1138
  581.8000	            -1129
  582.0000	            -1172
  582.2000	            -1171
  582.4000	            -1127
  582.6000	            -1155
  582.8000	            -1106
  583.0000	            -1105
  583.2000	            -1156
  583.4000	            -1156
  583.6000	            -1156
  583.8000	            -1115
  584.0000	            -1156
  584.2000	            -1048
  584.4000	            -1118
  584.6000	            -1107
  584.8000	            -1164
  585.0000	            -1143
  585.2000	            -1101
  585.4000	            -1107
  585.6000	            -1177
  585.8000	            -1104
  586.0000	            -1110
  586.2000	            -1154
  586.4000	            -1138
  586.6000	            -1114
  586.8000	            -1161
  587.0000	            -1178
  587.2000	            -1079
  587.4000	            -1090
  587.6000	            -1095
  587.8000	            -1106
  588.0000	            -1116
  588.2000	            -1048
  588.4000	            -1139
  588.6000	            -1101
  588.8000	            -1135
  589.0000	            -1142
  589.2000	            -1132
  589.4000	            -1103
  589.6000	            -1109
  589.8000	            -1111
  590.0000	            -1158
  590.2000	            -1129
  590.4000	            -1073
  590.6000	            -1156
  590.8000	            -1134
  591.0000	            -1124
  591.2000	            -1100
  591.4000	            -1143
  591.6000	            -1141
  591.8000	            -1154
  592.0000	            -1091
  592.2000	            -1101
  592.4000	            -1093
  592.6000	            -1104
  592.8000	            -1158
  593.0000	            -1089
  593.2000	            -1115
  593.4000	            -1077
  593.6000	            -1159
  593.8000	            -1118
  594.0000	            -1134
  594.2000	            -1132
  594.4000	            -1116
  594.6000	            -1086
  594.8000	            -1127
  595.0000	            -1041
  595.2000	            -1087
  595.4000	            -1145
  595.6000	            -1156
  595.8000	            -1051
  596.0000	            -1198
  596.2000	            -1171
  596.4000	            -1175
  596.6000	            -1171
  596.8000	            -1134
  597.0000	            -1167
  597.2000	            -1130
  597.4000	            -1139
  597.6000	            -1154
  597.8000	            -1142
  598.0000	            -1131
  598.2000	            -1141
  598.4000	            -1147
  598.6000	            -1130
  598.8000	            -1164
  599.0000	            -1138
  599.2000	            -1122
  599.4000	            -1169
  599.6000	            -1166
  599.8000	            -1122
  600.0000	            -1117
  600.2000	            -1183
  600.4000	            -1086
  600.6000	            -1110
  600.8000	            -1117
  601.0000	            -1119
  601.2000	            -1100
  601.4000	            -1119
  601.6000	            -1191
  601.8000	            -1140
  602.0000	            -1182
  602.2000	            -1179
  602.4000	            -1189
  602.6000	            -1187
  602.8000	            -1180
  603.0000	            -1169
  603.2000	            -1144
  603.4000	            -1187
  603.6000	            -1171
  603.8000	            -1139
  604.0000	            -1178
  604.2000	            -1171
  604.4000	            -1158
  604.6000	            -1196
  604.8000	            -1155
  605.0000	            -1171
  605.2000	            -1153
  605.4000	            -1148
  605.6000	            -1154
  605.8000	            -1186
  606.0000	            -1169
  606.2000	            -1166
  606.4000	            -1189
  606.6000	            -1169
  606.8000	            -1119
  607.0000	            -1189
  607.2000	            -1192
  607.4000	            -1140
  607.6000	            -1182
  607.8000	            -1149
  608.0000	            -1186
  608.2000	            -1213
  608.4000	            -1180
  608.6000	            -1159
  608.8000	            -1182
  609.0000	            -1174
  609.2000	            -1180
  609.4000	            -1221
  609.6000	            -1176
  609.8000	            -1187
  610.0000	            -1187
  610.2000	            -1123
  610.4000	            -1211
  610.6000	            -1184
  610.8000	            -1203
  611.0000	            -1182
  611.2000	            -1199
  611.4000	            -1177
  611.6000	            -1180
  611.8000	            -1187
  612.0000	            -1198
  612.2000	            -1175
  612.4000	            -1214
  612.6000	            -1100
  612.8000	            -1210
  613.0000	            -1164
  613.2000	            -1192
  613.4000	            -1168
  613.6000	            -1193
  613.8000	            -1215
  614.0000	            -1213
  614.2000	            -1168
  614.4000	            -1178
  614.6000	            -1172
  614.8000	            -1176
  615.0000	            -1186
  615.2000	            -1194
  615.4000	            -1181
  615.6000	            -1223
  615.8000	            -1187
  616.0000	            -1199
  616.2000	            -1183
  616.4000	            -1162
  616.6000	            -1201
  616.8000	            -1178
  617.0000	            -1198
  617.2000	            -1178
  617.4000	            -1207
  617.6000	            -1212
  617.8000	            -1194
  618.0000	            -1164
  618.2000	            -1201
  618.4000	            -1199
  618.6000	            -1211
  618.8000	            -1159
  619.0000	            -1181
  619.2000	            -1185
  619.4000	            -1180
  619.6000	            -1168
  619.8000	            -1212
  620.0000	            -1221
  620.2000	            -1207
  620.4000	            -1204
  620.6000	            -1224
  620.8000	            -1211
  621.0000	            -1182
  621.2000	            -1191
  621.4000	            -1211
  621.6000	            -1192
  621.8000	            -1185
  622.0000	            -1177
  622.2000	            -1219
  622.4000	            -1194
  622.6000	            -1224
  622.8000	            -1230
  623.0000	            -1198
  623.2000	            -1210
  623.4000	            -1192
  623.6000	            -1133
  623.8000	            -1191
  624.0000	            -1203
  624.2000	            -1194
  624.4000	            -1192
  624.6000	            -1204
  624.8000	            -1177
  625.0000	            -1224
  625.2000	            -1176
  625.4000	            -1206
  625.6000	            -1187
  625.8000	            -1207
  626.0000	            -1227
  626.2000	            -1204
  626.4000	            -1198
  626.6000	            -1162
  626.8000	            -1211
  627.0000	            -1166
  627.2000	            -1190
  627.4000	            -1178
  627.6000	            -1166
  627.8000	            -1182
  628.0000	            -1177
  628.2000	            -1161
  628.4000	            -1140
  628.6000	            -1189
  628.8000	            -1213
  629.0000	            -1153
  629.2000	            -1191
  629.4000	            -1151
  629.6000	            -1182
  629.8000	            -1201
  630.0000	            -1205
  630.2000	            -1133
  630.4000	            -1179
  630.6000	            -1169
  630.8000	            -1158
  631.0000	            -1177
  631.2000	            -1154
  631.4000	            -1168
  631.6000	            -1191
  631.8000	            -1201
  632.0000	            -1184
  632.2000	            -1201
  632.4000	            -1222
  632.6000	            -1186
  632.8000	            -1133
  633.0000	            -1210
  633.2000	            -1140
  633.4000	            -1187
  633.6000	            -1197
  633.8000	            -1180
  634.0000	            -1198
  634.2000	            -1181
  634.4000	            -1180
  634.6000	            -1191
  634.8000	            -1140
  635.0000	            -1159
  635.2000	            -1158
  635.4000	            -1168
  635.6000	            -1184
  635.8000	            -1144
  636.0000	            -1121
  636.2000	            -1119
  636.4000	            -1146
  636.6000	            -1119
  636.8000	            -1172
  637.0000	            -1174
  637.2000	            -1188
  637.4000	            -1167
  637.6000	            -1158
  637.8000	            -1122
  638.0000	            -1158
  638.2000	            -1100
  638.4000	            -1156
  638.6000	            -1178
  638.8000	            -1188
  639.0000	            -1129
  639.2000	            -1166
  639.4000	            -1118
  639.6000	            -1224
  639.8000	            -1173
  640.0000	            -1179
  640.2000	            -1184
  640.4000	            -1110
  640.6000	            -1193
  640.8000	            -1199
  641.0000	            -1177
  641.2000	            -1198
  641.4000	            -1123
  641.6000	            -1189
  641.8000	            -1202
  642.0000	            -1097
  642.2000	            -1139
  642.4000	            -1138
  642.6000	            -1097
  642.8000	            -1102
  643.0000	            -1107
  643.2000	            -1109
  643.4000	            -1119
  643.6000	            -1153
  643.8000	            -1162
  644.0000	            -1156
  644.2000	            -1118
  644.4000	            -1110
  644.6000	            -1154
  644.8000	            -1149
  645.0000	            -1118
  645.2000	            -1147
  645.4000	            -1192
  645.6000	            -1152
  645.8000	            -1118
  646.0000	            -1188
  646.2000	            -1182
  646.4000	            -1164
  646.6000	            -1173
  646.8000	            -1118
  647.0000	            -1178
  647.2000	            -1156
  647.4000	            -1182
  647.6000	            -1164
  647.8000	            -1174
  648.0000	            -1201
  648.2000	            -1155
  648.4000	            -1162
  648.6000	            -1165
  648.8000	            -1160
  649.0000	            -1148
  649.2000	            -1155
  649.4000	            -1170
  649.6000	            -1182
  649.8000	            -1189
  650.0000	            -1120
  650.2000	            -1169
  650.4000	            -1153
  650.6000	            -1138
  650.8000	            -1164
  651.0000	            -1119
  651.2000	            -1170
  651.4000	            -1155
  651.6000	            -1156
  651.8000	            -1116
  652.0000	            -1172
  652.2000	            -1149
  652.4000	            -1118
  652.6000	            -1174
  652.8000	            -1099
  653.0000	            -1180
  653.2000	            -1122
  653.4000	            -1135
  653.6000	            -1118
  653.8000	            -1156
  654.0000	            -1115
  654.2000	            -1172
  654.4000	            -1113
  654.6000	            -1221
  654.8000	            -1158
  655.0000	            -1157
  655.2000	            -1154
  655.4000	            -1182
  655.6000	            -1182
  655.8000	            -1175
  656.0000	            -1172
  656.2000	            -1171
  656.4000	            -1143
  656.6000	            -1139
  656.8000	            -1194
  657.0000	            -1118
  657.2000	            -1110
  657.4000	            -1138
  657.6000	            -1135
  657.8000	            -1167
  658.0000	            -1134
  658.2000	            -1115
  658.4000	            -1114
  658.6000	            -1115
  658.8000	            -1149
  659.0000	            -1155
  659.2000	            -1072
  659.4000	            -1142
  659.6000	            -1118
  659.8000	            -1082
  660.0000	            -1115
  660.2000	            -1110
  660.4000	            -1143
  660.6000	            -1087
  660.8000	            -1179
  661.0000	            -1110
  661.2000	            -1118
  661.4000	            -1145
  661.6000	            -1169
  661.8000	            -1196
  662.0000	            -1155
  662.2000	            -1155
  662.4000	            -1189
  662.6000	            -1191
  662.8000	            -1173
  663.0000	            -1191
  663.2000	            -1179
  663.4000	            -1149
  663.6000	            -1180
  663.8000	            -1176
  664.0000	            -1118
  664.2000	            -1180
  664.4000	            -1191
  664.6000	            -1177
  664.8000	            -1168
  665.0000	            -1177
  665.2000	            -1161
  665.4000	            -1171
  665.6000	            -1187
  665.8000	            -1186
  666.0000	            -1114
  666.2000	            -1214
  666.4000	            -1143
  666.6000	            -1156
  666.8000	            -1149
  667.0000	            -1121
  667.2000	            -1118
  667.4000	            -1137
  667.6000	            -1117
  667.8000	            -1170
  668.0000	            -1139
  668.2000	            -1154
  668.4000	            -1117
  668.6000	            -1141
  668.8000	            -1158
  669.0000	            -1185
  669.2000	            -1158
  669.4000	            -1111
  669.6000	            -1185
  669.8000	            -1171
  670.0000	            -1155
  670.2000	            -1103
  670.4000	            -1143
  670.6000	            -1189
  670.8000	            -1155
  671.0000	            -1133
  671.2000	            -1156
  671.4000	            -1177
  671.6000	            -1171
  671.8000	            -1182
  672.0000	            -1186
  672.2000	            -1199
  672.4000	            -1167
  672.6000	            -1194
  672.8000	            -1187
  673.0000	            -1198
  673.2000	            -1153
  673.4000	            -1170
  673.6000	            -1186
  673.8000	            -1166
  674.0000	            -1180
  674.2000	            -1165
  674.4000	            -1200
  674.6000	            -1194
  674.8000	            -1186
  675.0000	            -1175
  675.2000	            -1107
  675.4000	            -1180
  675.6000	            -1143
  675.8000	            -1160
  676.0000	            -1176
  676.2000	            -1174
  676.4000	            -1107
  676.6000	            -1173
  676.8000	            -1147
  677.0000	            -1171
  677.2000	            -1138
  677.4000	            -1176
  677.6000	            -1148
  677.8000	            -1122
  678.0000	            -1166
  678.2000	            -1169
  678.4000	            -1133
  678.6000	            -1168
  678.8000	            -1162
  679.0000	            -1196
  679.2000	            -1214
  679.4000	            -1202
  679.6000	            -1195
  679.8000	            -1183
  680.0000	            -1166
  680.2000	            -1174
  680.4000	            -1155
  680.6000	            -1203
  680.8000	            -1185
  681.0000	            -1228
  681.2000	            -1196
  681.4000	            -1133
  681.6000	            -1211
  681.8000	            -1205
  682.0000	            -1177
  682.2000	            -1187
  682.4000	            -1206
  682.6000	            -1221
  682.8000	            -1211
  683.0000	            -1169
  683.2000	            -1195
  683.4000	            -1192
  683.6000	            -1210
  683.8000	            -1180
  684.0000	            -1187
  684.2000	            -1161
  684.4000	            -1195
  684.6000	            -1191
  684.8000	            -1183
  685.0000	            -1211
  685.2000	            -1208
  685.4000	            -1180
  685.6000	            -1177
  685.8000	            -1194
  686.0000	            -1200
  686.2000	            -1209
  686.4000	            -1177
  686.6000	            -1220
  686.8000	            -1176
  687.0000	            -1211
  687.2000	            -1165
  687.4000	            -1203
  687.6000	            -1214
  687.8000	            -1227
  688.0000	            -1204
  688.2000	            -1182
  688.4000	            -1221
  688.6000	            -1197
  688.8000	            -1200
  689.0000	            -1210
  689.2000	            -1229
  689.4000	            -1234
  689.6000	            -1233
  689.8000	            -1198
  690.0000	            -1228
  690.2000	            -1225
  690.4000	            -1207
  690.6000	            -1210
  690.8000	            -1220
  691.0000	            -1204
  691.2000	            -1223
  691.4000	            -1235
  691.6000	            -1210
  691.8000	            -1235
  692.0000	            -1210
  692.2000	            -1232
  692.4000	            -1195
  692.6000	            -1193
  692.8000	            -1240
  693.0000	            -1222
  693.2000	            -1214
  693.4000	            -1191
  693.6000	            -1214
  693.8000	            -1223
  694.0000	            -1210
  694.2000	            -1195
  694.4000	            -1233
  694.6000	            -1192
  694.8000	            -1197
  695.0000	            -1210
  695.2000	            -1185
  695.4000	            -1223
  695.6000	            -1185
  695.8000	            -1205
  696.0000	            -1221
  696.2000	            -1205
  696.4000	            -1169
  696.6000	            -1210
  696.8000	            -1223
  697.0000	            -1201
  697.2000	            -1221
  697.4000	            -1231
  697.6000	            -1200
  697.8000	            -1203
  698.0000	            -1187
  698.2000	            -1201
  698.4000	            -1221
  698.6000	            -1197
  698.8000	            -1186
  699.0000	            -1236
  699.2000	            -1186
  699.4000	            -1225
  699.6000	            -1201
  699.8000	            -1224
  700.0000	            -1224
  700.2000	            -1208
  700.4000	            -1173
  700.6000	            -1223
  700.8000	            -1224
  701.0000	            -1197
  701.2000	            -1219
  701.4000	            -1221
  701.6000	            -1219
  701.8000	            -1221
  702.0000	            -1235
  702.2000	            -1173
  702.4000	            -1213
  702.6000	            -1185
  702.8000	            -1173
  703.0000	            -1192
  703.2000	            -1164
  703.4000	            -1177
  703.6000	            -1238
  703.8000	            -1205
  704.0000	            -1195
  704.2000	            -1220
  704.4000	            -1195
  704.6000	            -1185
  704.8000	            -1211
  705.0000	            -1231
  705.2000	            -1194
  705.4000	            -1195
  705.6000	            -1198
  705.8000	            -1189
  706.0000	            -1215
  706.2000	            -1177
  706.4000	            -1210
  706.6000	            -1139
  706.8000	            -1178
  707.0000	            -1225
  707.2000	            -1240
  707.4000	            -1188
  707.6000	            -1224
  707.8000	            -1225
  708.0000	            -1183
  708.2000	            -1194
  708.4000	            -1185
  708.6000	            -1234
  708.8000	            -1221
  709.0000	            -1216
  709.2000	            -1230
  709.4000	            -1209
  709.6000	            -1194
  709.8000	            -1221
  710.0000	            -1235
  710.2000	            -1175
  710.4000	            -1205
  710.6000	            -1224
  710.8000	            -1166
  711.0000	            -1184
  711.2000	            -1220
  711.4000	            -1193
  711.6000	            -1227
  711.8000	            -1188
  712.0000	            -1201
  712.2000	            -1176
  712.4000	            -1212
  712.6000	            -1225
  712.8000	            -1177
  713.0000	            -1197
  713.2000	            -1196
  713.4000	            -1229
  713.6000	            -1242
  713.8000	            -1198
  714.0000	            -1166
  714.2000	            -1198
  714.4000	            -1178
  714.6000	            -1216
  714.8000	            -1183
  715.0000	            -1178
  715.2000	            -1199
  715.4000	            -1208
  715.6000	            -1215
  715.8000	            -1210
  716.0000	            -1221
  716.2000	            -1182
  716.4000	            -1183
  716.6000	            -1183
  716.8000	            -1211
  717.0000	            -1221
  717.2000	            -1192
  717.4000	            -1219
  717.6000	            -1225
  717.8000	            -1171
  718.0000	            -1198
  718.2000	            -1224
  718.4000	            -1183
  718.6000	            -1211
  718.8000	            -1211
  719.0000	            -1232
  719.2000	            -1206
  719.4000	            -1199
  719.6000	            -1210
  719.8000	            -1183
  720.0000	            -1201
  720.2000	            -1222
  720.4000	            -1192
  720.6000	            -1231
  720.8000	            -1191
  721.0000	            -1164
  721.2000	            -1223
  721.4000	            -1229
  721.6000	            -1198
  721.8000	            -1192
  722.0000	            -1133
  722.2000	            -1182
  722.4000	            -1164
  722.6000	            -1204
  722.8000	            -1199
  723.0000	            -1220
  723.2000	            -1193
  723.4000	            -1177
  723.6000	            -1133
  723.8000	            -1172
  724.0000	            -1211
  724.2000	            -1211
  724.4000	            -1220
  724.6000	            -1196
  724.8000	            -1182
  725.0000	            -1180
  725.2000	            -1216
  725.4000	            -1203
  725.6000	            -1203
  725.8000	            -1175
  726.0000	            -1192
  726.2000	            -1199
  726.4000	            -1211
  726.6000	            -1212
  726.8000	            -1201
  727.0000	            -1210
  727.2000	            -1135
  727.4000	            -1229
  727.6000	            -1227
  727.8000	            -1176
  728.0000	            -1219
  728.2000	            -1210
  728.4000	            -1177
  728.6000	            -1201
  728.8000	            -1138
  729.0000	            -1191
  729.2000	            -1232
  729.4000	            -1184
  729.6000	            -1203
  729.8000	            -1191
  730.0000	            -1192
  730.2000	            -1198
  730.4000	            -1231
  730.6000	            -1203
  730.8000	            -1192
  731.0000	            -1164
  731.2000	            -1166
  731.4000	            -1199
  731.6000	            -1190
  731.8000	            -1176
  732.0000	            -1177
  732.2000	            -1176
  732.4000	            -1182
  732.6000	            -1191
  732.8000	            -1138
  733.0000	            -1191
  733.2000	            -1164
  733.4000	            -1221
  733.6000	            -1194
  733.8000	            -1192
  734.0000	            -1171
  734.2000	            -1187
  734.4000	            -1185
  734.6000	            -1184
  734.8000	            -1213
  735.0000	            -1135
  735.2000	            -1206
  735.4000	            -1171
  735.6000	            -1179
  735.8000	            -1182
  736.0000	            -1201
  736.2000	            -1166
  736.4000	            -1196
  736.6000	            -1189
  736.8000	            -1186
  737.0000	            -1178
  737.2000	            -1166
  737.4000	            -1179
  737.6000	            -1203
  737.8000	            -1177
  738.0000	            -1198
  738.2000	            -1156
  738.4000	            -1117
  738.6000	            -1186
  738.8000	            -1215
  739.0000	            -1164
  739.2000	            -1204
  739.4000	            -1207
  739.6000	            -1177
  739.8000	            -1166
  740.0000	            -1185
  740.2000	            -1133
  740.4000	            -1183
  740.6000	            -1239
  740.8000	            -1180
  741.0000	            -1220
  741.2000	            -1179
  741.4000	            -1225
  741.6000	            -1182
  741.8000	            -1221
  742.0000	            -1166
  742.2000	            -1193
  742.4000	            -1192
  742.6000	            -1186
  742.8000	            -1211
  743.0000	            -1204
  743.2000	            -1198
  743.4000	            -1211
  743.6000	            -1194
  743.8000	            -1166
  744.0000	            -1166
  744.2000	            -1133
  744.4000	            -1184
  744.6000	            -1189
  744.8000	            -1214
  745.0000	            -1216
  745.2000	            -1176
  745.4000	            -1221
  745.6000	            -1191
  745.8000	            -1204
  746.0000	            -1191
  746.2000	            -1171
  746.4000	            -1204
  746.6000	            -1119
  746.8000	            -1177
  747.0000	            -1189
  747.2000	            -1212
  747.4000	            -1133
  747.6000	            -1168
  747.8000	            -1174
  748.0000	            -1180
  748.2000	            -1176
  748.4000	            -1177
  748.6000	            -1197
  748.8000	            -1177
  749.0000	            -1170
  749.2000	            -1231
  749.4000	            -1226
  749.6000	            -1180
  749.8000	            -1207
  750.0000	            -1168
  750.2000	            -1112
  750.4000	             -944
  750.6000	            -1214
  750.8000	            -1182
  751.0000	            -1214
  751.2000	            -1186
  751.4000	            -1042
  751.6000	            -1195
  751.8000	            -1217
  752.0000	            -1133
  752.2000	            -1184
  752.4000	            -1219
  752.6000	            -1198
  752.8000	            -1214
  753.0000	            -1219
  753.2000	            -1210
  753.4000	            -1210
  753.6000	            -1191
  753.8000	            -1227
  754.0000	            -1191
  754.2000	            -1213
  754.4000	            -1228
  754.6000	            -1211
  754.8000	            -1168
  755.0000	            -1185
  755.2000	            -1187
  755.4000	            -1177
  755.6000	            -1189
  755.8000	            -1227
  756.0000	            -1159
  756.2000	            -1185
  756.4000	            -1194
  756.6000	            -1133
  756.8000	            -1182
  757.0000	            -1182
  757.2000	            -1191
  757.4000	            -1210
  757.6000	            -1168
  757.8000	            -1200
  758.0000	            -1199
  758.2000	            -1193
  758.4000	            -1198
  758.6000	            -1136
  758.8000	            -1168
  759.0000	            -1210
  759.2000	            -1165
  759.4000	            -1180
  759.6000	            -1176
  759.8000	            -1184
  760.0000	            -1191
  760.2000	            -1214
  760.4000	            -1179
  760.6000	            -1225
  760.8000	            -1198
  761.0000	            -1193
  761.2000	            -1146
  761.4000	            -1185
  761.6000	            -1177
  761.8000	            -1227
  762.0000	            -1224
  762.2000	            -1183
  762.4000	            -1153
  762.6000	            -1190
  762.8000	            -1187
  763.0000	            -1224
  763.2000	            -1233
  763.4000	            -1004
  763.6000	            -1221
  763.8000	            -1221
  764.0000	            -1215
  764.2000	            -1228
  764.4000	            -1225
  764.6000	            -1200
  764.8000	            -1215
  765.0000	            -1175
  765.2000	            -1197
  765.4000	            -1166
  765.6000	            -1215
  765.8000	            -1221
  766.0000	            -1184
  766.2000	            -1223
  766.4000	            -1178
  766.6000	            -1221
  766.8000	            -1194
  767.0000	            -1224
  767.2000	            -1207
  767.4000	            -1190
  767.6000	            -1172
  767.8000	            -1220
  768.0000	            -1182
  768.2000	            -1203
  768.4000	            -1211
  768.6000	            -1194
  768.8000	            -1222
  769.0000	            -1182
  769.2000	            -1180
  769.4000	            -1178
  769.6000	            -1174
  769.8000	            -1168
  770.0000	            -1191
  770.2000	            -1178
  770.4000	            -1199
  770.6000	            -1204
  770.8000	            -1211
  771.0000	            -1158
  771.2000	            -1154
  771.4000	            -1193
  771.6000	            -1224
  771.8000	            -1171
  772.0000	            -1221
  772.2000	            -1231
  772.4000	            -1118
  772.6000	            -1203
  772.8000	            -1185
  773.0000	            -1194
  773.2000	            -1168
  773.4000	            -1192
  773.6000	            -1196
  773.8000	            -1184
  774.0000	            -1209
  774.2000	            -1221
  774.4000	            -1182
  774.6000	            -1180
  774.8000	            -1188
  775.0000	            -1210
  775.2000	            -1201
  775.4000	            -1225
  775.6000	            -1225
  775.8000	            -1185
  776.0000	            -1221
  776.2000	            -1203
  776.4000	            -1220
  776.6000	            -1231
  776.8000	            -1223
  777.0000	            -1219
  777.2000	            -1226
  777.4000	            -1215
  777.6000	            -1234
  777.8000	            -1231
  778.0000	            -1220
  778.2000	            -1229
  778.4000	            -1208
  778.6000	            -1220
  778.8000	            -1215
  779.0000	            -1215
  779.2000	            -1211
  779.4000	            -1224
  779.6000	            -1220
  779.8000	            -1223
  780.0000	            -1223
  780.2000	            -1197
  780.4000	            -1197
  780.6000	            -1207
  780.8000	            -1185
  781.0000	            -1213
  781.2000	            -1204
  781.4000	            -1211
  781.6000	            -1225
  781.8000	            -1201
  782.0000	            -1225
  782.2000	            -1225
  782.4000	            -1187
  782.6000	            -1256
  782.8000	            -1245
  783.0000	            -1198
  783.2000	            -1224
  783.4000	            -1229
  783.6000	            -1185
  783.8000	            -1205
  784.0000	            -1221
  784.2000	            -1223
  784.4000	            -1242
  784.6000	            -1231
  784.8000	            -1225
  785.0000	            -1200
  785.2000	            -1208
  785.4000	            -1183
  785.6000	            -1214
  785.8000	            -1200
  786.0000	            -1223
  786.2000	            -1200
  786.4000	            -1185
  786.6000	            -1217
  786.8000	            -1215
  787.0000	            -1227
  787.2000	            -1223
  787.4000	            -1239
  787.6000	            -1210
  787.8000	            -1222
  788.0000	            -1220
  788.2000	            -1231
  788.4000	            -1220
  788.6000	            -1227
  788.8000	            -1183
  789.0000	            -1237
  789.2000	            -1201
  789.4000	            -1208
  789.6000	            -1185
  789.8000	            -1210
  790.0000	            -1240
  790.2000	            -1185
  790.4000	            -1200
  790.6000	            -1183
  790.8000	            -1181
  791.0000	            -1234
  791.2000	            -1195
  791.4000	            -1244
  791.6000	            -1204
  791.8000	            -1240
  792.0000	            -1195
  792.2000	            -1231
  792.4000	            -1196
  792.6000	            -1212
  792.8000	            -1227
  793.0000	            -1214
  793.2000	            -1220
  793.4000	            -1215
  793.6000	            -1214
  793.8000	            -1216
  794.0000	            -1225
  794.2000	            -1197
  794.4000	            -1197
  794.6000	            -1225
  794.8000	            -1139
  795.0000	            -1214
  795.2000	            -1229
  795.4000	            -1201
  795.6000	            -1235
  795.8000	            -1221
  796.0000	            -1217
  796.2000	            -1223
  796.4000	            -1222
  796.6000	            -1219
  796.8000	            -1229
  797.0000	            -1225
  797.2000	            -1215
  797.4000	            -1225
  797.6000	            -1220
  797.8000	            -1194
  798.0000	            -1224
  798.2000	            -1177
  798.4000	            -1213
  798.6000	            -1182
  798.8000	            -1211
  799.0000	            -1228
  799.2000	            -1233
  799.4000	            -1213
  799.6000	            -1214
  799.8000	            -1231
  800.0000	            -1240
  800.2000	            -1225
  800.4000	            -1220
  800.6000	            -1194
  800.8000	            -1199
  801.0000	            -1183
  801.2000	            -1215
  801.4000	            -1205
  801.6000	            -1186
  801.8000	            -1243
  802.0000	            -1225
  802.2000	            -1208
  802.4000	            -1225
  802.6000	            -1205
  802.8000	            -1180
  803.0000	            -1223
  803.2000	            -1199
  803.4000	            -1214
  803.6000	            -1215
  803.8000	            -1215
  804.0000	            -1197
  804.2000	            -1222
  804.4000	            -1240
  804.6000	            -1213
  804.8000	            -1205
  805.0000	            -1219
