  600.0000	             -437
  600.2000	             -701
  600.4000	             -347
  600.6000	             -761
  600.8000	             -782
  601.0000	             -639
  601.2000	             -155
  601.4000	             -903
  601.6000	             -905
  601.8000	             -820
  602.0000	             -872
  602.2000	             -791
  602.4000	             -345
  602.6000	             -751
  602.8000	             -839
  603.0000	              889
  603.2000	             -153
  603.4000	             -866
  603.6000	             -793
  603.8000	             -800
  604.0000	             -744
  604.2000	             1478
  604.4000	             -542
  604.6000	             -684
  604.8000	             -824
  605.0000	             -742
  605.2000	             -404
  605.4000	             -829
  605.6000	             -636
  605.8000	              146
  606.0000	             -670
  606.2000	             -855
  606.4000	             -822
  606.6000	             -784
  606.8000	             -427
  607.0000	             -983
  607.2000	             -928
  607.4000	             -932
  607.6000	             -969
  607.8000	             -859
  608.0000	             -838
  608.2000	             -944
  608.4000	             -830
  608.6000	             -909
  608.8000	             -943
  609.0000	             -701
  609.2000	             -866
  609.4000	             -895
  609.6000	             -857
  609.8000	             -189
  610.0000	             -696
  610.2000	             -762
  610.4000	             -169
  610.6000	             -916
  610.8000	             -884
  611.0000	             -899
  611.2000	             -902
  611.4000	             2303
  611.6000	             -831
  611.8000	             -746
  612.0000	             -935
  612.2000	             -897
  612.4000	             -905
  612.6000	             -621
  612.8000	             -888
  613.0000	            -1015
  613.2000	            -1013
  613.4000	            -1006
  613.6000	             -997
  613.8000	             -857
  614.0000	            -1019
  614.2000	             -943
  614.4000	             -328
  614.6000	             -970
  614.8000	             -961
  615.0000	             -928
  615.2000	             -940
  615.4000	             -462
  615.6000	             -975
  615.8000	             -932
  616.0000	             -921
  616.2000	             -946
  616.4000	             -909
  616.6000	             -943
  616.8000	             -915
  617.0000	             -638
  617.2000	              761
  617.4000	             -863
  617.6000	             -999
  617.8000	             -899
  618.0000	             -969
  618.2000	             -982
  618.4000	             -921
  618.6000	             -922
  618.8000	            -1003
  619.0000	            -1008
  619.2000	             -986
  619.4000	            -1042
  619.6000	            -1043
  619.8000	            -1034
  620.0000	             -936
  620.2000	             -957
  620.4000	            -1009
  620.6000	            -1040
  620.8000	            -1028
  621.0000	             -967
  621.2000	             -525
  621.4000	             -872
  621.6000	             -866
  621.8000	             -965
  622.0000	             -951
  622.2000	             -949
  622.4000	             -926
  622.6000	             -938
  622.8000	             -943
  623.0000	             -911
  623.2000	             -969
  623.4000	             -928
  623.6000	             -958
  623.8000	             -976
  624.0000	             -965
  624.2000	             -535
  624.4000	             -975
  624.6000	             -980
  624.8000	             -885
  625.0000	             -975
  625.2000	             -887
  625.4000	            -1007
  625.6000	             -999
  625.8000	             -983
  626.0000	             -958
  626.2000	            -1007
  626.4000	             -953
  626.6000	             -903
  626.8000	            -1012
  627.0000	            -1006
  627.2000	             -968
  627.4000	             -919
  627.6000	             -887
  627.8000	             -912
  628.0000	             -844
  628.2000	             -831
  628.4000	             -842
  628.6000	             -846
  628.8000	             -812
  629.0000	             -851
  629.2000	             -915
  629.4000	             -738
  629.6000	             -220
  629.8000	             -870
  630.0000	             -900
  630.2000	             -887
  630.4000	             -824
  630.6000	             -626
  630.8000	             -758
  631.0000	             -870
  631.2000	             -681
  631.4000	             -863
  631.6000	             -938
  631.8000	             -848
  632.0000	             -890
  632.2000	             -816
  632.4000	             -884
  632.6000	             -965
  632.8000	             -949
  633.0000	             -965
  633.2000	             -882
  633.4000	             -887
  633.6000	             -875
  633.8000	             -969
  634.0000	             -958
  634.2000	             -817
  634.4000	             -845
  634.6000	             -828
  634.8000	             -888
  635.0000	             -772
  635.2000	             -693
  635.4000	             -743
  635.6000	             -701
  635.8000	             -669
  636.0000	             -684
  636.2000	             -691
  636.4000	             -560
  636.6000	             -571
  636.8000	             -583
  637.0000	             -773
  637.2000	             -732
  637.4000	             -714
  637.6000	             -629
  637.8000	             -635
  638.0000	             -821
  638.2000	             -607
  638.4000	              361
  638.6000	             -775
  638.8000	             -779
  639.0000	             -657
  639.2000	             -630
  639.4000	             -711
  639.6000	             -835
  639.8000	             -802
  640.0000	             -860
  640.2000	             -820
  640.4000	             -848
  640.6000	             -809
  640.8000	             -777
  641.0000	             -915
  641.2000	             -866
  641.4000	             -619
  641.6000	              916
  641.8000	             -870
  642.0000	             -789
  642.2000	             -633
  642.4000	             -681
  642.6000	             -825
  642.8000	             -659
  643.0000	             -481
  643.2000	             -620
  643.4000	             -497
  643.6000	             -578
  643.8000	             -459
  644.0000	             -492
  644.2000	             -572
  644.4000	             -612
  644.6000	             -626
  644.8000	             -567
  645.0000	             -564
  645.2000	             -449
  645.4000	             -793
  645.6000	             -344
  645.8000	             -416
  646.0000	             -671
  646.2000	             -723
  646.4000	             -465
  646.6000	             -166
  646.8000	             -624
  647.0000	             -915
  647.2000	             -769
  647.4000	             -802
  647.6000	             -864
  647.8000	             -718
  648.0000	             -689
  648.2000	             -103
  648.4000	             -825
  648.6000	             -819
  648.8000	             -721
  649.0000	             -890
  649.2000	             -802
  649.4000	             -473
  649.6000	             -764
  649.8000	             -614
  650.0000	             -478
  650.2000	             -312
  650.4000	             -596
  650.6000	             -344
  650.8000	             -383
  651.0000	             -417
  651.2000	             -369
  651.4000	             -247
  651.6000	             -571
  651.8000	             -669
  652.0000	             -575
  652.2000	             -543
  652.4000	             -481
  652.6000	             -510
  652.8000	             -244
  653.0000	             -625
  653.2000	             -266
  653.4000	             -188
  653.6000	             -574
  653.8000	             -580
  654.0000	             -381
  654.2000	             -367
  654.4000	             -358
  654.6000	             -973
  654.8000	             -764
  655.0000	             -882
  655.2000	             -761
  655.4000	             -691
  655.6000	             -821
  655.8000	             -597
  656.0000	              690
  656.2000	             1737
  656.4000	               16
  656.6000	             -574
  656.8000	             -800
  657.0000	             -826
  657.2000	             -743
  657.4000	             -625
  657.6000	             -637
  657.8000	             -797
  658.0000	             -338
  658.2000	             -470
  658.4000	             -364
  658.6000	             -384
  658.8000	             -427
  659.0000	             -385
  659.2000	             -257
  659.4000	             -561
  659.6000	             -686
  659.8000	             -510
  660.0000	             -579
  660.2000	             -475
  660.4000	             -121
  660.6000	             -138
  660.8000	             -659
  661.0000	             -202
  661.2000	              150
  661.4000	             -631
  661.6000	             -635
  661.8000	             -542
  662.0000	             -429
  662.2000	               99
  662.4000	             -962
  662.6000	             -776
  662.8000	             -872
  663.0000	             -691
  663.2000	             -849
  663.4000	             -607
  663.6000	             -800
  663.8000	             -416
  664.0000	             -711
  664.2000	             -582
  664.4000	             -765
  664.6000	             -793
  664.8000	             -681
  665.0000	             -732
  665.2000	             -744
  665.4000	             -576
  665.6000	             -483
  665.8000	             -758
  666.0000	             -155
  666.2000	             -460
  666.4000	             -331
  666.6000	             -149
  666.8000	             -394
  667.0000	             -375
  667.2000	             -267
  667.4000	             -475
  667.6000	             3115
  667.8000	             -555
  668.0000	             -459
  668.2000	             -472
  668.4000	             -160
  668.6000	             -457
  668.8000	             -589
  669.0000	             -546
  669.2000	             -298
  669.4000	             -327
  669.6000	             -711
  669.8000	             -488
  670.0000	             -498
  670.2000	             -370
  670.4000	             -457
  670.6000	             -966
  670.8000	             -768
  671.0000	             -919
  671.2000	             -772
  671.4000	             -916
  671.6000	             -760
  671.8000	             -682
  672.0000	             -776
  672.2000	             -763
  672.4000	             -863
  672.6000	             -867
  672.8000	             -806
  673.0000	             -855
  673.2000	             -848
  673.4000	             -710
  673.6000	             -828
  673.8000	             -751
  674.0000	             -722
  674.2000	             -625
  674.4000	             -770
  674.6000	             -596
  674.8000	             -608
  675.0000	             -557
  675.2000	             3827
  675.4000	             -496
  675.6000	             -190
  675.8000	             -545
  676.0000	             -780
  676.2000	             -670
  676.4000	             -646
  676.6000	              -46
  676.8000	             -579
  677.0000	             -493
  677.2000	             -718
  677.4000	             -589
  677.6000	             -408
  677.8000	             -443
  678.0000	             -756
  678.2000	             -845
  678.4000	             -625
  678.6000	             -407
  678.8000	             -570
  679.0000	            -1027
  679.2000	             -929
  679.4000	             -974
  679.6000	             -921
  679.8000	             -953
  680.0000	             -843
  680.2000	             -863
  680.4000	             -881
  680.6000	             -941
  680.8000	             -943
  681.0000	             -996
  681.2000	             -953
  681.4000	            -1012
  681.6000	             -969
  681.8000	             -913
  682.0000	             -970
  682.2000	             -934
  682.4000	             -825
  682.6000	             -896
  682.8000	             -817
  683.0000	             -928
  683.2000	             -863
  683.4000	             -860
  683.6000	             -858
  683.8000	             -855
  684.0000	             -835
  684.2000	             -757
  684.4000	             -824
  684.6000	             -944
  684.8000	             -923
  685.0000	             -896
  685.2000	             -921
  685.4000	             -913
  685.6000	             -900
  685.8000	             -821
  686.0000	             -602
  686.2000	             -835
  686.4000	             -698
  686.6000	             -983
  686.8000	             -968
  687.0000	             1875
  687.2000	             -830
  687.4000	             -730
  687.6000	            -1067
  687.8000	            -1001
  688.0000	            -1071
  688.2000	            -1042
  688.4000	            -1040
  688.6000	             -815
  688.8000	             -791
  689.0000	            -1033
  689.2000	            -1079
  689.4000	            -1043
  689.6000	            -1075
  689.8000	            -1095
  690.0000	            -1048
  690.2000	            -1082
  690.4000	            -1089
  690.6000	            -1050
  690.8000	            -1056
  691.0000	            -1092
  691.2000	            -1033
  691.4000	            -1056
  691.6000	            -1093
  691.8000	            -1086
  692.0000	            -1056
  692.2000	            -1060
  692.4000	             -992
  692.6000	            -1111
  692.8000	            -1092
  693.0000	            -1069
  693.2000	            -1071
  693.4000	            -1074
  693.6000	             -427
  693.8000	            -1031
  694.0000	            -1070
  694.2000	            -1086
  694.4000	            -1064
  694.6000	            -1059
  694.8000	            -1062
  695.0000	             -835
  695.2000	            -1040
  695.4000	            -1061
  695.6000	            -1057
  695.8000	            -1018
  696.0000	             -901
  696.2000	             -957
  696.4000	            51012
  696.6000	             -575
  696.8000	             -990
  697.0000	            -1056
  697.2000	            -1042
  697.4000	            -1069
  697.6000	            -1056
  697.8000	            -1042
  698.0000	            -1067
  698.2000	            -1070
  698.4000	            -1074
  698.6000	            -1061
  698.8000	            -1077
  699.0000	            -1070
  699.2000	            -1021
  699.4000	            -1016
  699.6000	            -1055
  699.8000	            -1068
  700.0000	            -1047
  700.2000	            -1029
  700.4000	            -1065
  700.6000	            -1067
  700.8000	            -1049
  701.0000	            -1052
  701.2000	            -1044
  701.4000	            -1070
  701.6000	            -1055
  701.8000	            -1093
  702.0000	            -1066
  702.2000	            -1055
  702.4000	            -1002
  702.6000	            -1056
  702.8000	             -719
  703.0000	             -148
  703.2000	            -1064
  703.4000	            -1045
  703.6000	            -1042
  703.8000	            -1070
  704.0000	            -1086
  704.2000	            -1053
  704.4000	            -1044
  704.6000	            -1054
  704.8000	            -1047
  705.0000	            -1063
  705.2000	            -1033
  705.4000	            -1048
  705.6000	            -1012
  705.8000	            -1037
  706.0000	            -1051
  706.2000	            -1033
  706.4000	             -901
  706.6000	            41552
  706.8000	             1341
  707.0000	             -970
  707.2000	            -1012
  707.4000	            -1088
  707.6000	            -1022
  707.8000	            -1033
  708.0000	            -1046
  708.2000	            -1091
  708.4000	            -1047
  708.6000	             -919
  708.8000	            -1019
  709.0000	            -1070
  709.2000	            -1043
  709.4000	            -1055
  709.6000	            -1009
  709.8000	            -1082
  710.0000	            -1058
  710.2000	            -1009
  710.4000	            -1098
  710.6000	             -637
  710.8000	            -1058
  711.0000	            -1069
  711.2000	            -1036
  711.4000	            -1096
  711.6000	             -999
  711.8000	            -1026
  712.0000	            -1013
  712.2000	            -1025
  712.4000	             -775
  712.6000	            -1025
  712.8000	             -995
  713.0000	            -1052
  713.2000	            -1035
  713.4000	             -992
  713.6000	            -1052
  713.8000	            -1015
  714.0000	            -1008
  714.2000	             -994
  714.4000	             -995
  714.6000	             3339
  714.8000	            -1004
  715.0000	             -945
  715.2000	            -1025
  715.4000	            -1039
  715.6000	            -1018
  715.8000	             -683
  716.0000	            -1003
  716.2000	             -937
  716.4000	            -1061
  716.6000	            -1070
  716.8000	            -1017
  717.0000	            -1047
  717.2000	            -1040
  717.4000	            -1039
  717.6000	            -1026
  717.8000	             -992
  718.0000	            -1075
  718.2000	            -1042
  718.4000	            -1080
  718.6000	            -1032
  718.8000	            -1030
  719.0000	            -1078
  719.2000	            -1007
  719.4000	            -1037
  719.6000	            -1017
  719.8000	             -998
  720.0000	            -1026
  720.2000	             -967
  720.4000	            -1028
  720.6000	              728
  720.8000	            -1001
  721.0000	             -997
  721.2000	             -943
  721.4000	             -988
  721.6000	             -831
  721.8000	             -952
  722.0000	             -888
  722.2000	             -982
  722.4000	             -905
  722.6000	             -964
  722.8000	             -827
  723.0000	             -938
  723.2000	             -924
  723.4000	             -930
  723.6000	             -866
  723.8000	             -934
  724.0000	             -915
  724.2000	             -875
  724.4000	             -940
  724.6000	             -963
  724.8000	             -845
  725.0000	             -841
  725.2000	             -928
  725.4000	            -1013
  725.6000	             -944
  725.8000	             -844
  726.0000	             -881
  726.2000	            -1015
  726.4000	             -585
  726.6000	             -915
  726.8000	             -859
  727.0000	             -764
  727.2000	            11864
  727.4000	             -944
  727.6000	            -1019
  727.8000	             -959
  728.0000	            -1025
  728.2000	             -912
  728.4000	             -960
  728.6000	             -992
  728.8000	             -932
  729.0000	            -1016
  729.2000	             -952
  729.4000	            -1016
  729.6000	             -982
  729.8000	             -942
  730.0000	            -1064
  730.2000	             -847
  730.4000	            -1042
  730.6000	             -845
  730.8000	            -1006
  731.0000	             -726
  731.2000	             -898
  731.4000	             -858
  731.6000	             -757
  731.8000	             -856
  732.0000	             -866
  732.2000	             -967
  732.4000	             -895
  732.6000	             -950
  732.8000	             -768
  733.0000	             -927
  733.2000	             -789
  733.4000	             -853
  733.6000	             -789
  733.8000	             -850
  734.0000	             -718
  734.2000	             -839
  734.4000	             -781
  734.6000	             -761
  734.8000	             -701
  735.0000	             -658
  735.2000	              -21
  735.4000	             -815
  735.6000	             -896
  735.8000	             -823
  736.0000	             -711
  736.2000	             -832
  736.4000	             -791
  736.6000	             -863
  736.8000	             -867
  737.0000	             -617
  737.2000	              877
  737.4000	             -819
  737.6000	             -866
  737.8000	             -856
  738.0000	             -768
  738.2000	             4827
  738.4000	            16165
  738.6000	             -609
  738.8000	             -964
  739.0000	             -947
  739.2000	             -476
  739.4000	             -940
  739.6000	             -849
  739.8000	             -992
  740.0000	             -982
  740.2000	             -814
  740.4000	             -932
  740.6000	             -935
  740.8000	             -969
  741.0000	             -982
  741.2000	             -657
  741.4000	            -1043
  741.6000	             -824
  741.8000	             -992
  742.0000	             -829
  742.2000	             -921
  742.4000	             -741
  742.6000	             -827
  742.8000	             -771
  743.0000	             -914
  743.2000	             -781
  743.4000	             -414
  743.6000	             -647
  743.8000	             -790
  744.0000	             -802
  744.2000	             -539
  744.4000	             -749
  744.6000	             -761
  744.8000	             -720
  745.0000	             -564
  745.2000	             -790
  745.4000	             -760
  745.6000	             -417
  745.8000	             -648
  746.0000	             -628
  746.2000	             -575
  746.4000	             -565
  746.6000	             -525
  746.8000	             -566
  747.0000	             -645
  747.2000	             -691
  747.4000	             -689
  747.6000	             -559
  747.8000	             -625
  748.0000	             -589
  748.2000	             -505
  748.4000	             -586
  748.6000	             -568
  748.8000	             -552
  749.0000	             -439
  749.2000	             -822
  749.4000	             -769
  749.6000	             -725
  749.8000	             -544
  750.0000	             -228
  750.2000	            95786
  750.4000	            11014
  750.6000	             -412
  750.8000	             -640
  751.0000	             -630
  751.2000	              340
  751.4000	            84426
  751.6000	             -571
  751.8000	             -857
  752.0000	             -718
  752.2000	             -779
  752.4000	             -871
  752.6000	             -959
  752.8000	             -928
  753.0000	             -788
  753.2000	            -1019
  753.4000	             -959
  753.6000	             -858
  753.8000	             -940
  754.0000	             -833
  754.2000	             -970
  754.4000	             -826
  754.6000	             -941
  754.8000	             -786
  755.0000	             -942
  755.2000	             -664
  755.4000	             -805
  755.6000	             -815
  755.8000	             -893
  756.0000	             -887
  756.2000	             -579
  756.4000	             -803
  756.6000	             -759
  756.8000	             -761
  757.0000	             -616
  757.2000	             -687
  757.4000	             -793
  757.6000	             -421
  757.8000	             -713
  758.0000	             -580
  758.2000	             -542
  758.4000	             -585
  758.6000	             -395
  758.8000	             -632
  759.0000	             -915
  759.2000	             -645
  759.4000	             -707
  759.6000	             -752
  759.8000	             -597
  760.0000	             -636
  760.2000	             -475
  760.4000	             -859
  760.6000	             -761
  760.8000	             -573
  761.0000	             -390
  761.2000	             -484
  761.4000	             -861
  761.6000	             -758
  761.8000	             -760
  762.0000	             -651
  762.2000	             -761
  762.4000	             -435
  762.6000	             -822
  762.8000	             -881
  763.0000	             -857
  763.2000	             -360
  763.4000	           157159
  763.6000	             -188
  763.8000	             -663
  764.0000	             -818
  764.2000	             -779
  764.4000	             -899
  764.6000	             -859
  764.8000	             -829
  765.0000	             -969
  765.2000	            -1001
  765.4000	             -848
  765.6000	            -1007
  765.8000	             -870
  766.0000	             -865
  766.2000	             -899
  766.4000	             -856
  766.6000	             -964
  766.8000	             -819
  767.0000	             -808
  767.2000	             -773
  767.4000	             -997
  767.6000	             -663
  767.8000	             -840
  768.0000	             -778
  768.2000	             -866
  768.4000	             -761
  768.6000	             -517
  768.8000	             -686
  769.0000	             -657
  769.2000	             -634
  769.4000	             -758
  769.6000	             -156
  769.8000	             -688
  770.0000	             -724
  770.2000	             -340
  770.4000	             -395
  770.6000	             -716
  770.8000	             -410
  771.0000	             -515
  771.2000	             -378
  771.4000	             -586
  771.6000	             -828
  771.8000	             -613
  772.0000	             -436
  772.2000	            10920
  772.4000	            12532
  772.6000	             -302
  772.8000	             -471
  773.0000	             -714
  773.2000	             -733
  773.4000	             -496
  773.6000	             -381
  773.8000	             -184
  774.0000	             -841
  774.2000	             -821
  774.4000	             -866
  774.6000	             -732
  774.8000	             -676
  775.0000	             -540
  775.2000	             -308
  775.4000	            -1039
  775.6000	            -1021
  775.8000	            -1008
  776.0000	            -1036
  776.2000	             -990
  776.4000	             -970
  776.6000	             -966
  776.8000	             -976
  777.0000	             -943
  777.2000	             -940
  777.4000	             -770
  777.6000	            -1045
  777.8000	            -1071
  778.0000	            -1048
  778.2000	            -1054
  778.4000	            -1053
  778.6000	            -1051
  778.8000	            -1076
  779.0000	            -1096
  779.2000	            -1067
  779.4000	            -1090
  779.6000	            -1051
  779.8000	            -1036
  780.0000	            -1079
  780.2000	            -1072
  780.4000	            -1039
  780.6000	            -1110
  780.8000	            -1104
  781.0000	            -1091
  781.2000	            -1060
  781.4000	            -1033
  781.6000	            -1077
  781.8000	            -1063
  782.0000	            -1077
  782.2000	            -1083
  782.4000	            -1075
  782.6000	            -1069
  782.8000	            -1045
  783.0000	            -1070
  783.2000	            -1076
  783.4000	            -1052
  783.6000	            -1102
  783.8000	            -1042
  784.0000	            -1056
  784.2000	            -1094
  784.4000	            -1039
  784.6000	            -1054
  784.8000	            -1076
  785.0000	            -1050
  785.2000	            -1033
  785.4000	            -1041
  785.6000	            -1042
  785.8000	            -1073
  786.0000	            -1061
  786.2000	            -1076
  786.4000	            -1082
  786.6000	            -1084
  786.8000	             -985
  787.0000	            -1047
  787.2000	            -1074
  787.4000	            -1079
  787.6000	            -1051
  787.8000	            -1091
  788.0000	            -1070
  788.2000	            -1104
  788.4000	            -1099
  788.6000	            -1059
  788.8000	            -1092
  789.0000	             -782
  789.2000	            -1073
  789.4000	            -1069
  789.6000	            -1052
  789.8000	            -1104
  790.0000	            -1099
  790.2000	            -1053
  790.4000	            -1059
  790.6000	            -1065
  790.8000	            -1070
  791.0000	            -1085
  791.2000	            -1086
  791.4000	            -1102
  791.6000	            -1053
  791.8000	            -1070
  792.0000	            -1093
  792.2000	            -1050
  792.4000	            -1059
  792.6000	            -1078
  792.8000	            -1084
  793.0000	            -1059
  793.2000	            -1052
  793.4000	            -1093
  793.6000	            -1092
  793.8000	            -1067
  794.0000	            -1107
  794.2000	            -1063
  794.4000	            -1048
  794.6000	             1112
  794.8000	            11962
  795.0000	             -975
  795.2000	            -1050
  795.4000	            -1033
  795.6000	            -1062
  795.8000	            -1092
  796.0000	            -1116
  796.2000	            -1057
  796.4000	            -1073
  796.6000	            -1046
  796.8000	            -1096
  797.0000	            -1089
  797.2000	            -1098
  797.4000	            -1059
  797.6000	            -1061
  797.8000	            -1089
  798.0000	            -1109
  798.2000	            -1042
  798.4000	            -1056
  798.6000	            -1042
  798.8000	            -1079
  799.0000	            -1060
  799.2000	            -1067
  799.4000	            -1069
  799.6000	            -1092
  799.8000	            -1092
  800.0000	            -1056
