  500.0000	             -675
  500.2000	             -826
  500.4000	             -581
  500.6000	             -691
  500.8000	              877
  501.0000	             -664
  501.2000	             -571
  501.4000	             -494
  501.6000	             3103
  501.8000	             -539
  502.0000	             -584
  502.2000	             -518
  502.4000	             -495
  502.6000	             -513
  502.8000	             -406
  503.0000	              143
  503.2000	             -421
  503.4000	             -876
  503.6000	             -887
  503.8000	             -868
  504.0000	             -857
  504.2000	             -859
  504.4000	             -803
  504.6000	             -883
  504.8000	             -696
  505.0000	             -842
  505.2000	             -805
  505.4000	             -851
  505.6000	             -781
  505.8000	             -623
  506.0000	                0
  506.2000	             -427
  506.4000	             -624
  506.6000	             -597
  506.8000	             -749
  507.0000	             -789
  507.2000	             -793
  507.4000	             -813
  507.6000	             -806
  507.8000	             -868
  508.0000	             -833
  508.2000	             -853
  508.4000	             -920
  508.6000	             -812
  508.8000	             -929
  509.0000	             -176
  509.2000	             -928
  509.4000	             -964
  509.6000	             -883
  509.8000	             -901
  510.0000	             -963
  510.2000	             -995
  510.4000	             -913
  510.6000	             -981
  510.8000	             -990
  511.0000	             -949
  511.2000	             -950
  511.4000	             -919
  511.6000	             -903
  511.8000	             -814
  512.0000	             -896
  512.2000	             -871
  512.4000	             -713
  512.6000	             -806
  512.8000	             -830
  513.0000	             -903
  513.2000	             -901
  513.4000	             -834
  513.6000	             -849
  513.8000	             -867
  514.0000	             -252
  514.2000	             -723
  514.4000	               11
  514.6000	             -828
  514.8000	             -540
  515.0000	             -489
  515.2000	             -778
  515.4000	             -800
  515.6000	             -838
  515.8000	             -858
  516.0000	             -763
  516.2000	              382
  516.4000	             -598
  516.6000	             -646
  516.8000	             -687
  517.0000	             -757
  517.2000	             -701
  517.4000	             -707
  517.6000	             -475
  517.8000	             -446
  518.0000	             -656
  518.2000	             -791
  518.4000	             -925
  518.6000	             -249
  518.8000	             -545
  519.0000	             -851
  519.2000	             -921
  519.4000	             -785
  519.6000	             -880
  519.8000	             -939
  520.0000	             -904
  520.2000	             -915
  520.4000	             -776
  520.6000	             -854
  520.8000	             -757
  521.0000	             -812
  521.2000	             -757
  521.4000	             -765
  521.6000	             -655
  521.8000	             -802
  522.0000	              -93
  522.2000	             -859
  522.4000	             -823
  522.6000	             -547
  522.8000	             -658
  523.0000	             -973
  523.2000	             -983
  523.4000	             -969
  523.6000	             -975
  523.8000	             -980
  524.0000	             -919
  524.2000	             -968
  524.4000	            -1019
  524.6000	             -975
  524.8000	             -970
  525.0000	             -970
  525.2000	             -478
  525.4000	             -828
  525.6000	             -967
  525.8000	             -977
  526.0000	             -970
  526.2000	             -970
  526.4000	             -826
  526.6000	             -898
  526.8000	             -844
  527.0000	             -887
  527.2000	             -919
  527.4000	             -876
  527.6000	             -908
  527.8000	             -820
  528.0000	             -771
  528.2000	             -857
  528.4000	             -799
  528.6000	             -720
  528.8000	             -866
  529.0000	             -828
  529.2000	             -757
  529.4000	             -830
  529.6000	             -649
  529.8000	             -714
  530.0000	             -716
  530.2000	             -704
  530.4000	             -589
  530.6000	             -595
  530.8000	             -413
  531.0000	             -786
  531.2000	             -872
  531.4000	             -828
  531.6000	             -859
  531.8000	             -868
  532.0000	             -927
  532.2000	             -986
  532.4000	             -932
  532.6000	             -921
  532.8000	             -955
  533.0000	            -1043
  533.2000	            -1022
  533.4000	            -1035
  533.6000	            -1035
  533.8000	             -967
  534.0000	            -1021
  534.2000	            -1036
  534.4000	             -957
  534.6000	             -944
  534.8000	             -994
  535.0000	             -971
  535.2000	             -967
  535.4000	            -1025
  535.6000	             -962
  535.8000	             -791
  536.0000	             -992
  536.2000	             -952
  536.4000	             -919
  536.6000	             -922
  536.8000	             -990
  537.0000	             -964
  537.2000	             -744
  537.4000	             -970
  537.6000	             -975
  537.8000	             -941
  538.0000	             -985
  538.2000	             -895
  538.4000	             -897
  538.6000	             -827
  538.8000	             -931
  539.0000	             -908
  539.2000	             -915
  539.4000	             -945
  539.6000	             -857
  539.8000	             -882
  540.0000	             -828
  540.2000	             -893
  540.4000	             -943
  540.6000	             -674
  540.8000	             -959
  541.0000	             -896
  541.2000	             -922
  541.4000	             -904
  541.6000	             -909
  541.8000	             -896
  542.0000	             -481
  542.2000	             -856
  542.4000	             -912
  542.6000	             -868
  542.8000	             -827
  543.0000	             -873
  543.2000	             -813
  543.4000	             -844
  543.6000	             -821
  543.8000	             -790
  544.0000	             -785
  544.2000	             -620
  544.4000	             -898
  544.6000	             -894
  544.8000	             -851
  545.0000	             -318
  545.2000	             -759
  545.4000	             -866
  545.6000	             -483
  545.8000	             -821
  546.0000	             -915
  546.2000	             -915
  546.4000	             -922
  546.6000	             -838
  546.8000	             -802
  547.0000	             -849
  547.2000	             -713
  547.4000	             -901
  547.6000	             -826
  547.8000	             -945
  548.0000	             -992
  548.2000	             -901
  548.4000	             -965
  548.6000	             -915
  548.8000	             -930
  549.0000	             -921
  549.2000	             -888
  549.4000	              160
  549.6000	             -858
  549.8000	             -935
  550.0000	             -919
  550.2000	             -943
  550.4000	             -853
  550.6000	             -824
  550.8000	             -911
  551.0000	             -963
  551.2000	             -964
  551.4000	             -860
  551.6000	            -1023
  551.8000	             -928
  552.0000	             -950
  552.2000	            -1001
  552.4000	             -697
  552.6000	             -963
  552.8000	             -975
  553.0000	             -970
  553.2000	             -964
  553.4000	             -929
  553.6000	             -999
  553.8000	             -976
  554.0000	             -888
  554.2000	             -984
  554.4000	             -908
  554.6000	             -946
  554.8000	             -969
  555.0000	             -982
  555.2000	             -829
  555.4000	            -1003
  555.6000	             -956
  555.8000	              543
  556.0000	             -917
  556.2000	             -945
  556.4000	             -940
  556.6000	             -980
  556.8000	             -941
  557.0000	             -944
  557.2000	             -457
  557.4000	             -967
  557.6000	             -879
  557.8000	             -937
  558.0000	             -966
  558.2000	             -962
  558.4000	            -1023
  558.6000	             -981
  558.8000	             -913
  559.0000	             -982
  559.2000	             -970
  559.4000	            -1011
  559.6000	             -754
  559.8000	             -967
  560.0000	             -924
  560.2000	            -1056
  560.4000	            -1017
  560.6000	              734
  560.8000	            -1058
  561.0000	            -1045
  561.2000	            -1059
  561.4000	            -1033
  561.6000	            -1033
  561.8000	            -1051
  562.0000	             -982
  562.2000	            -1016
  562.4000	            -1007
  562.6000	            -1062
  562.8000	            -1104
  563.0000	            -1050
  563.2000	            -1082
  563.4000	             -976
  563.6000	            -1019
  563.8000	            -1042
  564.0000	            -1015
  564.2000	            -1044
  564.4000	            -1062
  564.6000	            -1043
  564.8000	             -894
  565.0000	             -385
  565.2000	            -1067
  565.4000	            -1045
  565.6000	            -1093
  565.8000	             -933
  566.0000	            -1038
  566.2000	            -1090
  566.4000	            -1070
  566.6000	            -1042
  566.8000	            -1051
  567.0000	            -1042
  567.2000	             -995
  567.4000	            -1091
  567.6000	            -1081
  567.8000	            -1056
  568.0000	            -1004
  568.2000	            -1019
  568.4000	            -1056
  568.6000	            -1085
  568.8000	             -981
  569.0000	             -922
  569.2000	            -1028
  569.4000	            -1119
  569.6000	            -1096
  569.8000	            -1039
  570.0000	            -1006
  570.2000	            -1052
  570.4000	            -1017
  570.6000	             -974
  570.8000	            -1025
  571.0000	             -979
  571.2000	             -978
  571.4000	             -975
  571.6000	             -979
  571.8000	             -951
  572.0000	             -963
  572.2000	             -912
  572.4000	             -903
  572.6000	             -896
  572.8000	             -840
  573.0000	             -872
  573.2000	             -766
  573.4000	             -892
  573.6000	             -894
  573.8000	             -485
  574.0000	             -828
  574.2000	             -780
  574.4000	             -907
  574.6000	             -712
  574.8000	             -874
  575.0000	             -859
  575.2000	             -793
  575.4000	             -648
  575.6000	             -906
  575.8000	             -896
  576.0000	             -932
  576.2000	             -849
  576.4000	             -910
  576.6000	             -870
  576.8000	             -937
  577.0000	             -901
  577.2000	             -698
  577.4000	             -748
  577.6000	             -776
  577.8000	             -768
  578.0000	             -698
  578.2000	             -826
  578.4000	             -789
  578.6000	             -790
  578.8000	             -825
  579.0000	             -741
  579.2000	             -735
  579.4000	             -794
  579.6000	             -654
  579.8000	             -872
  580.0000	             -790
  580.2000	             -528
  580.4000	             -869
  580.6000	             -851
  580.8000	             -826
  581.0000	             -878
  581.2000	             -758
  581.4000	             -802
  581.6000	             -715
  581.8000	             -803
  582.0000	             -716
  582.2000	             -823
  582.4000	             -686
  582.6000	             -688
  582.8000	             -692
  583.0000	             -617
  583.2000	             -826
  583.4000	             -473
  583.6000	             -768
  583.8000	             -765
  584.0000	             -705
  584.2000	             -621
  584.4000	             -740
  584.6000	             -478
  584.8000	             -817
  585.0000	             -809
  585.2000	             -575
  585.4000	             -802
  585.6000	             -929
  585.8000	             -866
  586.0000	             -591
  586.2000	             -779
  586.4000	             -829
  586.6000	             -784
  586.8000	             -864
  587.0000	             -818
  587.2000	             -760
  587.4000	             -670
  587.6000	             -661
  587.8000	             -715
  588.0000	             -647
  588.2000	             -205
  588.4000	             -782
  588.6000	             -728
  588.8000	              145
  589.0000	             -683
  589.2000	             -692
  589.4000	             -736
  589.6000	             -573
  589.8000	             -577
  590.0000	             -758
  590.2000	             -776
  590.4000	             -395
  590.6000	             -964
  590.8000	             -923
  591.0000	             -595
  591.2000	             -437
  591.4000	             -839
  591.6000	             -744
  591.8000	             -790
  592.0000	             -866
  592.2000	             -873
  592.4000	             -729
  592.6000	             -657
  592.8000	              170
  593.0000	             -743
  593.2000	             -712
  593.4000	             -537
  593.6000	             -812
  593.8000	             -821
  594.0000	             -783
  594.2000	             -559
  594.4000	             -770
  594.6000	             -602
  594.8000	             -708
  595.0000	             -513
  595.2000	             -866
  595.4000	             -872
  595.6000	             -771
  595.8000	             -571
  596.0000	             -976
  596.2000	             -962
  596.4000	             -946
  596.6000	             -899
  596.8000	             -901
  597.0000	             -823
  597.2000	             -848
  597.4000	             -827
  597.6000	             -701
  597.8000	             -841
  598.0000	             -816
  598.2000	             -741
  598.4000	             -826
  598.6000	             -540
  598.8000	             -571
  599.0000	             -881
  599.2000	             -829
  599.4000	             -870
  599.6000	             -847
  599.8000	             -624
  600.0000	             -694
  600.2000	             -839
  600.4000	             -561
  600.6000	             -900
  600.8000	             -867
  601.0000	             -832
  601.2000	             -416
  601.4000	            -1027
  601.6000	             -958
  601.8000	             -911
  602.0000	             -970
  602.2000	             -930
  602.4000	             -628
  602.6000	             -858
  602.8000	             -964
  603.0000	             -263
  603.2000	             -213
  603.4000	             -871
  603.6000	             -876
  603.8000	             -854
  604.0000	             -876
  604.2000	              314
  604.4000	             -680
  604.6000	             -861
  604.8000	             -920
  605.0000	             -843
  605.2000	             -687
  605.4000	             -928
  605.6000	             -771
  605.8000	             -411
  606.0000	             -770
  606.2000	             -872
  606.4000	             -920
  606.6000	             -913
  606.8000	             -575
  607.0000	            -1002
  607.2000	            -1055
  607.4000	             -957
  607.6000	            -1042
  607.8000	             -970
  608.0000	             -955
  608.2000	             -999
  608.4000	             -992
  608.6000	            -1001
  608.8000	             -997
  609.0000	             -853
  609.2000	             -950
  609.4000	             -975
  609.6000	             -961
  609.8000	             -558
  610.0000	             -860
  610.2000	             -922
  610.4000	             -596
  610.6000	             -997
  610.8000	             -981
  611.0000	             -977
  611.2000	             -982
  611.4000	              638
  611.6000	            -1000
  611.8000	             -835
  612.0000	            -1009
  612.2000	             -986
  612.4000	             -983
  612.6000	             -785
  612.8000	            -1004
  613.0000	            -1053
  613.2000	            -1075
  613.4000	            -1077
  613.6000	            -1055
  613.8000	             -966
  614.0000	            -1040
  614.2000	            -1007
  614.4000	             -651
  614.6000	            -1004
  614.8000	            -1027
  615.0000	            -1012
  615.2000	             -970
  615.4000	             -679
  615.6000	            -1027
  615.8000	             -979
  616.0000	             -999
  616.2000	             -986
  616.4000	             -987
  616.6000	             -970
  616.8000	             -990
  617.0000	             -849
  617.2000	               85
  617.4000	             -957
  617.6000	            -1036
  617.8000	             -987
  618.0000	            -1027
  618.2000	            -1033
  618.4000	            -1013
  618.6000	            -1013
  618.8000	            -1070
  619.0000	            -1039
  619.2000	            -1042
  619.4000	            -1070
  619.6000	            -1076
  619.8000	            -1033
  620.0000	            -1027
  620.2000	            -1031
  620.4000	            -1084
  620.6000	            -1041
  620.8000	             -998
  621.0000	            -1052
  621.2000	             -714
  621.4000	            -1004
  621.6000	             -928
  621.8000	            -1027
  622.0000	             -990
  622.2000	             -983
  622.4000	            -1004
  622.6000	            -1001
  622.8000	             -992
  623.0000	             -985
  623.2000	             -976
  623.4000	             -959
  623.6000	             -948
  623.8000	            -1071
  624.0000	            -1034
  624.2000	             -786
  624.4000	             -999
  624.6000	            -1017
  624.8000	             -970
  625.0000	            -1006
  625.2000	             -964
  625.4000	            -1038
  625.6000	            -1071
  625.8000	            -1028
  626.0000	            -1025
  626.2000	            -1047
  626.4000	             -997
  626.6000	             -984
  626.8000	            -1038
  627.0000	            -1051
  627.2000	            -1014
  627.4000	             -987
  627.6000	             -928
  627.8000	             -983
  628.0000	            -1000
  628.2000	             -956
  628.4000	             -885
  628.6000	             -940
  628.8000	             -948
  629.0000	             -905
  629.2000	             -981
  629.4000	             -876
  629.6000	             -544
  629.8000	             -935
  630.0000	             -957
  630.2000	             -947
  630.4000	             -909
  630.6000	             -835
  630.8000	             -808
  631.0000	             -917
  631.2000	             -762
  631.4000	             -935
  631.6000	             -976
  631.8000	             -862
  632.0000	             -944
  632.2000	             -849
  632.4000	            -1040
  632.6000	             -964
  632.8000	             -980
  633.0000	             -969
  633.2000	             -965
  633.4000	             -931
  633.6000	             -948
  633.8000	            -1026
  634.0000	            -1019
  634.2000	             -940
  634.4000	             -945
  634.6000	             -899
  634.8000	            -1025
  635.0000	             -893
  635.2000	             -866
  635.4000	             -861
  635.6000	             -863
  635.8000	             -796
  636.0000	             -790
  636.2000	             -790
  636.4000	             -753
  636.6000	             -743
  636.8000	             -814
  637.0000	             -851
  637.2000	             -828
  637.4000	             -797
  637.6000	             -767
  637.8000	             -767
  638.0000	             -957
  638.2000	             -753
  638.4000	             -203
  638.6000	             -890
  638.8000	             -940
  639.0000	             -803
  639.2000	             -784
  639.4000	             -821
  639.6000	            -1025
  639.8000	             -967
  640.0000	             -964
  640.2000	             -910
  640.4000	             -949
  640.6000	             -935
  640.8000	             -928
  641.0000	            -1006
  641.2000	             -930
  641.4000	             -852
  641.6000	               36
  641.8000	             -983
  642.0000	             -899
  642.2000	             -860
  642.4000	             -867
  642.6000	             -905
  642.8000	             -825
  643.0000	             -716
  643.2000	             -824
  643.4000	             -699
  643.6000	             -791
  643.8000	             -707
  644.0000	             -712
  644.2000	             -716
  644.4000	             -815
  644.6000	             -812
  644.8000	             -775
  645.0000	             -761
  645.2000	             -695
  645.4000	             -868
  645.6000	             -579
  645.8000	             -586
  646.0000	             -828
  646.2000	             -900
  646.4000	             -736
  646.6000	             -547
  646.8000	             -774
  647.0000	            -1018
  647.2000	             -902
  647.4000	             -944
  647.6000	             -949
  647.8000	             -829
  648.0000	             -835
  648.2000	             -499
  648.4000	             -935
  648.6000	             -947
  648.8000	             -921
  649.0000	             -970
  649.2000	             -888
  649.4000	             -677
  649.6000	             -925
  649.8000	             -802
  650.0000	             -692
  650.2000	             -615
  650.4000	             -757
  650.6000	             -626
  650.8000	             -690
  651.0000	             -657
  651.2000	             -615
  651.4000	             -533
  651.6000	             -741
  651.8000	             -829
  652.0000	             -794
  652.2000	             -764
  652.4000	             -667
  652.6000	             -705
  652.8000	             -559
  653.0000	             -802
  653.2000	             -544
  653.4000	             -415
  653.6000	             -761
  653.8000	             -794
  654.0000	             -589
  654.2000	             -581
  654.4000	             -558
  654.6000	            -1033
  654.8000	             -876
  655.0000	             -981
  655.2000	             -900
  655.4000	             -870
  655.6000	             -960
  655.8000	             -821
  656.0000	             -447
  656.2000	                8
  656.4000	             -636
  656.6000	             -802
  656.8000	             -863
  657.0000	             -883
  657.2000	             -787
  657.4000	             -733
  657.6000	             -704
  657.8000	             -800
  658.0000	             -482
  658.2000	             -659
  658.4000	             -553
  658.6000	             -481
  658.8000	             -631
  659.0000	             -535
  659.2000	             -361
  659.4000	             -697
  659.6000	             -792
  659.8000	             -652
  660.0000	             -690
  660.2000	             -639
  660.4000	             -443
  660.6000	             -385
  660.8000	             -790
  661.0000	             -513
  661.2000	             -257
  661.4000	             -836
  661.6000	             -808
  661.8000	             -714
  662.0000	             -620
  662.2000	             -235
  662.4000	             -997
  662.6000	             -912
  662.8000	             -919
  663.0000	             -838
  663.2000	             -877
  663.4000	             -796
  663.6000	             -915
  663.8000	             -687
  664.0000	             -868
  664.2000	             -876
  664.4000	             -913
  664.6000	             -849
  664.8000	             -849
  665.0000	             -853
  665.2000	             -867
  665.4000	             -742
  665.6000	             -718
  665.8000	             -903
  666.0000	             -408
  666.2000	             -718
  666.4000	             -615
  666.6000	             -469
  666.8000	             -667
  667.0000	             -620
  667.2000	             -566
  667.4000	             -668
  667.6000	             1834
  667.8000	             -683
  668.0000	             -641
  668.2000	             -743
  668.4000	             -472
  668.6000	             -698
  668.8000	             -743
  669.0000	             -768
  669.2000	             -610
  669.4000	             -521
  669.6000	             -841
  669.8000	             -756
  670.0000	             -707
  670.2000	             -656
  670.4000	             -659
  670.6000	            -1072
  670.8000	             -915
  671.0000	             -979
  671.2000	             -936
  671.4000	            -1034
  671.6000	             -866
  671.8000	             -940
  672.0000	             -941
  672.2000	             -940
  672.4000	             -996
  672.6000	             -955
  672.8000	             -973
  673.0000	             -975
  673.2000	             -970
  673.4000	             -900
  673.6000	             -970
  673.8000	             -921
  674.0000	             -900
  674.2000	             -815
  674.4000	             -896
  674.6000	             -823
  674.8000	             -828
  675.0000	             -772
  675.2000	             1375
  675.4000	             -793
  675.6000	             -618
  675.8000	             -802
  676.0000	             -968
  676.2000	             -837
  676.4000	             -814
  676.6000	             -542
  676.8000	             -772
  677.0000	             -770
  677.2000	             -878
  677.4000	             -859
  677.6000	             -723
  677.8000	             -693
  678.0000	             -881
  678.2000	             -919
  678.4000	             -805
  678.6000	             -785
  678.8000	             -753
  679.0000	            -1077
  679.2000	            -1069
  679.4000	            -1042
  679.6000	            -1042
  679.8000	            -1032
  680.0000	             -992
  680.2000	             -986
  680.4000	            -1012
  680.6000	            -1034
  680.8000	            -1027
  681.0000	            -1037
  681.2000	            -1042
  681.4000	            -1077
  681.6000	            -1042
  681.8000	             -999
  682.0000	            -1047
  682.2000	            -1038
  682.4000	            -1031
  682.6000	            -1036
  682.8000	             -936
  683.0000	            -1006
  683.2000	            -1006
  683.4000	             -978
  683.6000	             -986
  683.8000	            -1000
  684.0000	             -994
  684.2000	             -915
  684.4000	             -970
  684.6000	            -1034
  684.8000	            -1028
  685.0000	             -970
  685.2000	            -1023
  685.4000	             -976
  685.6000	             -982
  685.8000	             -970
  686.0000	             -896
  686.2000	             -919
  686.4000	             -866
  686.6000	            -1070
  686.8000	            -1043
  687.0000	              184
  687.2000	             -944
  687.4000	             -815
  687.6000	            -1089
  687.8000	            -1070
  688.0000	            -1104
  688.2000	            -1063
  688.4000	            -1078
  688.6000	            -1007
  688.8000	             -962
  689.0000	            -1053
  689.2000	            -1089
  689.4000	            -1108
  689.6000	            -1117
  689.8000	            -1115
  690.0000	            -1100
  690.2000	            -1115
  690.4000	            -1101
  690.6000	            -1090
  690.8000	            -1149
  691.0000	            -1118
  691.2000	            -1120
  691.4000	            -1113
  691.6000	            -1135
  691.8000	            -1104
  692.0000	            -1096
  692.2000	            -1093
  692.4000	            -1124
  692.6000	            -1108
  692.8000	            -1097
  693.0000	            -1097
  693.2000	            -1142
  693.4000	            -1104
  693.6000	             -890
  693.8000	            -1106
  694.0000	            -1115
  694.2000	            -1092
  694.4000	            -1097
  694.6000	            -1107
  694.8000	            -1141
  695.0000	            -1043
  695.2000	            -1101
  695.4000	            -1098
  695.6000	            -1122
  695.8000	            -1114
  696.0000	            -1032
  696.2000	            -1073
  696.4000	            22664
  696.6000	             -800
  696.8000	            -1076
  697.0000	            -1067
  697.2000	            -1095
  697.4000	            -1062
  697.6000	            -1131
  697.8000	            -1067
  698.0000	            -1132
  698.2000	            -1098
  698.4000	            -1086
  698.6000	            -1073
  698.8000	            -1105
  699.0000	            -1122
  699.2000	            -1061
  699.4000	            -1060
  699.6000	            -1143
  699.8000	            -1045
  700.0000	            -1089
  700.2000	            -1105
  700.4000	            -1093
  700.6000	            -1087
  700.8000	            -1112
  701.0000	            -1107
  701.2000	            -1092
  701.4000	            -1098
  701.6000	            -1111
  701.8000	            -1070
  702.0000	            -1108
  702.2000	            -1101
  702.4000	            -1033
  702.6000	            -1083
  702.8000	            -1039
  703.0000	             -512
  703.2000	            -1077
  703.4000	            -1114
  703.6000	            -1113
  703.8000	            -1107
  704.0000	            -1125
  704.2000	            -1077
  704.4000	            -1059
  704.6000	            -1115
  704.8000	            -1106
  705.0000	            -1045
  705.2000	            -1090
  705.4000	            -1093
  705.6000	            -1104
  705.8000	            -1092
  706.0000	            -1086
  706.2000	            -1114
  706.4000	            -1033
  706.6000	            20679
  706.8000	              260
  707.0000	            -1085
  707.2000	            -1075
  707.4000	            -1105
  707.6000	            -1091
  707.8000	            -1106
  708.0000	            -1116
  708.2000	            -1093
  708.4000	            -1122
  708.6000	            -1032
  708.8000	            -1106
  709.0000	            -1118
  709.2000	            -1120
  709.4000	            -1045
  709.6000	            -1080
  709.8000	            -1105
  710.0000	            -1099
  710.2000	            -1113
  710.4000	            -1118
  710.6000	             -930
  710.8000	            -1056
  711.0000	            -1059
  711.2000	            -1086
  711.4000	            -1110
  711.6000	            -1095
  711.8000	            -1106
  712.0000	            -1056
  712.2000	            -1106
  712.4000	            -1001
  712.6000	            -1069
  712.8000	            -1042
  713.0000	            -1106
  713.2000	            -1074
  713.4000	            -1077
  713.6000	            -1073
  713.8000	            -1097
  714.0000	            -1103
  714.2000	            -1082
  714.4000	            -1104
  714.6000	             1178
  714.8000	            -1072
  715.0000	            -1073
  715.2000	            -1067
  715.4000	            -1103
  715.6000	            -1075
  715.8000	             -901
  716.0000	            -1090
  716.2000	            -1039
  716.4000	            -1100
  716.6000	            -1114
  716.8000	            -1048
  717.0000	            -1120
  717.2000	            -1136
  717.4000	            -1106
  717.6000	            -1115
  717.8000	            -1058
  718.0000	            -1139
  718.2000	            -1085
  718.4000	            -1114
  718.6000	            -1109
  718.8000	            -1113
  719.0000	            -1114
  719.2000	            -1061
  719.4000	            -1099
  719.6000	            -1092
  719.8000	            -1064
  720.0000	            -1043
  720.2000	            -1061
  720.4000	            -1107
  720.6000	             -233
  720.8000	            -1053
  721.0000	            -1056
  721.2000	            -1043
  721.4000	            -1090
  721.6000	             -982
  721.8000	            -1033
  722.0000	            -1042
  722.2000	            -1042
  722.4000	             -983
  722.6000	            -1053
  722.8000	             -968
  723.0000	            -1053
  723.2000	            -1020
  723.4000	            -1028
  723.6000	             -991
  723.8000	            -1009
  724.0000	            -1022
  724.2000	            -1034
  724.4000	            -1069
  724.6000	            -1039
  724.8000	            -1001
  725.0000	             -989
  725.2000	            -1044
  725.4000	            -1096
  725.6000	            -1052
  725.8000	             -976
  726.0000	             -999
  726.2000	            -1074
  726.4000	             -934
  726.6000	            -1049
  726.8000	            -1047
  727.0000	             -919
  727.2000	             5428
  727.4000	            -1015
  727.6000	            -1093
  727.8000	            -1089
  728.0000	            -1080
  728.2000	            -1033
  728.4000	            -1056
  728.6000	            -1070
  728.8000	            -1038
  729.0000	            -1067
  729.2000	            -1070
  729.4000	            -1077
  729.6000	            -1089
  729.8000	            -1050
  730.0000	            -1104
  730.2000	            -1030
  730.4000	            -1099
  730.6000	            -1006
  730.8000	            -1092
  731.0000	             -970
  731.2000	            -1020
  731.4000	             -983
  731.6000	             -957
  731.8000	            -1022
  732.0000	            -1022
  732.2000	            -1074
  732.4000	             -964
  732.6000	            -1102
  732.8000	             -909
  733.0000	            -1012
  733.2000	             -952
  733.4000	            -1053
  733.6000	             -868
  733.8000	             -981
  734.0000	             -893
  734.2000	             -970
  734.4000	             -911
  734.6000	             -879
  734.8000	             -921
  735.0000	             -815
  735.2000	             -689
  735.4000	             -996
  735.6000	            -1021
  735.8000	             -957
  736.0000	             -871
  736.2000	             -979
  736.4000	             -894
  736.6000	             -974
  736.8000	            -1008
  737.0000	             -824
  737.2000	               94
  737.4000	             -926
  737.6000	             -995
  737.8000	             -972
  738.0000	             -926
  738.2000	             1077
  738.4000	            11776
  738.6000	             -771
  738.8000	            -1064
  739.0000	            -1064
  739.2000	             -846
  739.4000	            -1064
  739.6000	             -998
  739.8000	            -1099
  740.0000	            -1109
  740.2000	             -970
  740.4000	            -1056
  740.6000	            -1046
  740.8000	            -1096
  741.0000	            -1094
  741.2000	             -892
  741.4000	            -1101
  741.6000	            -1008
  741.8000	            -1052
  742.0000	             -992
  742.2000	            -1071
  742.4000	             -971
  742.6000	             -989
  742.8000	             -958
  743.0000	            -1049
  743.2000	             -946
  743.4000	             -881
  743.6000	             -882
  743.8000	             -998
  744.0000	             -992
  744.2000	             -828
  744.4000	             -919
  744.6000	             -940
  744.8000	             -846
  745.0000	             -846
  745.2000	             -908
  745.4000	             -944
  745.6000	             -735
  745.8000	             -858
  746.0000	             -877
  746.2000	             -795
  746.4000	             -815
  746.6000	             -796
  746.8000	             -761
  747.0000	             -877
  747.2000	             -895
  747.4000	             -842
  747.6000	             -876
  747.8000	             -863
  748.0000	             -866
  748.2000	             -768
  748.4000	             -858
  748.6000	             -762
  748.8000	             -822
  749.0000	             -718
  749.2000	             -961
  749.4000	             -951
  749.6000	             -930
  749.8000	             -766
  750.0000	             -586
  750.2000	            46549
  750.4000	            14452
  750.6000	             -582
  750.8000	             -843
  751.0000	             -823
  751.2000	             -411
  751.4000	            53593
  751.6000	             -757
  751.8000	             -966
  752.0000	             -879
  752.2000	             -932
  752.4000	            -1035
  752.6000	            -1047
  752.8000	            -1076
  753.0000	             -946
  753.2000	            -1076
  753.4000	            -1053
  753.6000	             -965
  753.8000	            -1084
  754.0000	            -1001
  754.2000	            -1033
  754.4000	             -983
  754.6000	            -1001
  754.8000	             -887
  755.0000	            -1028
  755.2000	             -885
  755.4000	             -945
  755.6000	             -942
  755.8000	             -982
  756.0000	             -974
  756.2000	             -800
  756.4000	             -935
  756.6000	             -917
  756.8000	             -899
  757.0000	             -846
  757.2000	             -915
  757.4000	             -923
  757.6000	             -723
  757.8000	             -881
  758.0000	             -758
  758.2000	             -790
  758.4000	             -839
  758.6000	             -698
  758.8000	             -872
  759.0000	            -1042
  759.2000	             -817
  759.4000	             -879
  759.6000	             -922
  759.8000	             -831
  760.0000	             -813
  760.2000	             -753
  760.4000	             -976
  760.6000	             -896
  760.8000	             -772
  761.0000	             -727
  761.2000	             -716
  761.4000	             -974
  761.6000	             -899
  761.8000	             -929
  762.0000	             -896
  762.2000	             -902
  762.4000	             -704
  762.6000	             -915
  762.8000	             -980
  763.0000	             -950
  763.2000	             -757
  763.4000	            74195
  763.6000	             -574
  763.8000	             -856
  764.0000	             -967
  764.2000	             -964
  764.4000	             -979
  764.6000	             -992
  764.8000	             -944
  765.0000	            -1032
  765.2000	            -1093
  765.4000	             -970
  765.6000	            -1060
  765.8000	             -994
  766.0000	             -940
  766.2000	            -1008
  766.4000	             -979
  766.6000	            -1017
  766.8000	             -939
  767.0000	             -974
  767.2000	             -903
  767.4000	            -1041
  767.6000	             -836
  767.8000	             -919
  768.0000	             -894
  768.2000	             -953
  768.4000	             -905
  768.6000	             -772
  768.8000	             -863
  769.0000	             -873
  769.2000	             -835
  769.4000	             -913
  769.6000	             -526
  769.8000	             -825
  770.0000	             -820
  770.2000	             -634
  770.4000	             -620
  770.6000	             -899
  770.8000	             -641
  771.0000	             -769
  771.2000	             -618
  771.4000	             -742
  771.6000	             -997
  771.8000	             -754
  772.0000	             -736
  772.2000	             3028
  772.4000	             9196
  772.6000	             -608
  772.8000	             -719
  773.0000	             -836
  773.2000	             -893
  773.4000	             -753
  773.6000	             -700
  773.8000	             -562
  774.0000	             -940
  774.2000	             -906
  774.4000	             -966
  774.6000	             -898
  774.8000	             -826
  775.0000	             -753
  775.2000	             -640
  775.4000	            -1076
  775.6000	            -1093
  775.8000	            -1060
  776.0000	            -1072
  776.2000	             -988
  776.4000	            -1070
  776.6000	            -1042
  776.8000	            -1036
  777.0000	            -1016
  777.2000	             -993
  777.4000	             -972
  777.6000	            -1099
  777.8000	            -1090
  778.0000	            -1092
  778.2000	            -1139
  778.4000	            -1117
  778.6000	            -1090
  778.8000	            -1108
  779.0000	            -1093
  779.2000	            -1099
  779.4000	            -1115
  779.6000	            -1097
  779.8000	            -1092
  780.0000	            -1086
  780.2000	            -1122
  780.4000	            -1091
  780.6000	            -1131
  780.8000	            -1089
  781.0000	            -1104
  781.2000	            -1117
  781.4000	            -1087
  781.6000	            -1110
  781.8000	            -1104
  782.0000	            -1110
  782.2000	            -1090
  782.4000	            -1079
  782.6000	            -1109
  782.8000	            -1089
  783.0000	            -1139
  783.2000	            -1073
  783.4000	            -1072
  783.6000	            -1104
  783.8000	            -1096
  784.0000	            -1091
  784.2000	            -1095
  784.4000	            -1097
  784.6000	            -1106
  784.8000	            -1115
  785.0000	            -1079
  785.2000	            -1067
  785.4000	            -1104
  785.6000	            -1063
  785.8000	            -1089
  786.0000	            -1108
  786.2000	            -1101
  786.4000	            -1073
  786.6000	            -1092
  786.8000	            -1056
  787.0000	            -1103
  787.2000	            -1099
  787.4000	            -1086
  787.6000	            -1108
  787.8000	            -1118
  788.0000	            -1090
  788.2000	            -1141
  788.4000	            -1131
  788.6000	            -1115
  788.8000	            -1129
  789.0000	             -983
  789.2000	            -1092
  789.4000	            -1122
  789.6000	            -1104
  789.8000	            -1118
  790.0000	            -1079
  790.2000	            -1104
  790.4000	            -1156
  790.6000	            -1116
  790.8000	            -1104
  791.0000	            -1106
  791.2000	            -1142
  791.4000	            -1105
  791.6000	            -1112
  791.8000	            -1101
  792.0000	            -1093
  792.2000	            -1108
  792.4000	            -1098
  792.6000	            -1125
  792.8000	            -1112
  793.0000	            -1117
  793.2000	            -1106
  793.4000	            -1099
  793.6000	            -1097
  793.8000	            -1086
  794.0000	            -1086
  794.2000	            -1106
  794.4000	            -1094
  794.6000	             -382
  794.8000	             8456
  795.0000	            -1065
  795.2000	            -1098
  795.4000	            -1080
  795.6000	            -1090
  795.8000	            -1102
  796.0000	            -1118
  796.2000	            -1139
  796.4000	            -1142
  796.6000	            -1086
  796.8000	            -1112
  797.0000	            -1101
  797.2000	            -1090
  797.4000	            -1117
  797.6000	            -1112
  797.8000	            -1115
  798.0000	            -1127
  798.2000	            -1124
  798.4000	            -1104
  798.6000	            -1045
  798.8000	            -1077
  799.0000	            -1098
  799.2000	            -1106
  799.4000	            -1106
  799.6000	            -1097
  799.8000	            -1086
  800.0000	            -1107
  800.2000	            -1087
  800.4000	             -477
  800.6000	              926
  800.8000	            -1107
  801.0000	            -1067
  801.2000	             -970
  801.4000	            12511
  801.6000	            -1015
  801.8000	            -1065
  802.0000	            -1096
  802.2000	            -1118
  802.4000	            -1099
  802.6000	            -1083
  802.8000	            -1077
  803.0000	            -1106
  803.2000	            -1101
  803.4000	            -1089
  803.6000	            -1056
  803.8000	            -1106
  804.0000	            -1116
  804.2000	            -1090
  804.4000	            -1074
  804.6000	            -1100
  804.8000	            -1106
  805.0000	            -1101
