  600.0000	             -667
  600.2000	             -829
  600.4000	             -566
  600.6000	             -864
  600.8000	             -883
  601.0000	             -842
  601.2000	             -466
  601.4000	            -1040
  601.6000	             -910
  601.8000	             -919
  602.0000	             -982
  602.2000	             -894
  602.4000	             -656
  602.6000	             -896
  602.8000	             -958
  603.0000	             -233
  603.2000	             -229
  603.4000	             -919
  603.6000	             -887
  603.8000	             -849
  604.0000	             -836
  604.2000	              301
  604.4000	             -663
  604.6000	             -852
  604.8000	             -887
  605.0000	             -919
  605.2000	             -694
  605.4000	             -920
  605.6000	             -761
  605.8000	             -458
  606.0000	             -788
  606.2000	             -915
  606.4000	             -930
  606.6000	             -852
  606.8000	             -609
  607.0000	            -1038
  607.2000	             -969
  607.4000	            -1010
  607.6000	            -1007
  607.8000	             -954
  608.0000	             -966
  608.2000	            -1008
  608.4000	             -989
  608.6000	             -962
  608.8000	            -1021
  609.0000	             -879
  609.2000	             -996
  609.4000	             -975
  609.6000	             -994
  609.8000	             -544
  610.0000	             -870
  610.2000	             -842
  610.4000	             -570
  610.6000	            -1007
  610.8000	             -975
  611.0000	             -970
  611.2000	             -992
  611.4000	              669
  611.6000	             -983
  611.8000	             -851
  612.0000	            -1019
  612.2000	             -978
  612.4000	             -951
  612.6000	             -782
  612.8000	            -1042
  613.0000	            -1047
  613.2000	            -1033
  613.4000	            -1071
  613.6000	            -1031
  613.8000	             -962
  614.0000	            -1055
  614.2000	            -1023
  614.4000	             -640
  614.6000	            -1004
  614.8000	            -1014
  615.0000	            -1004
  615.2000	            -1026
  615.4000	             -748
  615.6000	            -1015
  615.8000	             -970
  616.0000	            -1004
  616.2000	            -1003
  616.4000	             -950
  616.6000	            -1044
  616.8000	             -974
  617.0000	             -851
  617.2000	             -141
  617.4000	             -981
  617.6000	             -988
  617.8000	            -1004
  618.0000	            -1055
  618.2000	            -1042
  618.4000	             -986
  618.6000	            -1007
  618.8000	            -1076
  619.0000	            -1091
  619.2000	            -1070
  619.4000	            -1080
  619.6000	            -1065
  619.8000	            -1035
  620.0000	            -1050
  620.2000	            -1052
  620.4000	            -1050
  620.6000	            -1065
  620.8000	            -1050
  621.0000	             -999
  621.2000	             -787
  621.4000	             -970
  621.6000	             -928
  621.8000	             -969
  622.0000	             -966
  622.2000	            -1004
  622.4000	             -970
  622.6000	            -1011
  622.8000	            -1036
  623.0000	            -1017
  623.2000	             -973
  623.4000	             -957
  623.6000	             -969
  623.8000	             -983
  624.0000	             -979
  624.2000	             -701
  624.4000	            -1042
  624.6000	            -1007
  624.8000	             -957
  625.0000	             -979
  625.2000	             -907
  625.4000	            -1041
  625.6000	            -1063
  625.8000	            -1033
  626.0000	            -1009
  626.2000	            -1088
  626.4000	             -972
  626.6000	             -968
  626.8000	            -1043
  627.0000	            -1016
  627.2000	            -1015
  627.4000	             -989
  627.6000	             -919
  627.8000	             -997
  628.0000	             -957
  628.2000	             -946
  628.4000	             -946
  628.6000	             -904
  628.8000	             -902
  629.0000	             -915
  629.2000	             -949
  629.4000	             -870
  629.6000	             -509
  629.8000	             -866
  630.0000	             -950
  630.2000	             -942
  630.4000	             -934
  630.6000	             -787
  630.8000	             -870
  631.0000	             -934
  631.2000	             -817
  631.4000	             -966
  631.6000	             -999
  631.8000	             -925
  632.0000	             -945
  632.2000	             -839
  632.4000	            -1023
  632.6000	             -999
  632.8000	             -966
  633.0000	            -1029
  633.2000	             -975
  633.4000	             -946
  633.6000	             -976
  633.8000	            -1015
  634.0000	             -966
  634.2000	             -889
  634.4000	             -896
  634.6000	             -929
  634.8000	             -972
  635.0000	             -902
  635.2000	             -839
  635.4000	             -879
  635.6000	             -867
  635.8000	             -770
  636.0000	             -781
  636.2000	             -803
  636.4000	             -748
  636.6000	             -683
  636.8000	             -793
  637.0000	             -853
  637.2000	             -855
  637.4000	             -819
  637.6000	             -763
  637.8000	             -793
  638.0000	             -844
  638.2000	             -711
  638.4000	             -223
  638.6000	             -903
  638.8000	             -859
  639.0000	             -820
  639.2000	             -784
  639.4000	             -823
  639.6000	            -1027
  639.8000	             -916
  640.0000	             -941
  640.2000	             -968
  640.4000	             -919
  640.6000	             -906
  640.8000	             -903
  641.0000	             -985
  641.2000	             -913
  641.4000	             -833
  641.6000	               79
  641.8000	             -997
  642.0000	             -903
  642.2000	             -821
  642.4000	             -876
  642.6000	             -888
  642.8000	             -760
  643.0000	             -702
  643.2000	             -793
  643.4000	             -753
  643.6000	             -810
  643.8000	             -683
  644.0000	             -687
  644.2000	             -735
  644.4000	             -795
  644.6000	             -776
  644.8000	             -774
  645.0000	             -715
  645.2000	             -722
  645.4000	             -909
  645.6000	             -636
  645.8000	             -651
  646.0000	             -793
  646.2000	             -863
  646.4000	             -753
  646.6000	             -497
  646.8000	             -757
  647.0000	             -960
  647.2000	             -889
  647.4000	             -908
  647.6000	             -988
  647.8000	             -868
  648.0000	             -850
  648.2000	             -428
  648.4000	             -940
  648.6000	             -912
  648.8000	             -875
  649.0000	             -950
  649.2000	             -903
  649.4000	             -679
  649.6000	             -900
  649.8000	             -761
  650.0000	             -711
  650.2000	             -613
  650.4000	             -786
  650.6000	             -595
  650.8000	             -617
  651.0000	             -607
  651.2000	             -636
  651.4000	             -568
  651.6000	             -742
  651.8000	             -806
  652.0000	             -761
  652.2000	             -820
  652.4000	             -725
  652.6000	             -715
  652.8000	             -524
  653.0000	             -826
  653.2000	             -542
  653.4000	             -422
  653.6000	             -761
  653.8000	             -795
  654.0000	             -621
  654.2000	             -585
  654.4000	             -513
  654.6000	             -976
  654.8000	             -815
  655.0000	             -997
  655.2000	             -872
  655.4000	             -812
  655.6000	             -915
  655.8000	             -839
  656.0000	             -403
  656.2000	                0
  656.4000	             -628
  656.6000	             -776
  656.8000	             -887
  657.0000	             -858
  657.2000	             -799
  657.4000	             -683
  657.6000	             -693
  657.8000	             -825
  658.0000	             -503
  658.2000	             -633
  658.4000	             -539
  658.6000	             -456
  658.8000	             -620
  659.0000	             -529
  659.2000	             -401
  659.4000	             -696
  659.6000	             -742
  659.8000	             -697
  660.0000	             -703
  660.2000	             -649
  660.4000	             -426
  660.6000	             -415
  660.8000	             -788
  661.0000	             -477
  661.2000	             -214
  661.4000	             -816
  661.6000	             -844
  661.8000	             -705
  662.0000	             -634
  662.2000	             -236
  662.4000	             -998
  662.6000	             -919
  662.8000	             -939
  663.0000	             -835
  663.2000	             -919
  663.4000	             -802
  663.6000	             -928
  663.8000	             -634
  664.0000	             -829
  664.2000	             -824
  664.4000	             -907
  664.6000	             -893
  664.8000	             -896
  665.0000	             -887
  665.2000	             -881
  665.4000	             -764
  665.6000	             -704
  665.8000	             -863
  666.0000	             -450
  666.2000	             -660
  666.4000	             -604
  666.6000	             -475
  666.8000	             -663
  667.0000	             -597
  667.2000	             -566
  667.4000	             -626
  667.6000	             1967
  667.8000	             -751
  668.0000	             -634
  668.2000	             -712
  668.4000	             -466
  668.6000	             -698
  668.8000	             -748
  669.0000	             -793
  669.2000	             -600
  669.4000	             -571
  669.6000	             -794
  669.8000	             -753
  670.0000	             -734
  670.2000	             -638
  670.4000	             -681
  670.6000	            -1075
  670.8000	             -877
  671.0000	             -974
  671.2000	             -901
  671.4000	            -1013
  671.6000	             -884
  671.8000	             -912
  672.0000	             -915
  672.2000	             -874
  672.4000	            -1012
  672.6000	             -971
  672.8000	             -959
  673.0000	             -958
  673.2000	             -952
  673.4000	             -857
  673.6000	             -906
  673.8000	             -940
  674.0000	             -897
  674.2000	             -783
  674.4000	             -930
  674.6000	             -850
  674.8000	             -890
  675.0000	             -750
  675.2000	             1397
  675.4000	             -785
  675.6000	             -559
  675.8000	             -802
  676.0000	             -916
  676.2000	             -869
  676.4000	             -841
  676.6000	             -562
  676.8000	             -768
  677.0000	             -771
  677.2000	             -863
  677.4000	             -847
  677.6000	             -729
  677.8000	             -664
  678.0000	             -904
  678.2000	             -967
  678.4000	             -849
  678.6000	             -750
  678.8000	             -786
  679.0000	            -1076
  679.2000	            -1032
  679.4000	            -1070
  679.6000	            -1005
  679.8000	            -1033
  680.0000	             -965
  680.2000	            -1020
  680.4000	             -989
  680.6000	            -1030
  680.8000	            -1015
  681.0000	            -1061
  681.2000	            -1034
  681.4000	            -1033
  681.6000	            -1063
  681.8000	             -979
  682.0000	            -1039
  682.2000	            -1044
  682.4000	             -992
  682.6000	             -971
  682.8000	             -935
  683.0000	             -957
  683.2000	             -943
  683.4000	             -970
  683.6000	             -975
  683.8000	             -990
  684.0000	             -976
  684.2000	             -937
  684.4000	             -944
  684.6000	            -1022
  684.8000	            -1026
  685.0000	            -1005
  685.2000	            -1015
  685.4000	             -985
  685.6000	             -966
  685.8000	             -915
  686.0000	             -890
  686.2000	             -938
  686.4000	             -842
  686.6000	            -1064
  686.8000	            -1033
  687.0000	              257
  687.2000	             -933
  687.4000	             -790
  687.6000	            -1071
  687.8000	            -1081
  688.0000	            -1107
  688.2000	            -1058
  688.4000	            -1090
  688.6000	             -979
  688.8000	             -966
  689.0000	            -1053
  689.2000	            -1076
  689.4000	            -1072
  689.6000	            -1074
  689.8000	            -1104
  690.0000	            -1129
  690.2000	            -1097
  690.4000	            -1113
  690.6000	            -1113
  690.8000	            -1101
  691.0000	            -1099
  691.2000	            -1113
  691.4000	            -1155
  691.6000	            -1114
  691.8000	            -1110
  692.0000	            -1113
  692.2000	            -1095
  692.4000	            -1091
  692.6000	            -1064
  692.8000	            -1107
  693.0000	            -1094
  693.2000	            -1104
  693.4000	            -1070
  693.6000	             -793
  693.8000	            -1087
  694.0000	            -1113
  694.2000	            -1083
  694.4000	            -1089
  694.6000	            -1142
  694.8000	            -1094
  695.0000	            -1033
  695.2000	            -1090
  695.4000	            -1093
  695.6000	            -1101
  695.8000	            -1090
  696.0000	            -1043
  696.2000	            -1042
  696.4000	            24589
  696.6000	             -801
  696.8000	            -1062
  697.0000	            -1053
  697.2000	            -1077
  697.4000	            -1086
  697.6000	            -1111
  697.8000	            -1077
  698.0000	            -1094
  698.2000	            -1079
  698.4000	            -1099
  698.6000	            -1089
  698.8000	            -1089
  699.0000	            -1104
  699.2000	            -1057
  699.4000	            -1072
  699.6000	            -1077
  699.8000	            -1077
  700.0000	            -1090
  700.2000	            -1104
  700.4000	            -1060
  700.6000	            -1103
  700.8000	            -1068
  701.0000	            -1089
  701.2000	            -1071
  701.4000	            -1047
  701.6000	            -1064
  701.8000	            -1110
  702.0000	            -1098
  702.2000	            -1057
  702.4000	            -1064
  702.6000	            -1071
  702.8000	             -983
  703.0000	             -462
  703.2000	            -1051
  703.4000	            -1090
  703.6000	            -1097
  703.8000	            -1045
  704.0000	            -1077
  704.2000	            -1104
  704.4000	            -1076
  704.6000	            -1048
  704.8000	            -1076
  705.0000	            -1124
  705.2000	            -1073
  705.4000	            -1070
  705.6000	            -1068
  705.8000	            -1077
  706.0000	            -1094
  706.2000	            -1102
  706.4000	            -1034
  706.6000	            21828
  706.8000	              291
  707.0000	            -1075
  707.2000	            -1048
  707.4000	            -1113
  707.6000	            -1075
  707.8000	            -1113
  708.0000	            -1085
  708.2000	            -1048
  708.4000	            -1101
  708.6000	            -1015
  708.8000	            -1070
  709.0000	            -1067
  709.2000	            -1089
  709.4000	            -1080
  709.6000	            -1093
  709.8000	            -1062
  710.0000	            -1067
  710.2000	            -1090
  710.4000	            -1093
  710.6000	             -915
  710.8000	            -1076
  711.0000	            -1072
  711.2000	            -1092
  711.4000	            -1111
  711.6000	            -1065
  711.8000	            -1074
  712.0000	            -1065
  712.2000	            -1027
  712.4000	             -959
  712.6000	            -1017
  712.8000	            -1042
  713.0000	            -1077
  713.2000	            -1059
  713.4000	            -1054
  713.6000	            -1097
  713.8000	            -1102
  714.0000	            -1064
  714.2000	            -1079
  714.4000	            -1017
  714.6000	             1312
  714.8000	            -1044
  715.0000	            -1038
  715.2000	            -1062
  715.4000	            -1068
  715.6000	            -1077
  715.8000	             -939
  716.0000	            -1059
  716.2000	             -999
  716.4000	            -1071
  716.6000	            -1058
  716.8000	            -1054
  717.0000	            -1085
  717.2000	            -1077
  717.4000	            -1092
  717.6000	            -1060
  717.8000	            -1067
  718.0000	            -1122
  718.2000	            -1039
  718.4000	            -1086
  718.6000	            -1091
  718.8000	            -1095
  719.0000	            -1109
  719.2000	            -1056
  719.4000	            -1095
  719.6000	            -1102
  719.8000	            -1062
  720.0000	            -1054
  720.2000	             -993
  720.4000	            -1059
  720.6000	             -206
  720.8000	            -1047
  721.0000	            -1047
  721.2000	            -1015
  721.4000	            -1082
  721.6000	             -990
  721.8000	            -1050
  722.0000	            -1019
  722.2000	            -1073
  722.4000	             -955
  722.6000	            -1017
  722.8000	             -965
  723.0000	            -1025
  723.2000	            -1023
  723.4000	             -965
  723.6000	             -966
  723.8000	            -1012
  724.0000	            -1011
  724.2000	            -1004
  724.4000	            -1033
  724.6000	             -998
  724.8000	             -918
  725.0000	             -975
  725.2000	             -983
  725.4000	            -1036
  725.6000	            -1042
  725.8000	            -1006
  726.0000	             -946
  726.2000	            -1056
  726.4000	             -882
  726.6000	            -1006
  726.8000	             -974
  727.0000	             -952
  727.2000	             5813
  727.4000	            -1072
  727.6000	            -1073
  727.8000	            -1081
  728.0000	            -1051
  728.2000	            -1040
  728.4000	            -1034
  728.6000	            -1084
  728.8000	             -981
  729.0000	            -1084
  729.2000	            -1056
  729.4000	            -1050
  729.6000	            -1058
  729.8000	            -1040
  730.0000	            -1089
  730.2000	            -1028
  730.4000	            -1108
  730.6000	            -1025
  730.8000	            -1061
  731.0000	             -930
  731.2000	             -970
  731.4000	             -937
  731.6000	             -897
  731.8000	             -982
  732.0000	             -926
  732.2000	            -1042
  732.4000	             -949
  732.6000	            -1073
  732.8000	             -925
  733.0000	             -975
  733.2000	             -915
  733.4000	            -1031
  733.6000	             -875
  733.8000	            -1003
  734.0000	             -828
  734.2000	             -978
  734.4000	             -832
  734.6000	             -862
  734.8000	             -883
  735.0000	             -825
  735.2000	             -654
  735.4000	             -919
  735.6000	             -948
  735.8000	             -946
  736.0000	             -860
  736.2000	             -943
  736.4000	             -874
  736.6000	             -910
  736.8000	             -953
  737.0000	             -819
  737.2000	              195
  737.4000	             -972
  737.6000	             -984
  737.8000	             -976
  738.0000	             -923
  738.2000	             1250
  738.4000	            13098
  738.6000	             -771
  738.8000	            -1037
  739.0000	            -1019
  739.2000	             -828
  739.4000	            -1036
  739.6000	             -981
  739.8000	            -1106
  740.0000	            -1076
  740.2000	             -928
  740.4000	            -1034
  740.6000	            -1037
  740.8000	            -1047
  741.0000	            -1061
  741.2000	             -846
  741.4000	            -1112
  741.6000	             -948
  741.8000	            -1054
  742.0000	             -924
  742.2000	             -979
  742.4000	             -940
  742.6000	             -970
  742.8000	             -922
  743.0000	            -1074
  743.2000	             -930
  743.4000	             -824
  743.6000	             -835
  743.8000	             -911
  744.0000	             -949
  744.2000	             -816
  744.4000	             -830
  744.6000	             -915
  744.8000	             -880
  745.0000	             -828
  745.2000	             -844
  745.4000	             -887
  745.6000	             -686
  745.8000	             -834
  746.0000	             -802
  746.2000	             -768
  746.4000	             -756
  746.6000	             -706
  746.8000	             -734
  747.0000	             -874
  747.2000	             -786
  747.4000	             -830
  747.6000	             -802
  747.8000	             -827
  748.0000	             -730
  748.2000	             -751
  748.4000	             -823
  748.6000	             -788
  748.8000	             -760
  749.0000	             -716
  749.2000	             -975
  749.4000	             -910
  749.6000	             -914
  749.8000	             -794
  750.0000	             -487
  750.2000	            49301
  750.4000	            15858
  750.6000	             -553
  750.8000	             -823
  751.0000	             -811
  751.2000	             -338
  751.4000	            55932
  751.6000	             -713
  751.8000	             -997
  752.0000	             -849
  752.2000	             -934
  752.4000	            -1012
  752.6000	             -982
  752.8000	            -1032
  753.0000	             -955
  753.2000	            -1064
  753.4000	            -1040
  753.6000	             -947
  753.8000	             -988
  754.0000	             -964
  754.2000	            -1022
  754.4000	             -941
  754.6000	             -992
  754.8000	             -903
  755.0000	            -1044
  755.2000	             -863
  755.4000	             -915
  755.6000	             -922
  755.8000	             -979
  756.0000	             -965
  756.2000	             -762
  756.4000	             -904
  756.6000	             -889
  756.8000	             -874
  757.0000	             -824
  757.2000	             -833
  757.4000	             -938
  757.6000	             -699
  757.8000	             -881
  758.0000	             -749
  758.2000	             -787
  758.4000	             -807
  758.6000	             -696
  758.8000	             -826
  759.0000	             -997
  759.2000	             -809
  759.4000	             -857
  759.6000	             -890
  759.8000	             -771
  760.0000	             -860
  760.2000	             -746
  760.4000	             -981
  760.6000	             -942
  760.8000	             -779
  761.0000	             -737
  761.2000	             -686
  761.4000	             -983
  761.6000	             -903
  761.8000	             -893
  762.0000	             -881
  762.2000	             -925
  762.4000	             -698
  762.6000	             -931
  762.8000	             -984
  763.0000	             -936
  763.2000	             -735
  763.4000	            78007
  763.6000	             -500
  763.8000	             -860
  764.0000	             -990
  764.2000	             -943
  764.4000	            -1041
  764.6000	             -962
  764.8000	             -968
  765.0000	            -1033
  765.2000	            -1061
  765.4000	             -943
  765.6000	            -1111
  765.8000	             -982
  766.0000	            -1006
  766.2000	            -1021
  766.4000	             -976
  766.6000	            -1042
  766.8000	             -909
  767.0000	             -981
  767.2000	             -871
  767.4000	            -1064
  767.6000	             -826
  767.8000	             -957
  768.0000	             -919
  768.2000	             -983
  768.4000	             -913
  768.6000	             -763
  768.8000	             -828
  769.0000	             -817
  769.2000	             -794
  769.4000	             -915
  769.6000	             -510
  769.8000	             -897
  770.0000	             -902
  770.2000	             -576
  770.4000	             -620
  770.6000	             -841
  770.8000	             -631
  771.0000	             -780
  771.2000	             -657
  771.4000	             -767
  771.6000	             -970
  771.8000	             -793
  772.0000	             -743
  772.2000	             3321
  772.4000	             9707
  772.6000	             -637
  772.8000	             -712
  773.0000	             -793
  773.2000	             -837
  773.4000	             -753
  773.6000	             -744
  773.8000	             -506
  774.0000	             -958
  774.2000	             -969
  774.4000	             -980
  774.6000	             -919
  774.8000	             -879
  775.0000	             -790
  775.2000	             -637
  775.4000	            -1089
  775.6000	            -1077
  775.8000	            -1091
  776.0000	            -1051
  776.2000	            -1039
  776.4000	            -1022
  776.6000	            -1034
  776.8000	            -1074
  777.0000	            -1062
  777.2000	            -1034
  777.4000	             -950
  777.6000	            -1117
  777.8000	            -1122
  778.0000	            -1117
  778.2000	            -1114
  778.4000	            -1129
  778.6000	            -1117
  778.8000	            -1160
  779.0000	            -1123
  779.2000	            -1106
  779.4000	            -1114
  779.6000	            -1143
  779.8000	            -1067
  780.0000	            -1140
  780.2000	            -1113
  780.4000	            -1104
  780.6000	            -1129
  780.8000	            -1110
  781.0000	            -1131
  781.2000	            -1117
  781.4000	            -1089
  781.6000	            -1088
  781.8000	            -1142
  782.0000	            -1142
  782.2000	            -1097
  782.4000	            -1112
  782.6000	            -1106
  782.8000	            -1159
  783.0000	            -1100
  783.2000	            -1105
  783.4000	            -1104
  783.6000	            -1114
  783.8000	            -1118
  784.0000	            -1115
  784.2000	            -1105
  784.4000	            -1122
  784.6000	            -1123
  784.8000	            -1095
  785.0000	            -1110
  785.2000	            -1118
  785.4000	            -1113
  785.6000	            -1156
  785.8000	            -1102
  786.0000	            -1115
  786.2000	            -1118
  786.4000	            -1094
  786.6000	            -1113
  786.8000	            -1089
  787.0000	            -1113
  787.2000	            -1132
  787.4000	            -1117
  787.6000	            -1159
  787.8000	            -1113
  788.0000	            -1115
  788.2000	            -1143
  788.4000	            -1106
  788.6000	            -1118
  788.8000	            -1115
  789.0000	            -1007
  789.2000	            -1127
  789.4000	            -1142
  789.6000	            -1118
  789.8000	            -1114
  790.0000	            -1117
  790.2000	            -1156
  790.4000	            -1168
  790.6000	            -1118
  790.8000	            -1111
  791.0000	            -1088
  791.2000	            -1111
  791.4000	            -1102
  791.6000	            -1115
  791.8000	            -1142
  792.0000	            -1115
  792.2000	            -1106
  792.4000	            -1112
  792.6000	            -1160
  792.8000	            -1132
  793.0000	            -1111
  793.2000	            -1137
  793.4000	            -1127
  793.6000	            -1162
  793.8000	            -1115
  794.0000	            -1128
  794.2000	            -1131
  794.4000	            -1116
  794.6000	             -375
  794.8000	             9427
  795.0000	            -1060
  795.2000	            -1109
  795.4000	            -1108
  795.6000	            -1128
  795.8000	            -1119
  796.0000	            -1117
  796.2000	            -1143
  796.4000	            -1134
  796.6000	            -1142
  796.8000	            -1105
  797.0000	            -1156
  797.2000	            -1114
  797.4000	            -1143
  797.6000	            -1127
  797.8000	            -1138
  798.0000	            -1093
  798.2000	            -1115
  798.4000	            -1119
  798.6000	            -1118
  798.8000	            -1107
  799.0000	            -1118
  799.2000	            -1101
  799.4000	            -1093
  799.6000	            -1125
  799.8000	            -1117
  800.0000	            -1128
  800.2000	            -1093
  800.4000	             -518
  800.6000	              979
  800.8000	            -1092
  801.0000	            -1087
  801.2000	            -1029
  801.4000	            13152
  801.6000	            -1042
  801.8000	            -1080
  802.0000	            -1106
  802.2000	            -1128
  802.4000	            -1067
  802.6000	            -1112
  802.8000	            -1097
  803.0000	            -1143
  803.2000	            -1117
  803.4000	            -1105
  803.6000	            -1110
  803.8000	            -1106
  804.0000	            -1141
  804.2000	            -1078
  804.4000	            -1099
  804.6000	            -1122
  804.8000	            -1115
  805.0000	            -1119
