  600.0000	             -507
  600.2000	             -752
  600.4000	             -487
  600.6000	             -611
  600.8000	             -683
  601.0000	             -724
  601.2000	             -278
  601.4000	             -900
  601.6000	             -807
  601.8000	             -835
  602.0000	             -847
  602.2000	             -759
  602.4000	             -613
  602.6000	             -704
  602.8000	             -799
  603.0000	             -709
  603.2000	             1079
  603.4000	             -784
  603.6000	             -679
  603.8000	             -728
  604.0000	             -694
  604.2000	               59
  604.4000	             -471
  604.6000	             -710
  604.8000	             -776
  605.0000	             -725
  605.2000	             -584
  605.4000	             -736
  605.6000	             -614
  605.8000	             -502
  606.0000	             -616
  606.2000	             -637
  606.4000	             -795
  606.6000	             -746
  606.8000	             -370
  607.0000	             -916
  607.2000	             -917
  607.4000	             -936
  607.6000	             -875
  607.8000	             -838
  608.0000	             -841
  608.2000	             -843
  608.4000	             -869
  608.6000	             -957
  608.8000	             -949
  609.0000	             -806
  609.2000	             -917
  609.4000	             -911
  609.6000	             -899
  609.8000	             -583
  610.0000	             -863
  610.2000	             -801
  610.4000	             -744
  610.6000	             -857
  610.8000	             -869
  611.0000	             -951
  611.2000	             -944
  611.4000	              527
  611.6000	             -940
  611.8000	             -790
  612.0000	             -905
  612.2000	             -938
  612.4000	             -970
  612.6000	             -637
  612.8000	            -1005
  613.0000	             -995
  613.2000	            -1037
  613.4000	            -1031
  613.6000	            -1017
  613.8000	             -944
  614.0000	            -1026
  614.2000	             -980
  614.4000	             -824
  614.6000	             -919
  614.8000	             -947
  615.0000	             -974
  615.2000	             -978
  615.4000	             -834
  615.6000	             -938
  615.8000	             -904
  616.0000	             -922
  616.2000	             -983
  616.4000	             -951
  616.6000	             -987
  616.8000	             -964
  617.0000	             -766
  617.2000	              443
  617.4000	             -908
  617.6000	             -991
  617.8000	             -950
  618.0000	             -997
  618.2000	            -1005
  618.4000	             -959
  618.6000	             -924
  618.8000	            -1052
  619.0000	            -1046
  619.2000	            -1021
  619.4000	            -1001
  619.6000	             -994
  619.8000	            -1020
  620.0000	             -987
  620.2000	            -1020
  620.4000	            -1057
  620.6000	            -1037
  620.8000	             -977
  621.0000	             -928
  621.2000	             -788
  621.4000	             -981
  621.6000	             -679
  621.8000	             -892
  622.0000	             -916
  622.2000	             -953
  622.4000	             -936
  622.6000	             -919
  622.8000	             -944
  623.0000	             -982
  623.2000	             -932
  623.4000	             -849
  623.6000	             -885
  623.8000	             -971
  624.0000	             -927
  624.2000	             -709
  624.4000	             -932
  624.6000	             -955
  624.8000	             -934
  625.0000	             -928
  625.2000	             -888
  625.4000	            -1046
  625.6000	             -959
  625.8000	             -966
  626.0000	            -1003
  626.2000	             -974
  626.4000	             -924
  626.6000	             -923
  626.8000	            -1039
  627.0000	            -1003
  627.2000	             -909
  627.4000	             -844
  627.6000	             -888
  627.8000	             -955
  628.0000	             -843
  628.2000	             -830
  628.4000	             -797
  628.6000	             -824
  628.8000	             -856
  629.0000	             -819
  629.2000	             -835
  629.4000	             -761
  629.6000	             -510
  629.8000	             -829
  630.0000	             -833
  630.2000	             -849
  630.4000	             -835
  630.6000	             -777
  630.8000	             -669
  631.0000	             -862
  631.2000	             -668
  631.4000	             -925
  631.6000	             -896
  631.8000	             -865
  632.0000	             -861
  632.2000	             -669
  632.4000	             -980
  632.6000	             -866
  632.8000	             -957
  633.0000	             -936
  633.2000	             -841
  633.4000	             -880
  633.6000	             -875
  633.8000	             -947
  634.0000	             -872
  634.2000	             -774
  634.4000	             -881
  634.6000	             -966
  634.8000	             -865
  635.0000	             -759
  635.2000	             -824
  635.4000	             -823
  635.6000	             -792
  635.8000	             -661
  636.0000	             -667
  636.2000	             -673
  636.4000	             -612
  636.6000	             -620
  636.8000	             -806
  637.0000	             -754
  637.2000	             -806
  637.4000	             -725
  637.6000	             -645
  637.8000	             -550
  638.0000	             -776
  638.2000	             -659
  638.4000	             -202
  638.6000	             -843
  638.8000	             -818
  639.0000	             -731
  639.2000	             -755
  639.4000	             -512
  639.6000	            -1001
  639.8000	             -860
  640.0000	             -912
  640.2000	             -901
  640.4000	             -779
  640.6000	             -834
  640.8000	             -807
  641.0000	             -864
  641.2000	             -871
  641.4000	             -785
  641.6000	              154
  641.8000	             -875
  642.0000	             -699
  642.2000	             -762
  642.4000	             -774
  642.6000	             -769
  642.8000	             -582
  643.0000	             -671
  643.2000	             -636
  643.4000	             -579
  643.6000	             -702
  643.8000	             -556
  644.0000	             -484
  644.2000	             -598
  644.4000	             -769
  644.6000	             -615
  644.8000	             -636
  645.0000	             -588
  645.2000	             -527
  645.4000	             -813
  645.6000	             -529
  645.8000	             -372
  646.0000	             -765
  646.2000	             -829
  646.4000	             -603
  646.6000	             -501
  646.8000	             -496
  647.0000	            -1025
  647.2000	             -839
  647.4000	             -899
  647.6000	             -913
  647.8000	             -706
  648.0000	             -841
  648.2000	             -505
  648.4000	             -706
  648.6000	             -896
  648.8000	             -880
  649.0000	             -843
  649.2000	             -696
  649.4000	             -623
  649.6000	             -909
  649.8000	             -633
  650.0000	             -593
  650.2000	             -638
  650.4000	             -733
  650.6000	             -420
  650.8000	             -542
  651.0000	             -406
  651.2000	             -547
  651.4000	             -399
  651.6000	             -471
  651.8000	             -510
  652.0000	             -596
  652.2000	             -580
  652.4000	             -505
  652.6000	             -546
  652.8000	             -318
  653.0000	             -782
  653.2000	             -338
  653.4000	             -186
  653.6000	             -681
  653.8000	             -537
  654.0000	             -489
  654.2000	             -547
  654.4000	             -150
  654.6000	            -1018
  654.8000	             -737
  655.0000	             -921
  655.2000	             -729
  655.4000	             -772
  655.6000	             -741
  655.8000	             -702
  656.0000	             -593
  656.2000	             -379
  656.4000	             -547
  656.6000	             -659
  656.8000	             -866
  657.0000	             -824
  657.2000	             -436
  657.4000	             -691
  657.6000	             -581
  657.8000	             -558
  658.0000	             -239
  658.2000	             -531
  658.4000	             -249
  658.6000	             -283
  658.8000	             -397
  659.0000	             -289
  659.2000	             -220
  659.4000	             -324
  659.6000	             -386
  659.8000	             -486
  660.0000	             -430
  660.2000	             -357
  660.4000	             -221
  660.6000	             -184
  660.8000	             -665
  661.0000	             -300
  661.2000	               98
  661.4000	             -577
  661.6000	             -584
  661.8000	             -590
  662.0000	             -421
  662.2000	              129
  662.4000	             -897
  662.6000	             -885
  662.8000	             -833
  663.0000	             -801
  663.2000	             -798
  663.4000	             -638
  663.6000	             -843
  663.8000	             -487
  664.0000	             -620
  664.2000	             -865
  664.4000	             -676
  664.6000	             -735
  664.8000	             -784
  665.0000	             -806
  665.2000	             -570
  665.4000	             -679
  665.6000	             -657
  665.8000	             -636
  666.0000	             -284
  666.2000	             -585
  666.4000	             -310
  666.6000	             -206
  666.8000	             -436
  667.0000	             -458
  667.2000	             -358
  667.4000	             -306
  667.6000	              784
  667.8000	             -598
  668.0000	             -431
  668.2000	             -519
  668.4000	             -219
  668.6000	             -580
  668.8000	             -374
  669.0000	             -662
  669.2000	             -447
  669.4000	             -163
  669.6000	             -721
  669.8000	             -677
  670.0000	             -618
  670.2000	             -535
  670.4000	             -280
  670.6000	             -987
  670.8000	             -888
  671.0000	             -952
  671.2000	             -873
  671.4000	             -901
  671.6000	             -772
  671.8000	             -918
  672.0000	             -829
  672.2000	             -758
  672.4000	             -897
  672.6000	             -928
  672.8000	             -858
  673.0000	             -930
  673.2000	             -835
  673.4000	             -711
  673.6000	             -898
  673.8000	             -842
  674.0000	             -697
  674.2000	             -791
  674.4000	             -684
  674.6000	             -653
  674.8000	             -568
  675.0000	             -583
  675.2000	              410
  675.4000	             -576
  675.6000	             -373
  675.8000	             -643
  676.0000	             -784
  676.2000	             -756
  676.4000	             -638
  676.6000	             -583
  676.8000	             -605
  677.0000	             -705
  677.2000	             -615
  677.4000	             -757
  677.6000	             -576
  677.8000	             -321
  678.0000	             -840
  678.2000	             -845
  678.4000	             -699
  678.6000	             -619
  678.8000	             -379
  679.0000	            -1020
  679.2000	            -1017
  679.4000	            -1037
  679.6000	             -957
  679.8000	             -944
  680.0000	             -921
  680.2000	             -925
  680.4000	             -951
  680.6000	             -928
  680.8000	             -987
  681.0000	            -1026
  681.2000	             -974
  681.4000	            -1009
  681.6000	             -979
  681.8000	             -965
  682.0000	             -910
  682.2000	             -977
  682.4000	             -951
  682.6000	             -928
  682.8000	             -843
  683.0000	             -918
  683.2000	             -906
  683.4000	             -929
  683.6000	             -854
  683.8000	             -861
  684.0000	             -869
  684.2000	             -796
  684.4000	             -894
  684.6000	             -953
  684.8000	             -906
  685.0000	             -864
  685.2000	             -941
  685.4000	             -878
  685.6000	             -932
  685.8000	             -798
  686.0000	             -908
  686.2000	             -883
  686.4000	             -742
  686.6000	            -1035
  686.8000	             -991
  687.0000	             -688
  687.2000	             -778
  687.4000	             -672
  687.6000	            -1081
  687.8000	            -1056
  688.0000	            -1023
  688.2000	            -1044
  688.4000	            -1071
  688.6000	             -993
  688.8000	             -842
  689.0000	            -1045
  689.2000	            -1085
  689.4000	            -1045
  689.6000	            -1130
  689.8000	            -1083
  690.0000	            -1067
  690.2000	            -1093
  690.4000	            -1092
  690.6000	            -1106
  690.8000	            -1087
  691.0000	            -1119
  691.2000	            -1062
  691.4000	            -1115
  691.6000	            -1101
  691.8000	            -1116
  692.0000	            -1064
  692.2000	            -1109
  692.4000	            -1073
  692.6000	            -1100
  692.8000	            -1105
  693.0000	            -1080
  693.2000	            -1092
  693.4000	            -1089
  693.6000	            -1064
  693.8000	             -813
  694.0000	            -1081
  694.2000	            -1098
  694.4000	            -1079
  694.6000	            -1128
  694.8000	            -1108
  695.0000	            -1045
  695.2000	            -1051
  695.4000	            -1070
  695.6000	            -1094
  695.8000	            -1085
  696.0000	             -982
  696.2000	            -1039
  696.4000	             5746
  696.6000	              924
  696.8000	            -1018
  697.0000	            -1077
  697.2000	            -1047
  697.4000	            -1073
  697.6000	            -1082
  697.8000	            -1079
  698.0000	            -1039
  698.2000	            -1054
  698.4000	            -1059
  698.6000	            -1083
  698.8000	            -1039
  699.0000	             -992
  699.2000	            -1012
  699.4000	            -1075
  699.6000	            -1017
  699.8000	            -1035
  700.0000	             -992
  700.2000	            -1064
  700.4000	            -1057
  700.6000	            -1037
  700.8000	            -1013
  701.0000	            -1049
  701.2000	            -1065
  701.4000	            -1026
  701.6000	            -1035
  701.8000	            -1035
  702.0000	            -1059
  702.2000	            -1046
  702.4000	             -991
  702.6000	            -1048
  702.8000	            -1081
  703.0000	              -15
  703.2000	            -1021
  703.4000	            -1073
  703.6000	            -1057
  703.8000	            -1045
  704.0000	            -1071
  704.2000	            -1038
  704.4000	            -1044
  704.6000	            -1052
  704.8000	            -1064
  705.0000	            -1010
  705.2000	            -1016
  705.4000	            -1043
  705.6000	             -989
  705.8000	             -973
  706.0000	            -1018
  706.2000	             -995
  706.4000	            -1020
  706.6000	             8387
  706.8000	               59
  707.0000	             -983
  707.2000	            -1009
  707.4000	            -1032
  707.6000	            -1018
  707.8000	             -997
  708.0000	            -1034
  708.2000	            -1048
  708.4000	            -1045
  708.6000	             -989
  708.8000	            -1029
  709.0000	            -1096
  709.2000	            -1047
  709.4000	            -1058
  709.6000	            -1068
  709.8000	            -1093
  710.0000	            -1065
  710.2000	            -1077
  710.4000	            -1051
  710.6000	            -1023
  710.8000	            -1059
  711.0000	            -1065
  711.2000	            -1073
  711.4000	            -1051
  711.6000	             -973
  711.8000	            -1065
  712.0000	             -994
  712.2000	            -1073
  712.4000	            -1050
  712.6000	             -974
  712.8000	            -1044
  713.0000	            -1029
  713.2000	            -1017
  713.4000	            -1071
  713.6000	            -1083
  713.8000	            -1073
  714.0000	            -1010
  714.2000	            -1028
  714.4000	            -1081
  714.6000	              110
  714.8000	            -1011
  715.0000	            -1040
  715.2000	            -1047
  715.4000	            -1077
  715.6000	            -1098
  715.8000	            -1025
  716.0000	            -1056
  716.2000	            -1013
  716.4000	            -1076
  716.6000	            -1065
  716.8000	            -1055
  717.0000	            -1071
  717.2000	            -1097
  717.4000	            -1045
  717.6000	            -1077
  717.8000	            -1004
  718.0000	            -1063
  718.2000	            -1064
  718.4000	            -1054
  718.6000	            -1059
  718.8000	            -1079
  719.0000	            -1090
  719.2000	            -1042
  719.4000	            -1093
  719.6000	            -1055
  719.8000	            -1062
  720.0000	            -1061
  720.2000	            -1054
  720.4000	            -1045
  720.6000	             -693
  720.8000	             -999
  721.0000	             -970
  721.2000	             -986
  721.4000	            -1076
  721.6000	             -990
  721.8000	            -1033
  722.0000	             -973
  722.2000	            -1062
  722.4000	             -900
  722.6000	             -994
  722.8000	             -922
  723.0000	             -938
  723.2000	             -928
  723.4000	             -891
  723.6000	             -888
  723.8000	             -845
  724.0000	             -893
  724.2000	             -980
  724.4000	            -1013
  724.6000	             -977
  724.8000	             -875
  725.0000	             -949
  725.2000	             -928
  725.4000	            -1010
  725.6000	             -978
  725.8000	             -947
  726.0000	             -887
  726.2000	             -982
  726.4000	             -964
  726.6000	             -993
  726.8000	             -974
  727.0000	             -954
  727.2000	             1803
  727.4000	             -968
  727.6000	            -1075
  727.8000	            -1011
  728.0000	            -1010
  728.2000	            -1034
  728.4000	            -1037
  728.6000	             -995
  728.8000	             -996
  729.0000	            -1041
  729.2000	            -1058
  729.4000	            -1035
  729.6000	            -1086
  729.8000	             -979
  730.0000	            -1078
  730.2000	             -974
  730.4000	            -1000
  730.6000	             -977
  730.8000	            -1067
  731.0000	             -983
  731.2000	             -744
  731.4000	             -928
  731.6000	             -819
  731.8000	             -895
  732.0000	             -940
  732.2000	             -956
  732.4000	             -938
  732.6000	            -1055
  732.8000	             -748
  733.0000	             -969
  733.2000	             -872
  733.4000	            -1021
  733.6000	             -736
  733.8000	             -944
  734.0000	             -792
  734.2000	             -847
  734.4000	             -752
  734.6000	             -830
  734.8000	             -885
  735.0000	             -735
  735.2000	             -815
  735.4000	             -893
  735.6000	             -836
  735.8000	             -875
  736.0000	             -848
  736.2000	             -897
  736.4000	             -770
  736.6000	             -837
  736.8000	             -900
  737.0000	             -774
  737.2000	              321
  737.4000	             -822
  737.6000	             -957
  737.8000	             -857
  738.0000	             -814
  738.2000	             -589
  738.4000	            27051
  738.6000	             -608
  738.8000	            -1015
  739.0000	            -1015
  739.2000	             -887
  739.4000	             -977
  739.6000	             -966
  739.8000	            -1016
  740.0000	             -997
  740.2000	             -871
  740.4000	             -981
  740.6000	            -1005
  740.8000	             -956
  741.0000	             -997
  741.2000	             -811
  741.4000	            -1051
  741.6000	            -1012
  741.8000	             -875
  742.0000	             -957
  742.2000	             -872
  742.4000	             -884
  742.6000	             -895
  742.8000	             -918
  743.0000	             -959
  743.2000	             -959
  743.4000	             -909
  743.6000	             -683
  743.8000	             -858
  744.0000	             -799
  744.2000	             -699
  744.4000	             -756
  744.6000	             -825
  744.8000	             -706
  745.0000	             -833
  745.2000	             -601
  745.4000	             -778
  745.6000	             -557
  745.8000	             -762
  746.0000	             -641
  746.2000	             -630
  746.4000	             -724
  746.6000	             -503
  746.8000	             -556
  747.0000	             -836
  747.2000	             -704
  747.4000	             -795
  747.6000	             -754
  747.8000	             -724
  748.0000	             -671
  748.2000	             -544
  748.4000	             -740
  748.6000	             -730
  748.8000	             -696
  749.0000	             -439
  749.2000	             -869
  749.4000	             -830
  749.6000	             -791
  749.8000	             -761
  750.0000	             -542
  750.2000	             6782
  750.4000	           108154
  750.6000	             -249
  750.8000	             -720
  751.0000	             -686
  751.2000	             -747
  751.4000	            35138
  751.6000	             -669
  751.8000	             -781
  752.0000	             -705
  752.2000	             -885
  752.4000	             -979
  752.6000	             -870
  752.8000	             -970
  753.0000	             -897
  753.2000	             -901
  753.4000	             -952
  753.6000	             -814
  753.8000	            -1037
  754.0000	             -822
  754.2000	             -948
  754.4000	             -864
  754.6000	             -916
  754.8000	             -803
  755.0000	             -972
  755.2000	             -831
  755.4000	             -918
  755.6000	             -843
  755.8000	             -926
  756.0000	             -862
  756.2000	             -736
  756.4000	             -778
  756.6000	             -832
  756.8000	             -725
  757.0000	             -893
  757.2000	             -584
  757.4000	             -841
  757.6000	             -599
  757.8000	             -787
  758.0000	             -636
  758.2000	             -761
  758.4000	             -681
  758.6000	             -513
  758.8000	             -781
  759.0000	             -924
  759.2000	             -724
  759.4000	             -774
  759.6000	             -789
  759.8000	             -656
  760.0000	             -684
  760.2000	             -718
  760.4000	             -728
  760.6000	             -803
  760.8000	             -673
  761.0000	             -682
  761.2000	             -501
  761.4000	             -932
  761.6000	             -897
  761.8000	             -824
  762.0000	             -838
  762.2000	             -841
  762.4000	             -614
  762.6000	             -725
  762.8000	             -998
  763.0000	             -957
  763.2000	             -833
  763.4000	            26741
  763.6000	             -545
  763.8000	             -759
  764.0000	             -943
  764.2000	             -959
  764.4000	             -906
  764.6000	             -887
  764.8000	             -921
  765.0000	            -1049
  765.2000	             -992
  765.4000	             -852
  765.6000	            -1088
  765.8000	            -1012
  766.0000	             -875
  766.2000	             -986
  766.4000	             -881
  766.6000	             -946
  766.8000	             -928
  767.0000	             -881
  767.2000	             -814
  767.4000	             -994
  767.6000	             -851
  767.8000	             -856
  768.0000	             -791
  768.2000	             -839
  768.4000	             -857
  768.6000	             -799
  768.8000	             -760
  769.0000	             -781
  769.2000	             -731
  769.4000	             -834
  769.6000	             -370
  769.8000	             -860
  770.0000	             -755
  770.2000	             -299
  770.4000	             -637
  770.6000	             -591
  770.8000	             -500
  771.0000	             -690
  771.2000	             -376
  771.4000	             -670
  771.6000	             -912
  771.8000	             -550
  772.0000	             -685
  772.2000	             -185
  772.4000	            19924
  772.6000	             -484
  772.8000	             -647
  773.0000	             -406
  773.2000	             -765
  773.4000	             -623
  773.6000	             -544
  773.8000	             -336
  774.0000	             -846
  774.2000	             -907
  774.4000	             -859
  774.6000	             -801
  774.8000	             -740
  775.0000	             -680
  775.2000	             -372
  775.4000	             -992
  775.6000	            -1035
  775.8000	             -991
  776.0000	            -1043
  776.2000	            -1004
  776.4000	             -982
  776.6000	             -975
  776.8000	             -977
  777.0000	            -1045
  777.2000	             -983
  777.4000	             -884
  777.6000	            -1103
  777.8000	            -1132
  778.0000	            -1079
  778.2000	            -1102
  778.4000	            -1115
  778.6000	            -1095
  778.8000	            -1100
  779.0000	            -1123
  779.2000	            -1122
  779.4000	            -1127
  779.6000	            -1057
  779.8000	            -1103
  780.0000	            -1099
  780.2000	            -1111
  780.4000	            -1065
  780.6000	            -1132
  780.8000	            -1110
  781.0000	            -1130
  781.2000	            -1105
  781.4000	            -1114
  781.6000	            -1108
  781.8000	            -1125
  782.0000	            -1104
  782.2000	            -1068
  782.4000	            -1075
  782.6000	            -1108
  782.8000	            -1088
  783.0000	            -1071
  783.2000	            -1084
  783.4000	            -1100
  783.6000	            -1090
  783.8000	            -1071
  784.0000	            -1066
  784.2000	            -1064
  784.4000	            -1096
  784.6000	            -1066
  784.8000	            -1079
  785.0000	            -1118
  785.2000	            -1060
  785.4000	            -1125
  785.6000	            -1107
  785.8000	            -1060
  786.0000	            -1134
  786.2000	            -1071
  786.4000	            -1111
  786.6000	            -1098
  786.8000	            -1075
  787.0000	            -1114
  787.2000	            -1098
  787.4000	            -1095
  787.6000	            -1095
  787.8000	            -1118
  788.0000	            -1105
  788.2000	            -1140
  788.4000	            -1126
  788.6000	            -1117
  788.8000	            -1121
  789.0000	            -1087
  789.2000	            -1110
  789.4000	            -1098
  789.6000	            -1086
  789.8000	            -1087
  790.0000	            -1110
  790.2000	            -1116
  790.4000	            -1076
  790.6000	            -1119
  790.8000	            -1128
  791.0000	            -1125
  791.2000	            -1072
  791.4000	            -1104
  791.6000	            -1105
  791.8000	            -1101
  792.0000	            -1121
  792.2000	            -1116
  792.4000	            -1125
  792.6000	            -1103
  792.8000	            -1089
  793.0000	            -1105
  793.2000	            -1111
  793.4000	            -1122
  793.6000	            -1125
  793.8000	            -1087
  794.0000	            -1110
  794.2000	            -1092
  794.4000	            -1133
  794.6000	            -1018
  794.8000	            14487
  795.0000	            -1083
  795.2000	            -1131
  795.4000	            -1073
  795.6000	            -1129
  795.8000	            -1146
  796.0000	            -1066
  796.2000	            -1128
  796.4000	            -1127
  796.6000	            -1058
  796.8000	            -1079
  797.0000	            -1109
  797.2000	            -1101
  797.4000	            -1122
  797.6000	            -1105
  797.8000	            -1128
  798.0000	            -1071
  798.2000	            -1111
  798.4000	            -1145
  798.6000	            -1134
  798.8000	            -1089
  799.0000	            -1125
  799.2000	            -1057
  799.4000	            -1121
  799.6000	            -1053
  799.8000	            -1136
  800.0000	            -1111
  800.2000	            -1060
  800.4000	            -1015
  800.6000	             3658
  800.8000	            -1081
  801.0000	            -1081
  801.2000	            -1083
  801.4000	             4650
  801.6000	            -1059
  801.8000	            -1078
  802.0000	            -1092
  802.2000	            -1100
  802.4000	            -1073
  802.6000	            -1111
  802.8000	            -1072
  803.0000	            -1060
  803.2000	            -1074
  803.4000	            -1093
  803.6000	            -1091
  803.8000	            -1132
  804.0000	            -1136
  804.2000	            -1105
  804.4000	            -1072
  804.6000	            -1069
  804.8000	            -1116
  805.0000	            -1101
