  500.0000	             -496
  500.2000	             -682
  500.4000	             -386
  500.6000	             -544
  500.8000	              581
  501.0000	             -431
  501.2000	             -303
  501.4000	             -316
  501.6000	             2705
  501.8000	             -296
  502.0000	             -327
  502.2000	             -287
  502.4000	             -214
  502.6000	             -264
  502.8000	             -216
  503.0000	              212
  503.2000	              -15
  503.4000	             -756
  503.6000	             -731
  503.8000	             -759
  504.0000	             -638
  504.2000	             -704
  504.4000	             -607
  504.6000	             -697
  504.8000	             -558
  505.0000	             -670
  505.2000	             -676
  505.4000	             -578
  505.6000	             -544
  505.8000	             -573
  506.0000	             -356
  506.2000	              254
  506.4000	             -421
  506.6000	             -254
  506.8000	             -501
  507.0000	             -622
  507.2000	             -643
  507.4000	             -697
  507.6000	             -513
  507.8000	             -756
  508.0000	             -728
  508.2000	             -762
  508.4000	             -728
  508.6000	             -696
  508.8000	             -804
  509.0000	              160
  509.2000	             -765
  509.4000	             -840
  509.6000	             -778
  509.8000	             -632
  510.0000	             -819
  510.2000	             -839
  510.4000	             -725
  510.6000	             -837
  510.8000	             -809
  511.0000	             -725
  511.2000	             -813
  511.4000	             -713
  511.6000	             -671
  511.8000	             -553
  512.0000	             -677
  512.2000	             -734
  512.4000	             -729
  512.6000	             -566
  512.8000	             -708
  513.0000	             -713
  513.2000	             -721
  513.4000	             -669
  513.6000	             -680
  513.8000	             -601
  514.0000	             -611
  514.2000	             -124
  514.4000	             -175
  514.6000	             -521
  514.8000	             -167
  515.0000	             -538
  515.2000	             -577
  515.4000	             -588
  515.6000	             -756
  515.8000	             -675
  516.0000	             -581
  516.2000	              893
  516.4000	             -507
  516.6000	             -260
  516.8000	             -472
  517.0000	             -497
  517.2000	             -417
  517.4000	             -482
  517.6000	             -203
  517.8000	             -172
  518.0000	             -338
  518.2000	             -513
  518.4000	             -639
  518.6000	             -722
  518.8000	              194
  519.0000	             -785
  519.2000	             -645
  519.4000	             -585
  519.6000	             -598
  519.8000	             -815
  520.0000	             -652
  520.2000	             -651
  520.4000	             -469
  520.6000	             -725
  520.8000	             -523
  521.0000	             -705
  521.2000	             -579
  521.4000	             -597
  521.6000	             -468
  521.8000	             -748
  522.0000	             -352
  522.2000	             -604
  522.4000	             -570
  522.6000	             -346
  522.8000	              -75
  523.0000	             -841
  523.2000	             -823
  523.4000	             -909
  523.6000	             -783
  523.8000	             -885
  524.0000	             -872
  524.2000	             -868
  524.4000	             -862
  524.6000	             -849
  524.8000	             -889
  525.0000	             -902
  525.2000	             -473
  525.4000	             -729
  525.6000	             -829
  525.8000	             -858
  526.0000	             -830
  526.2000	             -853
  526.4000	             -682
  526.6000	             -770
  526.8000	             -759
  527.0000	             -824
  527.2000	             -700
  527.4000	             -667
  527.6000	             -770
  527.8000	             -690
  528.0000	             -633
  528.2000	             -638
  528.4000	             -685
  528.6000	             -568
  528.8000	             -705
  529.0000	             -635
  529.2000	             -631
  529.4000	             -592
  529.6000	             -496
  529.8000	             -449
  530.0000	             -488
  530.2000	             -513
  530.4000	             -454
  530.6000	             -319
  530.8000	             -212
  531.0000	             -531
  531.2000	             -661
  531.4000	             -739
  531.6000	             -717
  531.8000	             -797
  532.0000	             -761
  532.2000	             -824
  532.4000	             -797
  532.6000	             -815
  532.8000	             -857
  533.0000	             -839
  533.2000	             -909
  533.4000	             -921
  533.6000	             -862
  533.8000	             -873
  534.0000	             -913
  534.2000	             -911
  534.4000	             -884
  534.6000	             -888
  534.8000	             -879
  535.0000	             -882
  535.2000	             -908
  535.4000	             -922
  535.6000	             -875
  535.8000	             -659
  536.0000	             -833
  536.2000	             -831
  536.4000	             -827
  536.6000	             -783
  536.8000	             -825
  537.0000	             -833
  537.2000	             -610
  537.4000	             -856
  537.6000	             -873
  537.8000	             -829
  538.0000	             -780
  538.2000	             -769
  538.4000	             -731
  538.6000	             -781
  538.8000	             -766
  539.0000	             -779
  539.2000	             -770
  539.4000	             -756
  539.6000	             -731
  539.8000	             -696
  540.0000	             -678
  540.2000	             -784
  540.4000	             -814
  540.6000	             -526
  540.8000	             -879
  541.0000	             -688
  541.2000	             -733
  541.4000	             -799
  541.6000	             -709
  541.8000	             -720
  542.0000	             -475
  542.2000	             -616
  542.4000	             -779
  542.6000	             -719
  542.8000	             -719
  543.0000	             -714
  543.2000	             -641
  543.4000	             -641
  543.6000	             -617
  543.8000	             -711
  544.0000	             -563
  544.2000	             -460
  544.4000	             -728
  544.6000	             -697
  544.8000	             -591
  545.0000	             -338
  545.2000	             -522
  545.4000	             -587
  545.6000	             -412
  545.8000	             -667
  546.0000	             -751
  546.2000	             -761
  546.4000	             -758
  546.6000	             -737
  546.8000	             -683
  547.0000	             -749
  547.2000	             -481
  547.4000	             -742
  547.6000	             -684
  547.8000	             -681
  548.0000	             -753
  548.2000	             -691
  548.4000	             -763
  548.6000	             -756
  548.8000	             -806
  549.0000	             -694
  549.2000	             -762
  549.4000	             -372
  549.6000	             -517
  549.8000	             -760
  550.0000	             -782
  550.2000	             -765
  550.4000	             -806
  550.6000	             -575
  550.8000	             -827
  551.0000	             -779
  551.2000	             -823
  551.4000	             -645
  551.6000	             -866
  551.8000	             -763
  552.0000	             -884
  552.2000	             -875
  552.4000	             -612
  552.6000	             -793
  552.8000	             -871
  553.0000	             -873
  553.2000	             -834
  553.4000	             -767
  553.6000	             -854
  553.8000	             -875
  554.0000	             -839
  554.2000	             -902
  554.4000	             -799
  554.6000	             -821
  554.8000	             -824
  555.0000	             -859
  555.2000	             -713
  555.4000	             -767
  555.6000	             -836
  555.8000	              678
  556.0000	             -763
  556.2000	             -777
  556.4000	             -814
  556.6000	             -785
  556.8000	             -811
  557.0000	             -770
  557.2000	             -157
  557.4000	             -848
  557.6000	             -758
  557.8000	             -801
  558.0000	             -822
  558.2000	             -814
  558.4000	             -854
  558.6000	             -840
  558.8000	             -700
  559.0000	             -849
  559.2000	             -806
  559.4000	             -848
  559.6000	             -735
  559.8000	             -835
  560.0000	             -802
  560.2000	             -934
  560.4000	             -941
  560.6000	              859
  560.8000	             -952
  561.0000	             -918
  561.2000	             -996
  561.4000	             -906
  561.6000	             -982
  561.8000	             -926
  562.0000	             -922
  562.2000	             -916
  562.4000	             -922
  562.6000	             -974
  562.8000	             -982
  563.0000	             -952
  563.2000	             -986
  563.4000	             -987
  563.6000	             -944
  563.8000	             -907
  564.0000	             -982
  564.2000	             -975
  564.4000	             -982
  564.6000	             -962
  564.8000	             -792
  565.0000	             -310
  565.2000	             -940
  565.4000	             -959
  565.6000	             -977
  565.8000	             -825
  566.0000	             -932
  566.2000	            -1031
  566.4000	             -987
  566.6000	             -972
  566.8000	             -941
  567.0000	             -923
  567.2000	             -943
  567.4000	             -983
  567.6000	             -934
  567.8000	             -944
  568.0000	             -959
  568.2000	             -893
  568.4000	             -987
  568.6000	             -977
  568.8000	             -919
  569.0000	             -804
  569.2000	             -936
  569.4000	             -977
  569.6000	             -922
  569.8000	             -932
  570.0000	             -875
  570.2000	             -957
  570.4000	             -902
  570.6000	             -828
  570.8000	             -927
  571.0000	             -899
  571.2000	             -843
  571.4000	             -856
  571.6000	             -858
  571.8000	             -831
  572.0000	             -880
  572.2000	             -788
  572.4000	             -777
  572.6000	             -756
  572.8000	             -687
  573.0000	             -679
  573.2000	             -639
  573.4000	             -818
  573.6000	             -759
  573.8000	             -570
  574.0000	             -550
  574.2000	             -640
  574.4000	             -713
  574.6000	             -553
  574.8000	             -644
  575.0000	             -732
  575.2000	             -594
  575.4000	             -407
  575.6000	             -832
  575.8000	             -756
  576.0000	             -770
  576.2000	             -748
  576.4000	             -835
  576.6000	             -725
  576.8000	             -713
  577.0000	             -713
  577.2000	             -419
  577.4000	             -478
  577.6000	             -535
  577.8000	             -587
  578.0000	             -497
  578.2000	             -502
  578.4000	             -618
  578.6000	             -606
  578.8000	             -590
  579.0000	             -459
  579.2000	             -447
  579.4000	             -592
  579.6000	             -313
  579.8000	             -644
  580.0000	             -613
  580.2000	             -313
  580.4000	             -559
  580.6000	             -700
  580.8000	             -627
  581.0000	             -724
  581.2000	             -463
  581.4000	             -590
  581.6000	             -448
  581.8000	             -616
  582.0000	             -526
  582.2000	             -572
  582.4000	             -441
  582.6000	             -436
  582.8000	             -436
  583.0000	             -381
  583.2000	             -585
  583.4000	             -170
  583.6000	             -611
  583.8000	             -516
  584.0000	             -470
  584.2000	             -381
  584.4000	             -554
  584.6000	             -241
  584.8000	             -675
  585.0000	             -649
  585.2000	             -504
  585.4000	             -430
  585.6000	             -774
  585.8000	             -748
  586.0000	             -356
  586.2000	             -628
  586.4000	             -634
  586.6000	             -648
  586.8000	             -611
  587.0000	             -611
  587.2000	             -566
  587.4000	             -524
  587.6000	             -509
  587.8000	             -521
  588.0000	             -525
  588.2000	               23
  588.4000	             -652
  588.6000	             -594
  588.8000	              259
  589.0000	             -578
  589.2000	             -613
  589.4000	             -538
  589.6000	             -426
  589.8000	             -267
  590.0000	             -648
  590.2000	             -564
  590.4000	             -284
  590.6000	             -712
  590.8000	             -795
  591.0000	             -766
  591.2000	              322
  591.4000	             -681
  591.6000	             -646
  591.8000	             -706
  592.0000	             -702
  592.2000	             -693
  592.4000	             -559
  592.6000	             -539
  592.8000	              142
  593.0000	             -580
  593.2000	             -591
  593.4000	             -373
  593.6000	             -687
  593.8000	             -685
  594.0000	             -598
  594.2000	             -469
  594.4000	             -546
  594.6000	             -400
  594.8000	             -611
  595.0000	             -352
  595.2000	             -707
  595.4000	             -736
  595.6000	             -643
  595.8000	             -195
  596.0000	             -873
  596.2000	             -877
  596.4000	             -785
  596.6000	             -781
  596.8000	             -696
  597.0000	             -769
  597.2000	             -652
  597.4000	             -715
  597.6000	             -537
  597.8000	             -712
  598.0000	             -609
  598.2000	             -622
  598.4000	             -585
  598.6000	             -520
  598.8000	             -434
  599.0000	             -734
  599.2000	             -707
  599.4000	             -700
  599.6000	             -664
  599.8000	             -449
  600.0000	             -517
  600.2000	             -706
  600.4000	             -531
  600.6000	             -651
  600.8000	             -726
  601.0000	             -719
  601.2000	             -300
  601.4000	             -899
  601.6000	             -841
  601.8000	             -821
  602.0000	             -841
  602.2000	             -795
  602.4000	             -635
  602.6000	             -813
  602.8000	             -842
  603.0000	             -689
  603.2000	              967
  603.4000	             -780
  603.6000	             -716
  603.8000	             -717
  604.0000	             -761
  604.2000	               43
  604.4000	             -528
  604.6000	             -729
  604.8000	             -770
  605.0000	             -766
  605.2000	             -556
  605.4000	             -758
  605.6000	             -621
  605.8000	             -503
  606.0000	             -650
  606.2000	             -716
  606.4000	             -795
  606.6000	             -813
  606.8000	             -406
  607.0000	             -904
  607.2000	             -908
  607.4000	             -907
  607.6000	             -892
  607.8000	             -874
  608.0000	             -845
  608.2000	             -950
  608.4000	             -854
  608.6000	             -869
  608.8000	             -911
  609.0000	             -778
  609.2000	             -848
  609.4000	             -839
  609.6000	             -873
  609.8000	             -539
  610.0000	             -814
  610.2000	             -770
  610.4000	             -729
  610.6000	             -890
  610.8000	             -869
  611.0000	             -885
  611.2000	             -928
  611.4000	              556
  611.6000	             -883
  611.8000	             -755
  612.0000	             -880
  612.2000	             -868
  612.4000	             -901
  612.6000	             -659
  612.8000	             -922
  613.0000	            -1004
  613.2000	             -983
  613.4000	             -975
  613.6000	             -909
  613.8000	             -864
  614.0000	             -957
  614.2000	             -924
  614.4000	             -755
  614.6000	             -943
  614.8000	             -943
  615.0000	             -936
  615.2000	             -927
  615.4000	             -761
  615.6000	             -928
  615.8000	             -899
  616.0000	             -870
  616.2000	             -964
  616.4000	             -932
  616.6000	             -875
  616.8000	             -922
  617.0000	             -707
  617.2000	              346
  617.4000	             -833
  617.6000	             -946
  617.8000	             -855
  618.0000	             -962
  618.2000	             -874
  618.4000	             -864
  618.6000	             -848
  618.8000	             -977
  619.0000	             -978
  619.2000	            -1000
  619.4000	            -1013
  619.6000	             -978
  619.8000	             -948
  620.0000	             -970
  620.2000	            -1009
  620.4000	            -1037
  620.6000	             -984
  620.8000	             -934
  621.0000	             -934
  621.2000	             -671
  621.4000	             -884
  621.6000	             -697
  621.8000	             -880
  622.0000	             -894
  622.2000	             -910
  622.4000	             -899
  622.6000	             -885
  622.8000	             -911
  623.0000	             -861
  623.2000	             -869
  623.4000	             -875
  623.6000	             -834
  623.8000	             -921
  624.0000	             -901
  624.2000	             -714
  624.4000	             -906
  624.6000	             -952
  624.8000	             -891
  625.0000	             -866
  625.2000	             -830
  625.4000	            -1012
  625.6000	             -948
  625.8000	             -961
  626.0000	             -925
  626.2000	             -952
  626.4000	             -857
  626.6000	             -954
  626.8000	             -999
  627.0000	             -950
  627.2000	             -895
  627.4000	             -889
  627.6000	             -830
  627.8000	             -950
  628.0000	             -824
  628.2000	             -798
  628.4000	             -700
  628.6000	             -829
  628.8000	             -744
  629.0000	             -797
  629.2000	             -832
  629.4000	             -675
  629.6000	             -526
  629.8000	             -790
  630.0000	             -848
  630.2000	             -811
  630.4000	             -755
  630.6000	             -725
  630.8000	             -640
  631.0000	             -816
  631.2000	             -592
  631.4000	             -879
  631.6000	             -846
  631.8000	             -839
  632.0000	             -842
  632.2000	             -642
  632.4000	             -978
  632.6000	             -833
  632.8000	             -879
  633.0000	             -875
  633.2000	             -798
  633.4000	             -821
  633.6000	             -830
  633.8000	             -914
  634.0000	             -905
  634.2000	             -778
  634.4000	             -871
  634.6000	             -909
  634.8000	             -848
  635.0000	             -754
  635.2000	             -770
  635.4000	             -815
  635.6000	             -793
  635.8000	             -649
  636.0000	             -646
  636.2000	             -619
  636.4000	             -626
  636.6000	             -611
  636.8000	             -783
  637.0000	             -690
  637.2000	             -749
  637.4000	             -696
  637.6000	             -651
  637.8000	             -613
  638.0000	             -770
  638.2000	             -598
  638.4000	             -133
  638.6000	             -814
  638.8000	             -841
  639.0000	             -702
  639.2000	             -736
  639.4000	             -572
  639.6000	             -968
  639.8000	             -822
  640.0000	             -875
  640.2000	             -913
  640.4000	             -813
  640.6000	             -821
  640.8000	             -801
  641.0000	             -823
  641.2000	             -870
  641.4000	             -775
  641.6000	              193
  641.8000	             -859
  642.0000	             -619
  642.2000	             -766
  642.4000	             -700
  642.6000	             -730
  642.8000	             -583
  643.0000	             -650
  643.2000	             -639
  643.4000	             -587
  643.6000	             -692
  643.8000	             -519
  644.0000	             -523
  644.2000	             -559
  644.4000	             -681
  644.6000	             -566
  644.8000	             -589
  645.0000	             -579
  645.2000	             -471
  645.4000	             -800
  645.6000	             -442
  645.8000	             -364
  646.0000	             -762
  646.2000	             -785
  646.4000	             -610
  646.6000	             -487
  646.8000	             -433
  647.0000	             -970
  647.2000	             -763
  647.4000	             -865
  647.6000	             -879
  647.8000	             -739
  648.0000	             -792
  648.2000	             -427
  648.4000	             -717
  648.6000	             -870
  648.8000	             -872
  649.0000	             -807
  649.2000	             -722
  649.4000	             -587
  649.6000	             -861
  649.8000	             -681
  650.0000	             -579
  650.2000	             -634
  650.4000	             -733
  650.6000	             -492
  650.8000	             -516
  651.0000	             -425
  651.2000	             -449
  651.4000	             -381
  651.6000	             -553
  651.8000	             -529
  652.0000	             -608
  652.2000	             -615
  652.4000	             -516
  652.6000	             -517
  652.8000	             -317
  653.0000	             -715
  653.2000	             -353
  653.4000	             -182
  653.6000	             -650
  653.8000	             -602
  654.0000	             -526
  654.2000	             -508
  654.4000	             -149
  654.6000	             -979
  654.8000	             -700
  655.0000	             -913
  655.2000	             -717
  655.4000	             -789
  655.6000	             -781
  655.8000	             -684
  656.0000	             -530
  656.2000	             -357
  656.4000	             -511
  656.6000	             -636
  656.8000	             -841
  657.0000	             -765
  657.2000	             -502
  657.4000	             -632
  657.6000	             -651
  657.8000	             -488
  658.0000	             -228
  658.2000	             -491
  658.4000	             -254
  658.6000	             -309
  658.8000	             -405
  659.0000	             -290
  659.2000	             -205
  659.4000	             -416
  659.6000	             -417
  659.8000	             -549
  660.0000	             -392
  660.2000	             -406
  660.4000	             -248
  660.6000	             -203
  660.8000	             -626
  661.0000	             -326
  661.2000	              128
  661.4000	             -586
  661.6000	             -616
  661.8000	             -623
  662.0000	             -404
  662.2000	               71
  662.4000	             -897
  662.6000	             -848
  662.8000	             -822
  663.0000	             -770
  663.2000	             -790
  663.4000	             -621
  663.6000	             -790
  663.8000	             -465
  664.0000	             -619
  664.2000	             -854
  664.4000	             -681
  664.6000	             -721
  664.8000	             -757
  665.0000	             -776
  665.2000	             -575
  665.4000	             -607
  665.6000	             -636
  665.8000	             -597
  666.0000	             -268
  666.2000	             -643
  666.4000	             -368
  666.6000	             -250
  666.8000	             -437
  667.0000	             -497
  667.2000	             -430
  667.4000	             -282
  667.6000	              902
  667.8000	             -548
  668.0000	             -476
  668.2000	             -510
  668.4000	             -205
  668.6000	             -560
  668.8000	             -359
  669.0000	             -719
  669.2000	             -432
  669.4000	             -217
  669.6000	             -710
  669.8000	             -673
  670.0000	             -620
  670.2000	             -510
  670.4000	             -247
  670.6000	             -981
  670.8000	             -899
  671.0000	             -888
  671.2000	             -831
  671.4000	             -911
  671.6000	             -761
  671.8000	             -845
  672.0000	             -791
  672.2000	             -785
  672.4000	             -863
  672.6000	             -870
  672.8000	             -820
  673.0000	             -892
  673.2000	             -869
  673.4000	             -709
  673.6000	             -906
  673.8000	             -825
  674.0000	             -645
  674.2000	             -822
  674.4000	             -733
  674.6000	             -633
  674.8000	             -688
  675.0000	             -566
  675.2000	              475
  675.4000	             -576
  675.6000	             -406
  675.8000	             -652
  676.0000	             -768
  676.2000	             -744
  676.4000	             -624
  676.6000	             -510
  676.8000	             -563
  677.0000	             -676
  677.2000	             -625
  677.4000	             -776
  677.6000	             -556
  677.8000	             -287
  678.0000	             -817
  678.2000	             -834
  678.4000	             -777
  678.6000	             -592
  678.8000	             -420
  679.0000	            -1018
  679.2000	            -1002
  679.4000	             -952
  679.6000	             -959
  679.8000	             -896
  680.0000	             -899
  680.2000	             -886
  680.4000	             -924
  680.6000	             -935
  680.8000	             -912
  681.0000	             -941
  681.2000	             -972
  681.4000	             -983
  681.6000	             -972
  681.8000	             -915
  682.0000	             -928
  682.2000	             -919
  682.4000	             -913
  682.6000	             -906
  682.8000	             -862
  683.0000	             -947
  683.2000	             -875
  683.4000	             -889
  683.6000	             -864
  683.8000	             -888
  684.0000	             -836
  684.2000	             -809
  684.4000	             -854
  684.6000	             -959
  684.8000	             -887
  685.0000	             -855
  685.2000	             -909
  685.4000	             -859
  685.6000	             -879
  685.8000	             -791
  686.0000	             -833
  686.2000	             -850
  686.4000	             -736
  686.6000	            -1002
  686.8000	             -938
  687.0000	             -638
  687.2000	             -756
  687.4000	             -700
  687.6000	            -1062
  687.8000	            -1024
  688.0000	            -1009
  688.2000	             -992
  688.4000	            -1048
  688.6000	             -985
  688.8000	             -884
  689.0000	             -995
  689.2000	            -1067
  689.4000	            -1015
  689.6000	            -1045
  689.8000	            -1059
  690.0000	            -1073
  690.2000	            -1047
  690.4000	            -1088
  690.6000	            -1045
  690.8000	            -1090
  691.0000	            -1032
  691.2000	            -1055
  691.4000	            -1048
  691.6000	            -1047
  691.8000	            -1090
  692.0000	            -1066
  692.2000	            -1048
  692.4000	            -1046
  692.6000	            -1048
  692.8000	            -1053
  693.0000	            -1008
  693.2000	            -1056
  693.4000	            -1016
  693.6000	             -978
  693.8000	             -821
  694.0000	            -1046
  694.2000	            -1064
  694.4000	            -1054
  694.6000	            -1055
  694.8000	            -1009
  695.0000	            -1045
  695.2000	            -1050
  695.4000	            -1019
  695.6000	            -1021
  695.8000	            -1048
  696.0000	             -942
  696.2000	             -982
  696.4000	             6623
  696.6000	              398
  696.8000	             -945
  697.0000	             -991
  697.2000	            -1040
  697.4000	            -1055
  697.6000	            -1048
  697.8000	            -1032
  698.0000	            -1043
  698.2000	            -1026
  698.4000	             -982
  698.6000	            -1018
  698.8000	             -969
  699.0000	            -1004
  699.2000	             -958
  699.4000	             -996
  699.6000	            -1037
  699.8000	             -984
  700.0000	             -970
  700.2000	            -1011
  700.4000	            -1017
  700.6000	             -988
  700.8000	            -1015
  701.0000	             -989
  701.2000	            -1004
  701.4000	            -1017
  701.6000	            -1027
  701.8000	            -1018
  702.0000	            -1004
  702.2000	             -959
  702.4000	            -1009
  702.6000	            -1027
  702.8000	             -995
  703.0000	               90
  703.2000	            -1035
  703.4000	            -1054
  703.6000	            -1017
  703.8000	            -1004
  704.0000	            -1003
  704.2000	            -1037
  704.4000	            -1004
  704.6000	            -1027
  704.8000	            -1035
  705.0000	            -1031
  705.2000	            -1035
  705.4000	            -1014
  705.6000	             -964
  705.8000	            -1006
  706.0000	             -970
  706.2000	             -981
  706.4000	             -974
  706.6000	             9036
  706.8000	              -15
  707.0000	             -922
  707.2000	             -952
  707.4000	             -982
  707.6000	            -1001
  707.8000	            -1020
  708.0000	            -1009
  708.2000	            -1021
  708.4000	            -1001
  708.6000	             -990
  708.8000	             -993
  709.0000	            -1016
  709.2000	            -1029
  709.4000	            -1039
  709.6000	            -1020
  709.8000	            -1007
  710.0000	             -992
  710.2000	             -996
  710.4000	            -1081
  710.6000	             -970
  710.8000	            -1024
  711.0000	            -1004
  711.2000	            -1078
  711.4000	            -1014
  711.6000	             -973
  711.8000	            -1073
  712.0000	            -1043
  712.2000	             -995
  712.4000	            -1002
  712.6000	             -957
  712.8000	            -1013
  713.0000	             -972
  713.2000	            -1037
  713.4000	            -1031
  713.6000	             -995
  713.8000	            -1019
  714.0000	            -1023
  714.2000	             -987
  714.4000	             -997
  714.6000	              153
  714.8000	            -1004
  715.0000	             -973
  715.2000	            -1035
  715.4000	             -992
  715.6000	            -1056
  715.8000	             -924
  716.0000	            -1038
  716.2000	             -978
  716.4000	            -1020
  716.6000	            -1045
  716.8000	             -988
  717.0000	            -1045
  717.2000	            -1033
  717.4000	            -1027
  717.6000	            -1015
  717.8000	             -991
  718.0000	            -1066
  718.2000	             -976
  718.4000	            -1004
  718.6000	            -1063
  718.8000	            -1037
  719.0000	            -1017
  719.2000	             -973
  719.4000	            -1025
  719.6000	            -1004
  719.8000	            -1020
  720.0000	            -1010
  720.2000	            -1020
  720.4000	            -1027
  720.6000	             -639
  720.8000	            -1015
  721.0000	             -937
  721.2000	             -987
  721.4000	            -1017
  721.6000	             -919
  721.8000	             -957
  722.0000	             -938
  722.2000	             -977
  722.4000	             -880
  722.6000	             -947
  722.8000	             -897
  723.0000	             -916
  723.2000	             -906
  723.4000	             -931
  723.6000	             -912
  723.8000	             -920
  724.0000	             -928
  724.2000	             -919
  724.4000	             -964
  724.6000	             -920
  724.8000	             -908
  725.0000	             -948
  725.2000	             -926
  725.4000	             -952
  725.6000	             -987
  725.8000	             -843
  726.0000	             -792
  726.2000	            -1014
  726.4000	             -948
  726.6000	             -924
  726.8000	             -927
  727.0000	             -887
  727.2000	             1925
  727.4000	             -928
  727.6000	            -1026
  727.8000	             -954
  728.0000	             -997
  728.2000	             -991
  728.4000	             -980
  728.6000	            -1012
  728.8000	             -928
  729.0000	            -1011
  729.2000	             -995
  729.4000	            -1009
  729.6000	            -1035
  729.8000	             -920
  730.0000	            -1029
  730.2000	             -959
  730.4000	             -973
  730.6000	             -928
  730.8000	            -1026
  731.0000	             -942
  731.2000	             -724
  731.4000	             -897
  731.6000	             -790
  731.8000	             -875
  732.0000	             -905
  732.2000	             -972
  732.4000	             -872
  732.6000	             -977
  732.8000	             -770
  733.0000	             -941
  733.2000	             -838
  733.4000	             -957
  733.6000	             -682
  733.8000	             -854
  734.0000	             -772
  734.2000	             -836
  734.4000	             -812
  734.6000	             -829
  734.8000	             -857
  735.0000	             -693
  735.2000	             -800
  735.4000	             -906
  735.6000	             -854
  735.8000	             -814
  736.0000	             -785
  736.2000	             -832
  736.4000	             -786
  736.6000	             -843
  736.8000	             -876
  737.0000	             -795
  737.2000	              277
  737.4000	             -779
  737.6000	             -952
  737.8000	             -866
  738.0000	             -798
  738.2000	             -547
  738.4000	            26443
  738.6000	             -590
  738.8000	            -1000
  739.0000	             -952
  739.2000	             -851
  739.4000	             -979
  739.6000	             -940
  739.8000	             -974
  740.0000	             -960
  740.2000	             -838
  740.4000	             -944
  740.6000	             -970
  740.8000	             -930
  741.0000	            -1017
  741.2000	             -802
  741.4000	            -1001
  741.6000	             -954
  741.8000	             -928
  742.0000	             -891
  742.2000	             -857
  742.4000	             -875
  742.6000	             -811
  742.8000	             -834
  743.0000	             -951
  743.2000	             -916
  743.4000	             -902
  743.6000	             -691
  743.8000	             -862
  744.0000	             -797
  744.2000	             -731
  744.4000	             -730
  744.6000	             -831
  744.8000	             -653
  745.0000	             -803
  745.2000	             -591
  745.4000	             -729
  745.6000	             -598
  745.8000	             -751
  746.0000	             -610
  746.2000	             -640
  746.4000	             -714
  746.6000	             -560
  746.8000	             -610
  747.0000	             -838
  747.2000	             -659
  747.4000	             -738
  747.6000	             -756
  747.8000	             -701
  748.0000	             -687
  748.2000	             -587
  748.4000	             -748
  748.6000	             -789
  748.8000	             -710
  749.0000	             -493
  749.2000	             -859
  749.4000	             -843
  749.6000	             -748
  749.8000	             -713
  750.0000	             -550
  750.2000	             7674
  750.4000	            98859
  750.6000	             -259
  750.8000	             -660
  751.0000	             -714
  751.2000	             -679
  751.4000	            36586
  751.6000	             -592
  751.8000	             -816
  752.0000	             -740
  752.2000	             -885
  752.4000	             -922
  752.6000	             -878
  752.8000	             -941
  753.0000	             -878
  753.2000	             -857
  753.4000	             -944
  753.6000	             -782
  753.8000	            -1009
  754.0000	             -782
  754.2000	             -940
  754.4000	             -865
  754.6000	             -875
  754.8000	             -809
  755.0000	             -950
  755.2000	             -807
  755.4000	             -925
  755.6000	             -792
  755.8000	             -872
  756.0000	             -872
  756.2000	             -761
  756.4000	             -795
  756.6000	             -856
  756.8000	             -734
  757.0000	             -828
  757.2000	             -568
  757.4000	             -756
  757.6000	             -626
  757.8000	             -806
  758.0000	             -574
  758.2000	             -743
  758.4000	             -730
  758.6000	             -533
  758.8000	             -797
  759.0000	             -950
  759.2000	             -671
  759.4000	             -768
  759.6000	             -770
  759.8000	             -650
  760.0000	             -700
  760.2000	             -746
  760.4000	             -721
  760.6000	             -873
  760.8000	             -637
  761.0000	             -634
  761.2000	             -583
  761.4000	             -936
  761.6000	             -845
  761.8000	             -853
  762.0000	             -830
  762.2000	             -780
  762.4000	             -643
  762.6000	             -724
  762.8000	             -952
  763.0000	             -899
  763.2000	             -851
  763.4000	            27977
  763.6000	             -450
  763.8000	             -768
  764.0000	             -877
  764.2000	             -902
  764.4000	             -875
  764.6000	             -899
  764.8000	             -921
  765.0000	            -1020
  765.2000	            -1002
  765.4000	             -838
  765.6000	            -1023
  765.8000	             -975
  766.0000	             -869
  766.2000	             -987
  766.4000	             -861
  766.6000	             -949
  766.8000	             -864
  767.0000	             -860
  767.2000	             -841
  767.4000	             -909
  767.6000	             -792
  767.8000	             -892
  768.0000	             -791
  768.2000	             -793
  768.4000	             -758
  768.6000	             -775
  768.8000	             -688
  769.0000	             -818
  769.2000	             -647
  769.4000	             -803
  769.6000	             -387
  769.8000	             -784
  770.0000	             -786
  770.2000	             -331
  770.4000	             -649
  770.6000	             -590
  770.8000	             -533
  771.0000	             -628
  771.2000	             -416
  771.4000	             -602
  771.6000	             -869
  771.8000	             -547
  772.0000	             -669
  772.2000	             -158
  772.4000	            19506
  772.6000	             -524
  772.8000	             -671
  773.0000	             -401
  773.2000	             -760
  773.4000	             -584
  773.6000	             -567
  773.8000	             -278
  774.0000	             -834
  774.2000	             -883
  774.4000	             -791
  774.6000	             -784
  774.8000	             -697
  775.0000	             -673
  775.2000	             -372
  775.4000	             -967
  775.6000	            -1011
  775.8000	             -980
  776.0000	            -1024
  776.2000	             -975
  776.4000	             -951
  776.6000	             -954
  776.8000	             -952
  777.0000	             -994
  777.2000	             -945
  777.4000	             -869
  777.6000	            -1016
  777.8000	            -1073
  778.0000	            -1086
  778.2000	            -1027
  778.4000	            -1047
  778.6000	            -1045
  778.8000	            -1061
  779.0000	            -1057
  779.2000	            -1045
  779.4000	            -1063
  779.6000	            -1054
  779.8000	            -1064
  780.0000	            -1103
  780.2000	            -1071
  780.4000	            -1029
  780.6000	            -1045
  780.8000	            -1071
  781.0000	            -1068
  781.2000	            -1047
  781.4000	            -1045
  781.6000	            -1044
  781.8000	            -1013
  782.0000	            -1060
  782.2000	            -1074
  782.4000	            -1064
  782.6000	            -1055
  782.8000	            -1018
  783.0000	            -1067
  783.2000	             -995
  783.4000	            -1044
  783.6000	            -1049
  783.8000	            -1063
  784.0000	            -1021
  784.2000	            -1045
  784.4000	            -1046
  784.6000	            -1050
  784.8000	            -1023
  785.0000	            -1032
  785.2000	            -1076
  785.4000	            -1057
  785.6000	            -1028
  785.8000	            -1045
  786.0000	            -1031
  786.2000	            -1050
  786.4000	            -1054
  786.6000	            -1045
  786.8000	            -1002
  787.0000	            -1030
  787.2000	            -1072
  787.4000	            -1068
  787.6000	            -1045
  787.8000	            -1052
  788.0000	            -1041
  788.2000	            -1049
  788.4000	            -1081
  788.6000	            -1054
  788.8000	            -1027
  789.0000	            -1065
  789.2000	            -1092
  789.4000	            -1058
  789.6000	            -1071
  789.8000	            -1087
  790.0000	            -1042
  790.2000	            -1027
  790.4000	            -1081
  790.6000	            -1089
  790.8000	            -1042
  791.0000	            -1100
  791.2000	            -1052
  791.4000	            -1062
  791.6000	            -1077
  791.8000	            -1060
  792.0000	            -1094
  792.2000	            -1076
  792.4000	            -1054
  792.6000	            -1084
  792.8000	            -1065
  793.0000	            -1055
  793.2000	            -1065
  793.4000	            -1045
  793.6000	            -1045
  793.8000	            -1062
  794.0000	            -1091
  794.2000	            -1081
  794.4000	            -1068
  794.6000	             -944
  794.8000	            14720
  795.0000	            -1004
  795.2000	            -1066
  795.4000	            -1045
  795.6000	            -1048
  795.8000	            -1054
  796.0000	            -1072
  796.2000	            -1047
  796.4000	            -1047
  796.6000	            -1051
  796.8000	            -1081
  797.0000	            -1032
  797.2000	            -1045
  797.4000	            -1076
  797.6000	            -1074
  797.8000	            -1051
  798.0000	            -1052
  798.2000	            -1051
  798.4000	            -1052
  798.6000	            -1060
  798.8000	            -1070
  799.0000	            -1073
  799.2000	            -1054
  799.4000	            -1019
  799.6000	            -1029
  799.8000	            -1048
  800.0000	            -1057
  800.2000	            -1066
  800.4000	             -963
  800.6000	             3617
  800.8000	            -1046
  801.0000	            -1044
  801.2000	            -1047
  801.4000	             4909
  801.6000	            -1018
  801.8000	            -1029
  802.0000	            -1052
  802.2000	            -1063
  802.4000	            -1016
  802.6000	            -1058
  802.8000	            -1037
  803.0000	             -991
  803.2000	            -1051
  803.4000	            -1064
  803.6000	            -1066
  803.8000	            -1046
  804.0000	            -1068
  804.2000	            -1047
  804.4000	            -1008
  804.6000	             -972
  804.8000	            -1057
  805.0000	            -1051
