  500.0000	             -164
  500.2000	             -436
  500.4000	              -25
  500.6000	             -216
  500.8000	             1447
  501.0000	               64
  501.2000	              193
  501.4000	              217
  501.6000	             4926
  501.8000	              169
  502.0000	              145
  502.2000	              127
  502.4000	              190
  502.6000	              255
  502.8000	              370
  503.0000	             1030
  503.2000	              499
  503.4000	             -529
  503.6000	             -433
  503.8000	             -565
  504.0000	             -373
  504.2000	             -506
  504.4000	             -312
  504.6000	             -526
  504.8000	             -280
  505.0000	             -420
  505.2000	             -419
  505.4000	             -268
  505.6000	             -298
  505.8000	             -236
  506.0000	              116
  506.2000	             1139
  506.4000	              -91
  506.6000	              180
  506.8000	             -254
  507.0000	             -303
  507.2000	             -432
  507.4000	             -398
  507.6000	             -162
  507.8000	             -585
  508.0000	             -555
  508.2000	             -613
  508.4000	             -613
  508.6000	             -464
  508.8000	             -633
  509.0000	              898
  509.2000	             -577
  509.4000	             -694
  509.6000	             -592
  509.8000	             -431
  510.0000	             -713
  510.2000	             -682
  510.4000	             -434
  510.6000	             -575
  510.8000	             -651
  511.0000	             -515
  511.2000	             -661
  511.4000	             -601
  511.6000	             -441
  511.8000	             -431
  512.0000	             -403
  512.2000	             -541
  512.4000	             -472
  512.6000	             -196
  512.8000	             -401
  513.0000	             -420
  513.2000	             -488
  513.4000	             -357
  513.6000	             -439
  513.8000	             -401
  514.0000	             -281
  514.2000	              495
  514.4000	              459
  514.6000	             -115
  514.8000	              603
  515.0000	             -212
  515.2000	             -301
  515.4000	             -271
  515.6000	             -536
  515.8000	             -445
  516.0000	             -327
  516.2000	             1691
  516.4000	             -159
  516.6000	              304
  516.8000	             -175
  517.0000	             -211
  517.2000	             -157
  517.4000	             -152
  517.6000	              297
  517.8000	              339
  518.0000	              127
  518.2000	             -240
  518.4000	             -457
  518.6000	             -554
  518.8000	              681
  519.0000	             -613
  519.2000	             -413
  519.4000	             -313
  519.6000	             -372
  519.8000	             -676
  520.0000	             -519
  520.2000	             -486
  520.4000	             -212
  520.6000	             -503
  520.8000	             -196
  521.0000	             -438
  521.2000	             -289
  521.4000	             -373
  521.6000	              -42
  521.8000	             -483
  522.0000	             -185
  522.2000	             -365
  522.4000	             -322
  522.6000	              147
  522.8000	              436
  523.0000	             -729
  523.2000	             -649
  523.4000	             -788
  523.6000	             -691
  523.8000	             -785
  524.0000	             -696
  524.2000	             -791
  524.4000	             -828
  524.6000	             -767
  524.8000	             -797
  525.0000	             -703
  525.2000	             -312
  525.4000	             -602
  525.6000	             -749
  525.8000	             -704
  526.0000	             -777
  526.2000	             -763
  526.4000	             -569
  526.6000	             -671
  526.8000	             -571
  527.0000	             -633
  527.2000	             -670
  527.4000	             -529
  527.6000	             -591
  527.8000	             -561
  528.0000	             -607
  528.2000	             -489
  528.4000	             -577
  528.6000	             -411
  528.8000	             -585
  529.0000	             -445
  529.2000	             -470
  529.4000	             -421
  529.6000	             -305
  529.8000	             -281
  530.0000	             -230
  530.2000	             -303
  530.4000	             -264
  530.6000	              -62
  530.8000	              117
  531.0000	             -324
  531.2000	             -542
  531.4000	             -590
  531.6000	             -645
  531.8000	             -651
  532.0000	             -681
  532.2000	             -791
  532.4000	             -710
  532.6000	             -677
  532.8000	             -724
  533.0000	             -790
  533.2000	             -872
  533.4000	             -866
  533.6000	             -879
  533.8000	             -778
  534.0000	             -811
  534.2000	             -861
  534.4000	             -791
  534.6000	             -791
  534.8000	             -814
  535.0000	             -770
  535.2000	             -835
  535.4000	             -876
  535.6000	             -815
  535.8000	             -443
  536.0000	             -770
  536.2000	             -709
  536.4000	             -692
  536.6000	             -645
  536.8000	             -772
  537.0000	             -763
  537.2000	             -487
  537.4000	             -759
  537.6000	             -809
  537.8000	             -785
  538.0000	             -762
  538.2000	             -629
  538.4000	             -572
  538.6000	             -703
  538.8000	             -586
  539.0000	             -669
  539.2000	             -661
  539.4000	             -607
  539.6000	             -579
  539.8000	             -545
  540.0000	             -646
  540.2000	             -586
  540.4000	             -628
  540.6000	             -330
  540.8000	             -789
  541.0000	             -583
  541.2000	             -620
  541.4000	             -662
  541.6000	             -570
  541.8000	             -613
  542.0000	             -365
  542.2000	             -445
  542.4000	             -674
  542.6000	             -595
  542.8000	             -563
  543.0000	             -616
  543.2000	             -549
  543.4000	             -555
  543.6000	             -441
  543.8000	             -543
  544.0000	             -417
  544.2000	             -245
  544.4000	             -548
  544.6000	             -571
  544.8000	             -456
  545.0000	             -205
  545.2000	             -368
  545.4000	             -416
  545.6000	             -302
  545.8000	             -496
  546.0000	             -670
  546.2000	             -622
  546.4000	             -562
  546.6000	             -579
  546.8000	             -572
  547.0000	             -630
  547.2000	             -391
  547.4000	             -669
  547.6000	             -485
  547.8000	             -569
  548.0000	             -724
  548.2000	             -576
  548.4000	             -714
  548.6000	             -683
  548.8000	             -634
  549.0000	             -661
  549.2000	             -589
  549.4000	             -195
  549.6000	             -288
  549.8000	             -609
  550.0000	             -662
  550.2000	             -610
  550.4000	             -646
  550.6000	             -337
  550.8000	             -682
  551.0000	             -719
  551.2000	             -697
  551.4000	             -413
  551.6000	             -823
  551.8000	             -651
  552.0000	             -783
  552.2000	             -774
  552.4000	             -486
  552.6000	             -718
  552.8000	             -728
  553.0000	             -819
  553.2000	             -791
  553.4000	             -652
  553.6000	             -783
  553.8000	             -839
  554.0000	             -700
  554.2000	             -843
  554.4000	             -657
  554.6000	             -714
  554.8000	             -763
  555.0000	             -795
  555.2000	             -628
  555.4000	             -513
  555.6000	             -721
  555.8000	             1065
  556.0000	             -650
  556.2000	             -644
  556.4000	             -721
  556.6000	             -734
  556.8000	             -655
  557.0000	             -662
  557.2000	              102
  557.4000	             -701
  557.6000	             -633
  557.8000	             -618
  558.0000	             -761
  558.2000	             -707
  558.4000	             -749
  558.6000	             -756
  558.8000	             -673
  559.0000	             -771
  559.2000	             -765
  559.4000	             -796
  559.6000	             -683
  559.8000	             -728
  560.0000	             -766
  560.2000	             -883
  560.4000	             -880
  560.6000	             1110
  560.8000	             -839
  561.0000	             -932
  561.2000	             -919
  561.4000	             -861
  561.6000	             -937
  561.8000	             -875
  562.0000	             -966
  562.2000	             -892
  562.4000	             -918
  562.6000	             -915
  562.8000	            -1000
  563.0000	             -946
  563.2000	             -954
  563.4000	             -927
  563.6000	             -891
  563.8000	             -934
  564.0000	             -924
  564.2000	             -980
  564.4000	             -997
  564.6000	             -975
  564.8000	             -797
  565.0000	             -201
  565.2000	             -899
  565.4000	             -857
  565.6000	             -978
  565.8000	             -898
  566.0000	             -925
  566.2000	             -980
  566.4000	             -938
  566.6000	             -914
  566.8000	             -970
  567.0000	             -956
  567.2000	             -922
  567.4000	             -982
  567.6000	             -879
  567.8000	             -912
  568.0000	             -912
  568.2000	             -791
  568.4000	             -901
  568.6000	             -957
  568.8000	             -913
  569.0000	             -729
  569.2000	             -869
  569.4000	             -928
  569.6000	             -883
  569.8000	             -883
  570.0000	             -913
  570.2000	             -947
  570.4000	             -869
  570.6000	             -752
  570.8000	             -919
  571.0000	             -865
  571.2000	             -829
  571.4000	             -842
  571.6000	             -829
  571.8000	             -761
  572.0000	             -706
  572.2000	             -696
  572.4000	             -726
  572.6000	             -605
  572.8000	             -617
  573.0000	             -587
  573.2000	             -488
  573.4000	             -718
  573.6000	             -644
  573.8000	             -401
  574.0000	             -462
  574.2000	             -458
  574.4000	             -605
  574.6000	             -407
  574.8000	             -559
  575.0000	             -653
  575.2000	             -503
  575.4000	             -223
  575.6000	             -791
  575.8000	             -648
  576.0000	             -680
  576.2000	             -723
  576.4000	             -714
  576.6000	             -647
  576.8000	             -632
  577.0000	             -589
  577.2000	             -259
  577.4000	             -365
  577.6000	             -437
  577.8000	             -496
  578.0000	             -395
  578.2000	             -406
  578.4000	             -472
  578.6000	             -427
  578.8000	             -449
  579.0000	             -356
  579.2000	             -288
  579.4000	             -468
  579.6000	             -164
  579.8000	             -519
  580.0000	             -486
  580.2000	              -69
  580.4000	             -421
  580.6000	             -635
  580.8000	             -547
  581.0000	             -671
  581.2000	             -296
  581.4000	             -488
  581.6000	             -353
  581.8000	             -466
  582.0000	             -418
  582.2000	             -469
  582.4000	             -291
  582.6000	             -288
  582.8000	             -243
  583.0000	             -229
  583.2000	             -365
  583.4000	              134
  583.6000	             -428
  583.8000	             -388
  584.0000	             -340
  584.2000	             -234
  584.4000	             -444
  584.6000	              -25
  584.8000	             -602
  585.0000	             -570
  585.2000	             -370
  585.4000	             -261
  585.6000	             -716
  585.8000	             -618
  586.0000	             -230
  586.2000	             -478
  586.4000	             -494
  586.6000	             -512
  586.8000	             -566
  587.0000	             -556
  587.2000	             -425
  587.4000	             -415
  587.6000	             -366
  587.8000	             -387
  588.0000	             -413
  588.2000	              149
  588.4000	             -575
  588.6000	             -414
  588.8000	              349
  589.0000	             -406
  589.2000	             -479
  589.4000	             -297
  589.6000	             -318
  589.8000	             -110
  590.0000	             -562
  590.2000	             -459
  590.4000	             -188
  590.6000	             -688
  590.8000	             -767
  591.0000	             -675
  591.2000	              548
  591.4000	             -522
  591.6000	             -585
  591.8000	             -597
  592.0000	             -601
  592.2000	             -608
  592.4000	             -475
  592.6000	             -441
  592.8000	              205
  593.0000	             -423
  593.2000	             -445
  593.4000	             -257
  593.6000	             -592
  593.8000	             -515
  594.0000	             -537
  594.2000	             -417
  594.4000	             -442
  594.6000	             -220
  594.8000	             -508
  595.0000	             -199
  595.2000	             -639
  595.4000	             -634
  595.6000	             -439
  595.8000	              102
  596.0000	             -817
  596.2000	             -770
  596.4000	             -735
  596.6000	             -760
  596.8000	             -697
  597.0000	             -681
  597.2000	             -597
  597.4000	             -557
  597.6000	             -408
  597.8000	             -564
  598.0000	             -550
  598.2000	             -482
  598.4000	             -441
  598.6000	             -486
  598.8000	             -289
  599.0000	             -716
  599.2000	             -652
  599.4000	             -620
  599.6000	             -635
  599.8000	             -433
  600.0000	             -472
  600.2000	             -697
  600.4000	             -379
  600.6000	             -512
  600.8000	             -629
  601.0000	             -648
  601.2000	             -157
  601.4000	             -897
  601.6000	             -781
  601.8000	             -744
  602.0000	             -812
  602.2000	             -696
  602.4000	             -633
  602.6000	             -696
  602.8000	             -761
  603.0000	             -620
  603.2000	             1271
  603.4000	             -727
  603.6000	             -649
  603.8000	             -641
  604.0000	             -628
  604.2000	             -147
  604.4000	             -406
  604.6000	             -663
  604.8000	             -769
  605.0000	             -683
  605.2000	             -575
  605.4000	             -699
  605.6000	             -533
  605.8000	             -592
  606.0000	             -591
  606.2000	             -636
  606.4000	             -714
  606.6000	             -749
  606.8000	             -334
  607.0000	             -934
  607.2000	             -912
  607.4000	             -940
  607.6000	             -919
  607.8000	             -879
  608.0000	             -818
  608.2000	             -914
  608.4000	             -848
  608.6000	             -867
  608.8000	             -863
  609.0000	             -782
  609.2000	             -878
  609.4000	             -862
  609.6000	             -798
  609.8000	             -511
  610.0000	             -824
  610.2000	             -746
  610.4000	             -690
  610.6000	             -848
  610.8000	             -817
  611.0000	             -869
  611.2000	             -855
  611.4000	              642
  611.6000	             -864
  611.8000	             -730
  612.0000	             -846
  612.2000	             -899
  612.4000	             -911
  612.6000	             -639
  612.8000	             -977
  613.0000	             -997
  613.2000	             -988
  613.4000	             -987
  613.6000	             -932
  613.8000	             -878
  614.0000	             -983
  614.2000	             -917
  614.4000	             -837
  614.6000	             -916
  614.8000	             -934
  615.0000	             -945
  615.2000	             -873
  615.4000	             -830
  615.6000	             -928
  615.8000	             -913
  616.0000	             -903
  616.2000	             -969
  616.4000	             -940
  616.6000	             -928
  616.8000	             -913
  617.0000	             -737
  617.2000	              561
  617.4000	             -887
  617.6000	             -927
  617.8000	             -859
  618.0000	             -987
  618.2000	             -951
  618.4000	             -856
  618.6000	             -869
  618.8000	             -982
  619.0000	            -1023
  619.2000	             -980
  619.4000	             -997
  619.6000	             -995
  619.8000	             -970
  620.0000	             -960
  620.2000	             -982
  620.4000	             -987
  620.6000	            -1024
  620.8000	             -957
  621.0000	             -980
  621.2000	             -791
  621.4000	             -944
  621.6000	             -725
  621.8000	             -925
  622.0000	             -854
  622.2000	             -875
  622.4000	             -890
  622.6000	             -828
  622.8000	             -924
  623.0000	             -908
  623.2000	             -905
  623.4000	             -896
  623.6000	             -896
  623.8000	             -928
  624.0000	             -926
  624.2000	             -705
  624.4000	             -952
  624.6000	             -943
  624.8000	             -934
  625.0000	             -905
  625.2000	             -807
  625.4000	            -1019
  625.6000	             -978
  625.8000	             -933
  626.0000	             -972
  626.2000	             -970
  626.4000	             -950
  626.6000	             -918
  626.8000	             -997
  627.0000	             -950
  627.2000	             -915
  627.4000	             -862
  627.6000	             -879
  627.8000	             -948
  628.0000	             -845
  628.2000	             -775
  628.4000	             -776
  628.6000	             -822
  628.8000	             -779
  629.0000	             -755
  629.2000	             -828
  629.4000	             -718
  629.6000	             -557
  629.8000	             -792
  630.0000	             -791
  630.2000	             -801
  630.4000	             -795
  630.6000	             -766
  630.8000	             -652
  631.0000	             -833
  631.2000	             -599
  631.4000	             -913
  631.6000	             -877
  631.8000	             -841
  632.0000	             -828
  632.2000	             -649
  632.4000	             -975
  632.6000	             -839
  632.8000	             -903
  633.0000	             -934
  633.2000	             -785
  633.4000	             -838
  633.6000	             -854
  633.8000	             -926
  634.0000	             -882
  634.2000	             -752
  634.4000	             -839
  634.6000	             -909
  634.8000	             -844
  635.0000	             -712
  635.2000	             -771
  635.4000	             -782
  635.6000	             -849
  635.8000	             -645
  636.0000	             -607
  636.2000	             -602
  636.4000	             -644
  636.6000	             -553
  636.8000	             -753
  637.0000	             -696
  637.2000	             -711
  637.4000	             -697
  637.6000	             -642
  637.8000	             -608
  638.0000	             -813
  638.2000	             -638
  638.4000	             -203
  638.6000	             -790
  638.8000	             -814
  639.0000	             -619
  639.2000	             -748
  639.4000	             -508
  639.6000	             -960
  639.8000	             -806
  640.0000	             -888
  640.2000	             -873
  640.4000	             -762
  640.6000	             -842
  640.8000	             -814
  641.0000	             -913
  641.2000	             -807
  641.4000	             -724
  641.6000	               62
  641.8000	             -878
  642.0000	             -587
  642.2000	             -706
  642.4000	             -720
  642.6000	             -717
  642.8000	             -560
  643.0000	             -592
  643.2000	             -589
  643.4000	             -565
  643.6000	             -609
  643.8000	             -486
  644.0000	             -425
  644.2000	             -476
  644.4000	             -714
  644.6000	             -593
  644.8000	             -579
  645.0000	             -536
  645.2000	             -481
  645.4000	             -719
  645.6000	             -408
  645.8000	             -281
  646.0000	             -680
  646.2000	             -806
  646.4000	             -597
  646.6000	             -439
  646.8000	             -345
  647.0000	             -977
  647.2000	             -707
  647.4000	             -891
  647.6000	             -811
  647.8000	             -708
  648.0000	             -757
  648.2000	             -459
  648.4000	             -718
  648.6000	             -871
  648.8000	             -807
  649.0000	             -835
  649.2000	             -699
  649.4000	             -558
  649.6000	             -856
  649.8000	             -613
  650.0000	             -554
  650.2000	             -643
  650.4000	             -664
  650.6000	             -445
  650.8000	             -416
  651.0000	             -371
  651.2000	             -486
  651.4000	             -370
  651.6000	             -475
  651.8000	             -425
  652.0000	             -544
  652.2000	             -549
  652.4000	             -510
  652.6000	             -465
  652.8000	             -309
  653.0000	             -747
  653.2000	             -290
  653.4000	             -152
  653.6000	             -677
  653.8000	             -622
  654.0000	             -458
  654.2000	             -512
  654.4000	              -71
  654.6000	             -968
  654.8000	             -725
  655.0000	             -857
  655.2000	             -643
  655.4000	             -789
  655.6000	             -770
  655.8000	             -683
  656.0000	             -563
  656.2000	             -347
  656.4000	             -423
  656.6000	             -641
  656.8000	             -831
  657.0000	             -764
  657.2000	             -393
  657.4000	             -627
  657.6000	             -584
  657.8000	             -532
  658.0000	             -198
  658.2000	             -509
  658.4000	             -205
  658.6000	             -232
  658.8000	             -330
  659.0000	             -223
  659.2000	             -171
  659.4000	             -349
  659.6000	             -418
  659.8000	             -434
  660.0000	             -387
  660.2000	             -373
  660.4000	             -233
  660.6000	             -152
  660.8000	             -669
  661.0000	             -309
  661.2000	               87
  661.4000	             -622
  661.6000	             -609
  661.8000	             -587
  662.0000	             -448
  662.2000	               71
  662.4000	             -877
  662.6000	             -921
  662.8000	             -785
  663.0000	             -747
  663.2000	             -801
  663.4000	             -542
  663.6000	             -773
  663.8000	             -501
  664.0000	             -652
  664.2000	             -818
  664.4000	             -649
  664.6000	             -652
  664.8000	             -747
  665.0000	             -776
  665.2000	             -489
  665.4000	             -640
  665.6000	             -593
  665.8000	             -559
  666.0000	             -318
  666.2000	             -589
  666.4000	             -400
  666.6000	             -218
  666.8000	             -335
  667.0000	             -474
  667.2000	             -416
  667.4000	             -247
  667.6000	              395
  667.8000	             -583
  668.0000	             -458
  668.2000	             -515
  668.4000	             -197
  668.6000	             -467
  668.8000	             -277
  669.0000	             -636
  669.2000	             -320
  669.4000	              -89
  669.6000	             -687
  669.8000	             -735
  670.0000	             -508
  670.2000	             -449
  670.4000	             -229
  670.6000	            -1037
  670.8000	             -873
  671.0000	             -934
  671.2000	             -869
  671.4000	             -928
  671.6000	             -768
  671.8000	             -857
  672.0000	             -787
  672.2000	             -754
  672.4000	             -919
  672.6000	             -887
  672.8000	             -843
  673.0000	             -925
  673.2000	             -873
  673.4000	             -686
  673.6000	             -855
  673.8000	             -759
  674.0000	             -613
  674.2000	             -786
  674.4000	             -734
  674.6000	             -633
  674.8000	             -613
  675.0000	             -558
  675.2000	              -23
  675.4000	             -511
  675.6000	             -321
  675.8000	             -647
  676.0000	             -734
  676.2000	             -688
  676.4000	             -586
  676.6000	             -576
  676.8000	             -510
  677.0000	             -643
  677.2000	             -534
  677.4000	             -700
  677.6000	             -554
  677.8000	             -337
  678.0000	             -792
  678.2000	             -865
  678.4000	             -736
  678.6000	             -589
  678.8000	             -373
  679.0000	            -1051
  679.2000	            -1020
  679.4000	             -975
  679.6000	             -999
  679.8000	             -929
  680.0000	             -915
  680.2000	             -941
  680.4000	             -924
  680.6000	             -947
  680.8000	             -910
  681.0000	            -1011
  681.2000	             -973
  681.4000	             -970
  681.6000	             -964
  681.8000	             -961
  682.0000	             -960
  682.2000	             -950
  682.4000	             -884
  682.6000	             -941
  682.8000	             -886
  683.0000	             -977
  683.2000	             -864
  683.4000	             -905
  683.6000	             -902
  683.8000	             -818
  684.0000	             -888
  684.2000	             -796
  684.4000	             -880
  684.6000	             -992
  684.8000	             -922
  685.0000	             -842
  685.2000	             -887
  685.4000	             -888
  685.6000	             -926
  685.8000	             -803
  686.0000	             -928
  686.2000	             -875
  686.4000	             -664
  686.6000	            -1043
  686.8000	             -949
  687.0000	             -759
  687.2000	             -874
  687.4000	             -704
  687.6000	            -1047
  687.8000	            -1065
  688.0000	            -1051
  688.2000	            -1025
  688.4000	            -1079
  688.6000	            -1065
  688.8000	             -977
  689.0000	            -1045
  689.2000	            -1052
  689.4000	            -1055
  689.6000	            -1095
  689.8000	            -1129
  690.0000	            -1083
  690.2000	            -1066
  690.4000	            -1075
  690.6000	            -1098
  690.8000	            -1089
  691.0000	            -1089
  691.2000	            -1104
  691.4000	            -1085
  691.6000	            -1098
  691.8000	            -1109
  692.0000	            -1054
  692.2000	            -1070
  692.4000	            -1096
  692.6000	            -1093
  692.8000	            -1115
  693.0000	            -1058
  693.2000	            -1098
  693.4000	            -1093
  693.6000	            -1005
  693.8000	             -932
  694.0000	            -1051
  694.2000	            -1054
  694.4000	            -1057
  694.6000	            -1066
  694.8000	            -1076
  695.0000	            -1060
  695.2000	            -1091
  695.4000	            -1078
  695.6000	            -1063
  695.8000	            -1054
  696.0000	            -1022
  696.2000	            -1005
  696.4000	             3574
  696.6000	             -246
  696.8000	            -1039
  697.0000	            -1048
  697.2000	            -1045
  697.4000	            -1054
  697.6000	            -1089
  697.8000	            -1083
  698.0000	            -1061
  698.2000	            -1039
  698.4000	            -1059
  698.6000	            -1085
  698.8000	            -1052
  699.0000	            -1045
  699.2000	            -1009
  699.4000	            -1029
  699.6000	             -992
  699.8000	            -1049
  700.0000	            -1026
  700.2000	            -1029
  700.4000	            -1042
  700.6000	            -1045
  700.8000	            -1055
  701.0000	            -1037
  701.2000	            -1042
  701.4000	            -1053
  701.6000	            -1045
  701.8000	            -1050
  702.0000	            -1068
  702.2000	            -1078
  702.4000	            -1046
  702.6000	            -1010
  702.8000	            -1034
  703.0000	             -375
  703.2000	            -1077
  703.4000	            -1103
  703.6000	            -1059
  703.8000	            -1091
  704.0000	            -1024
  704.2000	            -1059
  704.4000	            -1027
  704.6000	            -1039
  704.8000	            -1047
  705.0000	            -1054
  705.2000	            -1067
  705.4000	            -1046
  705.6000	            -1072
  705.8000	            -1031
  706.0000	            -1016
  706.2000	            -1036
  706.4000	            -1027
  706.6000	             4272
  706.8000	             -437
  707.0000	             -973
  707.2000	            -1034
  707.4000	            -1025
  707.6000	            -1029
  707.8000	            -1054
  708.0000	            -1068
  708.2000	            -1085
  708.4000	            -1076
  708.6000	            -1030
  708.8000	            -1050
  709.0000	            -1072
  709.2000	            -1065
  709.4000	            -1047
  709.6000	            -1073
  709.8000	            -1069
  710.0000	            -1081
  710.2000	            -1049
  710.4000	            -1066
  710.6000	            -1028
  710.8000	            -1051
  711.0000	            -1091
  711.2000	            -1089
  711.4000	            -1073
  711.6000	            -1005
  711.8000	            -1106
  712.0000	            -1066
  712.2000	            -1089
  712.4000	            -1037
  712.6000	             -991
  712.8000	            -1045
  713.0000	            -1066
  713.2000	            -1050
  713.4000	            -1042
  713.6000	            -1090
  713.8000	            -1054
  714.0000	            -1063
  714.2000	            -1048
  714.4000	            -1079
  714.6000	             -516
  714.8000	            -1051
  715.0000	            -1047
  715.2000	            -1051
  715.4000	            -1091
  715.6000	            -1045
  715.8000	            -1043
  716.0000	            -1075
  716.2000	            -1016
  716.4000	             -995
  716.6000	            -1121
  716.8000	            -1062
  717.0000	            -1071
  717.2000	            -1078
  717.4000	            -1090
  717.6000	            -1083
  717.8000	            -1064
  718.0000	            -1086
  718.2000	            -1089
  718.4000	            -1095
  718.6000	            -1066
  718.8000	            -1014
  719.0000	            -1084
  719.2000	            -1009
  719.4000	            -1092
  719.6000	            -1035
  719.8000	            -1085
  720.0000	            -1016
  720.2000	            -1040
  720.4000	            -1073
  720.6000	             -880
  720.8000	            -1030
  721.0000	             -995
  721.2000	            -1032
  721.4000	            -1052
  721.6000	             -980
  721.8000	            -1020
  722.0000	            -1027
  722.2000	            -1054
  722.4000	             -884
  722.6000	            -1011
  722.8000	             -977
  723.0000	             -995
  723.2000	             -954
  723.4000	             -959
  723.6000	             -933
  723.8000	             -932
  724.0000	             -992
  724.2000	            -1025
  724.4000	             -984
  724.6000	             -958
  724.8000	             -955
  725.0000	             -987
  725.2000	             -968
  725.4000	             -995
  725.6000	            -1004
  725.8000	             -992
  726.0000	             -906
  726.2000	            -1053
  726.4000	            -1027
  726.6000	             -990
  726.8000	            -1009
  727.0000	            -1009
  727.2000	              522
  727.4000	            -1038
  727.6000	            -1090
  727.8000	            -1055
  728.0000	            -1048
  728.2000	            -1017
  728.4000	            -1009
  728.6000	            -1046
  728.8000	             -932
  729.0000	             -992
  729.2000	            -1029
  729.4000	            -1048
  729.6000	            -1047
  729.8000	            -1004
  730.0000	            -1085
  730.2000	             -984
  730.4000	            -1045
  730.6000	             -991
  730.8000	            -1059
  731.0000	            -1003
  731.2000	             -863
  731.4000	             -915
  731.6000	             -948
  731.8000	             -907
  732.0000	             -921
  732.2000	             -968
  732.4000	             -940
  732.6000	            -1059
  732.8000	             -806
  733.0000	             -944
  733.2000	             -899
  733.4000	             -995
  733.6000	             -755
  733.8000	             -884
  734.0000	             -828
  734.2000	             -856
  734.4000	             -828
  734.6000	             -807
  734.8000	             -889
  735.0000	             -749
  735.2000	             -829
  735.4000	             -961
  735.6000	             -908
  735.8000	             -884
  736.0000	             -885
  736.2000	             -936
  736.4000	             -843
  736.6000	             -901
  736.8000	             -916
  737.0000	             -843
  737.2000	             -279
  737.4000	             -879
  737.6000	             -978
  737.8000	             -884
  738.0000	             -928
  738.2000	             -657
  738.4000	            14672
  738.6000	             -733
  738.8000	            -1011
  739.0000	            -1011
  739.2000	             -919
  739.4000	            -1023
  739.6000	             -982
  739.8000	             -991
  740.0000	             -973
  740.2000	             -875
  740.4000	             -962
  740.6000	            -1011
  740.8000	             -999
  741.0000	            -1032
  741.2000	             -880
  741.4000	            -1029
  741.6000	            -1000
  741.8000	             -920
  742.0000	             -900
  742.2000	             -932
  742.4000	             -979
  742.6000	             -926
  742.8000	             -931
  743.0000	             -959
  743.2000	             -978
  743.4000	             -925
  743.6000	             -776
  743.8000	             -899
  744.0000	             -784
  744.2000	             -782
  744.4000	             -801
  744.6000	             -841
  744.8000	             -761
  745.0000	             -913
  745.2000	             -653
  745.4000	             -816
  745.6000	             -623
  745.8000	             -802
  746.0000	             -654
  746.2000	             -687
  746.4000	             -789
  746.6000	             -572
  746.8000	             -661
  747.0000	             -881
  747.2000	             -683
  747.4000	             -781
  747.6000	             -774
  747.8000	             -786
  748.0000	             -711
  748.2000	             -649
  748.4000	             -865
  748.6000	             -814
  748.8000	             -713
  749.0000	             -572
  749.2000	             -905
  749.4000	             -869
  749.6000	             -821
  749.8000	             -758
  750.0000	             -718
  750.2000	             3910
  750.4000	            49068
  750.6000	             -639
  750.8000	             -806
  751.0000	             -783
  751.2000	             -778
  751.4000	            15502
  751.6000	             -765
  751.8000	             -889
  752.0000	             -775
  752.2000	             -916
  752.4000	             -957
  752.6000	             -911
  752.8000	             -983
  753.0000	             -911
  753.2000	             -954
  753.4000	            -1026
  753.6000	             -862
  753.8000	            -1010
  754.0000	             -854
  754.2000	             -973
  754.4000	             -914
  754.6000	             -928
  754.8000	             -809
  755.0000	             -992
  755.2000	             -879
  755.4000	             -927
  755.6000	             -868
  755.8000	             -945
  756.0000	             -839
  756.2000	             -753
  756.4000	             -807
  756.6000	             -883
  756.8000	             -753
  757.0000	             -843
  757.2000	             -596
  757.4000	             -835
  757.6000	             -677
  757.8000	             -854
  758.0000	             -687
  758.2000	             -847
  758.4000	             -761
  758.6000	             -607
  758.8000	             -829
  759.0000	             -951
  759.2000	             -738
  759.4000	             -778
  759.6000	             -784
  759.8000	             -705
  760.0000	             -699
  760.2000	             -763
  760.4000	             -760
  760.6000	             -874
  760.8000	             -745
  761.0000	             -761
  761.2000	             -629
  761.4000	             -948
  761.6000	             -888
  761.8000	             -906
  762.0000	             -827
  762.2000	             -867
  762.4000	             -705
  762.6000	             -811
  762.8000	            -1044
  763.0000	             -994
  763.2000	             -880
  763.4000	            11904
  763.6000	             -763
  763.8000	             -857
  764.0000	             -941
  764.2000	             -962
  764.4000	             -953
  764.6000	             -927
  764.8000	             -994
  765.0000	            -1076
  765.2000	            -1021
  765.4000	             -855
  765.6000	            -1014
  765.8000	            -1023
  766.0000	             -872
  766.2000	             -977
  766.4000	             -906
  766.6000	             -985
  766.8000	             -959
  767.0000	             -916
  767.2000	             -851
  767.4000	             -982
  767.6000	             -839
  767.8000	             -893
  768.0000	             -849
  768.2000	             -868
  768.4000	             -872
  768.6000	             -778
  768.8000	             -765
  769.0000	             -822
  769.2000	             -755
  769.4000	             -828
  769.6000	             -447
  769.8000	             -834
  770.0000	             -814
  770.2000	             -401
  770.4000	             -723
  770.6000	             -683
  770.8000	             -570
  771.0000	             -761
  771.2000	             -484
  771.4000	             -733
  771.6000	             -951
  771.8000	             -579
  772.0000	             -707
  772.2000	             -441
  772.4000	             9445
  772.6000	             -572
  772.8000	             -761
  773.0000	             -519
  773.2000	             -834
  773.4000	             -707
  773.6000	             -679
  773.8000	             -373
  774.0000	             -905
  774.2000	             -913
  774.4000	             -885
  774.6000	             -875
  774.8000	             -824
  775.0000	             -696
  775.2000	             -539
  775.4000	            -1026
  775.6000	            -1026
  775.8000	            -1031
  776.0000	            -1055
  776.2000	            -1035
  776.4000	             -998
  776.6000	             -970
  776.8000	            -1033
  777.0000	            -1012
  777.2000	             -865
  777.4000	             -919
  777.6000	            -1082
  777.8000	            -1101
  778.0000	            -1116
  778.2000	            -1098
  778.4000	            -1084
  778.6000	            -1079
  778.8000	            -1062
  779.0000	            -1119
  779.2000	            -1065
  779.4000	            -1105
  779.6000	            -1113
  779.8000	            -1071
  780.0000	            -1110
  780.2000	            -1085
  780.4000	            -1101
  780.6000	            -1103
  780.8000	            -1055
  781.0000	            -1104
  781.2000	            -1079
  781.4000	            -1084
  781.6000	            -1073
  781.8000	            -1071
  782.0000	            -1065
  782.2000	            -1084
  782.4000	            -1076
  782.6000	            -1100
  782.8000	            -1107
  783.0000	            -1130
  783.2000	            -1116
  783.4000	            -1083
  783.6000	            -1134
  783.8000	            -1101
  784.0000	            -1065
  784.2000	            -1089
  784.4000	            -1122
  784.6000	            -1102
  784.8000	            -1086
  785.0000	            -1075
  785.2000	            -1075
  785.4000	            -1106
  785.6000	            -1105
  785.8000	            -1115
  786.0000	            -1116
  786.2000	            -1088
  786.4000	            -1070
  786.6000	            -1069
  786.8000	            -1070
  787.0000	            -1099
  787.2000	            -1105
  787.4000	            -1092
  787.6000	            -1114
  787.8000	            -1123
  788.0000	            -1125
  788.2000	            -1105
  788.4000	            -1102
  788.6000	            -1104
  788.8000	            -1100
  789.0000	            -1055
  789.2000	            -1057
  789.4000	            -1087
  789.6000	            -1066
  789.8000	            -1100
  790.0000	            -1085
  790.2000	            -1098
  790.4000	            -1089
  790.6000	            -1071
  790.8000	            -1083
  791.0000	            -1106
  791.2000	            -1092
  791.4000	            -1116
  791.6000	            -1131
  791.8000	            -1127
  792.0000	            -1144
  792.2000	            -1109
  792.4000	            -1113
  792.6000	            -1116
  792.8000	            -1115
  793.0000	            -1122
  793.2000	            -1107
  793.4000	            -1116
  793.6000	            -1098
  793.8000	            -1104
  794.0000	            -1121
  794.2000	            -1105
  794.4000	            -1057
  794.6000	            -1048
  794.8000	             5792
  795.0000	            -1083
  795.2000	            -1103
  795.4000	            -1070
  795.6000	            -1105
  795.8000	            -1077
  796.0000	            -1105
  796.2000	            -1108
  796.4000	            -1064
  796.6000	            -1121
  796.8000	            -1056
  797.0000	            -1116
  797.2000	            -1089
  797.4000	            -1124
  797.6000	            -1089
  797.8000	            -1129
  798.0000	            -1091
  798.2000	            -1105
  798.4000	            -1105
  798.6000	            -1105
  798.8000	            -1101
  799.0000	            -1086
  799.2000	            -1067
  799.4000	            -1077
  799.6000	            -1107
  799.8000	            -1072
  800.0000	            -1110
