  500.0000	             -185
  500.2000	             -392
  500.4000	               70
  500.6000	             -222
  500.8000	             1474
  501.0000	               -1
  501.2000	              217
  501.4000	              225
  501.6000	             4842
  501.8000	              199
  502.0000	              161
  502.2000	              154
  502.4000	              205
  502.6000	              229
  502.8000	              310
  503.0000	             1082
  503.2000	              539
  503.4000	             -524
  503.6000	             -527
  503.8000	             -633
  504.0000	             -399
  504.2000	             -517
  504.4000	             -291
  504.6000	             -561
  504.8000	             -300
  505.0000	             -414
  505.2000	             -457
  505.4000	             -320
  505.6000	             -290
  505.8000	             -208
  506.0000	               67
  506.2000	             1116
  506.4000	             -126
  506.6000	              137
  506.8000	             -222
  507.0000	             -301
  507.2000	             -456
  507.4000	             -384
  507.6000	             -126
  507.8000	             -522
  508.0000	             -585
  508.2000	             -601
  508.4000	             -573
  508.6000	             -553
  508.8000	             -662
  509.0000	              955
  509.2000	             -590
  509.4000	             -710
  509.6000	             -590
  509.8000	             -393
  510.0000	             -686
  510.2000	             -682
  510.4000	             -484
  510.6000	             -687
  510.8000	             -643
  511.0000	             -511
  511.2000	             -591
  511.4000	             -565
  511.6000	             -418
  511.8000	             -339
  512.0000	             -427
  512.2000	             -467
  512.4000	             -470
  512.6000	             -217
  512.8000	             -467
  513.0000	             -395
  513.2000	             -483
  513.4000	             -386
  513.6000	             -418
  513.8000	             -356
  514.0000	             -281
  514.2000	              581
  514.4000	              445
  514.6000	             -151
  514.8000	              557
  515.0000	             -238
  515.2000	             -324
  515.4000	             -261
  515.6000	             -547
  515.8000	             -440
  516.0000	             -355
  516.2000	             1795
  516.4000	             -187
  516.6000	              356
  516.8000	             -149
  517.0000	             -225
  517.2000	             -127
  517.4000	             -190
  517.6000	              235
  517.8000	              323
  518.0000	              109
  518.2000	             -240
  518.4000	             -427
  518.6000	             -552
  518.8000	              703
  519.0000	             -571
  519.2000	             -444
  519.4000	             -297
  519.6000	             -358
  519.8000	             -572
  520.0000	             -456
  520.2000	             -431
  520.4000	             -125
  520.6000	             -499
  520.8000	             -204
  521.0000	             -476
  521.2000	             -287
  521.4000	             -388
  521.6000	              -17
  521.8000	             -497
  522.0000	             -184
  522.2000	             -357
  522.4000	             -334
  522.6000	              104
  522.8000	              417
  523.0000	             -730
  523.2000	             -704
  523.4000	             -800
  523.6000	             -710
  523.8000	             -681
  524.0000	             -767
  524.2000	             -784
  524.4000	             -833
  524.6000	             -728
  524.8000	             -864
  525.0000	             -726
  525.2000	             -384
  525.4000	             -607
  525.6000	             -703
  525.8000	             -802
  526.0000	             -751
  526.2000	             -750
  526.4000	             -545
  526.6000	             -646
  526.8000	             -652
  527.0000	             -673
  527.2000	             -645
  527.4000	             -496
  527.6000	             -622
  527.8000	             -587
  528.0000	             -530
  528.2000	             -465
  528.4000	             -576
  528.6000	             -400
  528.8000	             -585
  529.0000	             -413
  529.2000	             -426
  529.4000	             -440
  529.6000	             -272
  529.8000	             -262
  530.0000	             -248
  530.2000	             -306
  530.4000	             -233
  530.6000	              -38
  530.8000	              169
  531.0000	             -391
  531.2000	             -581
  531.4000	             -553
  531.6000	             -689
  531.8000	             -639
  532.0000	             -691
  532.2000	             -770
  532.4000	             -653
  532.6000	             -718
  532.8000	             -741
  533.0000	             -804
  533.2000	             -871
  533.4000	             -871
  533.6000	             -883
  533.8000	             -712
  534.0000	             -768
  534.2000	             -885
  534.4000	             -796
  534.6000	             -792
  534.8000	             -789
  535.0000	             -830
  535.2000	             -796
  535.4000	             -869
  535.6000	             -794
  535.8000	             -442
  536.0000	             -769
  536.2000	             -690
  536.4000	             -708
  536.6000	             -669
  536.8000	             -770
  537.0000	             -674
  537.2000	             -480
  537.4000	             -757
  537.6000	             -814
  537.8000	             -778
  538.0000	             -696
  538.2000	             -650
  538.4000	             -576
  538.6000	             -652
  538.8000	             -612
  539.0000	             -677
  539.2000	             -644
  539.4000	             -617
  539.6000	             -573
  539.8000	             -580
  540.0000	             -621
  540.2000	             -646
  540.4000	             -673
  540.6000	             -348
  540.8000	             -757
  541.0000	             -545
  541.2000	             -605
  541.4000	             -678
  541.6000	             -613
  541.8000	             -583
  542.0000	             -366
  542.2000	             -417
  542.4000	             -708
  542.6000	             -584
  542.8000	             -568
  543.0000	             -626
  543.2000	             -495
  543.4000	             -553
  543.6000	             -433
  543.8000	             -464
  544.0000	             -309
  544.2000	             -244
  544.4000	             -583
  544.6000	             -570
  544.8000	             -483
  545.0000	             -222
  545.2000	             -352
  545.4000	             -395
  545.6000	             -280
  545.8000	             -449
  546.0000	             -651
  546.2000	             -617
  546.4000	             -604
  546.6000	             -669
  546.8000	             -553
  547.0000	             -584
  547.2000	             -365
  547.4000	             -661
  547.6000	             -482
  547.8000	             -556
  548.0000	             -687
  548.2000	             -615
  548.4000	             -658
  548.6000	             -687
  548.8000	             -661
  549.0000	             -587
  549.2000	             -593
  549.4000	             -248
  549.6000	             -280
  549.8000	             -607
  550.0000	             -630
  550.2000	             -656
  550.4000	             -646
  550.6000	             -247
  550.8000	             -722
  551.0000	             -677
  551.2000	             -701
  551.4000	             -407
  551.6000	             -803
  551.8000	             -650
  552.0000	             -755
  552.2000	             -811
  552.4000	             -496
  552.6000	             -713
  552.8000	             -715
  553.0000	             -783
  553.2000	             -770
  553.4000	             -683
  553.6000	             -765
  553.8000	             -863
  554.0000	             -754
  554.2000	             -837
  554.4000	             -619
  554.6000	             -748
  554.8000	             -710
  555.0000	             -743
  555.2000	             -605
  555.4000	             -549
  555.6000	             -746
  555.8000	             1058
  556.0000	             -673
  556.2000	             -673
  556.4000	             -721
  556.6000	             -747
  556.8000	             -676
  557.0000	             -648
  557.2000	              123
  557.4000	             -696
  557.6000	             -676
  557.8000	             -687
  558.0000	             -782
  558.2000	             -705
  558.4000	             -782
  558.6000	             -706
  558.8000	             -652
  559.0000	             -777
  559.2000	             -699
  559.4000	             -806
  559.6000	             -681
  559.8000	             -725
  560.0000	             -699
  560.2000	             -875
  560.4000	             -864
  560.6000	             1121
  560.8000	             -880
  561.0000	             -844
  561.2000	             -952
  561.4000	             -870
  561.6000	             -929
  561.8000	             -868
  562.0000	             -919
  562.2000	             -884
  562.4000	             -932
  562.6000	             -943
  562.8000	             -928
  563.0000	             -951
  563.2000	             -913
  563.4000	             -928
  563.6000	             -848
  563.8000	             -930
  564.0000	             -957
  564.2000	             -981
  564.4000	             -961
  564.6000	             -973
  564.8000	             -789
  565.0000	             -215
  565.2000	             -917
  565.4000	             -928
  565.6000	             -959
  565.8000	             -896
  566.0000	             -899
  566.2000	             -955
  566.4000	             -980
  566.6000	             -864
  566.8000	             -957
  567.0000	             -988
  567.2000	             -889
  567.4000	             -959
  567.6000	             -872
  567.8000	             -940
  568.0000	             -866
  568.2000	             -779
  568.4000	             -954
  568.6000	             -936
  568.8000	             -891
  569.0000	             -727
  569.2000	             -872
  569.4000	             -952
  569.6000	             -898
  569.8000	             -897
  570.0000	             -873
  570.2000	             -872
  570.4000	             -918
  570.6000	             -829
  570.8000	             -884
  571.0000	             -808
  571.2000	             -806
  571.4000	             -776
  571.6000	             -791
  571.8000	             -802
  572.0000	             -709
  572.2000	             -725
  572.4000	             -655
  572.6000	             -560
  572.8000	             -557
  573.0000	             -584
  573.2000	             -412
  573.4000	             -721
  573.6000	             -598
  573.8000	             -474
  574.0000	             -455
  574.2000	             -486
  574.4000	             -565
  574.6000	             -441
  574.8000	             -525
  575.0000	             -673
  575.2000	             -566
  575.4000	             -257
  575.6000	             -763
  575.8000	             -695
  576.0000	             -737
  576.2000	             -669
  576.4000	             -692
  576.6000	             -689
  576.8000	             -589
  577.0000	             -619
  577.2000	             -286
  577.4000	             -367
  577.6000	             -449
  577.8000	             -429
  578.0000	             -358
  578.2000	             -349
  578.4000	             -429
  578.6000	             -508
  578.8000	             -425
  579.0000	             -302
  579.2000	             -288
  579.4000	             -470
  579.6000	             -129
  579.8000	             -553
  580.0000	             -402
  580.2000	             -134
  580.4000	             -373
  580.6000	             -625
  580.8000	             -548
  581.0000	             -645
  581.2000	             -280
  581.4000	             -444
  581.6000	             -397
  581.8000	             -500
  582.0000	             -466
  582.2000	             -423
  582.4000	             -261
  582.6000	             -278
  582.8000	             -268
  583.0000	             -247
  583.2000	             -440
  583.4000	              123
  583.6000	             -450
  583.8000	             -392
  584.0000	             -293
  584.2000	             -176
  584.4000	             -425
  584.6000	              -31
  584.8000	             -590
  585.0000	             -513
  585.2000	             -374
  585.4000	             -192
  585.6000	             -704
  585.8000	             -688
  586.0000	             -197
  586.2000	             -452
  586.4000	             -535
  586.6000	             -552
  586.8000	             -612
  587.0000	             -486
  587.2000	             -400
  587.4000	             -382
  587.6000	             -389
  587.8000	             -391
  588.0000	             -436
  588.2000	              172
  588.4000	             -587
  588.6000	             -481
  588.8000	              310
  589.0000	             -466
  589.2000	             -461
  589.4000	             -268
  589.6000	             -309
  589.8000	             -100
  590.0000	             -563
  590.2000	             -545
  590.4000	             -216
  590.6000	             -643
  590.8000	             -810
  591.0000	             -633
  591.2000	              677
  591.4000	             -554
  591.6000	             -562
  591.8000	             -611
  592.0000	             -566
  592.2000	             -575
  592.4000	             -429
  592.6000	             -481
  592.8000	              132
  593.0000	             -462
  593.2000	             -461
  593.4000	             -299
  593.6000	             -622
  593.8000	             -558
  594.0000	             -510
  594.2000	             -391
  594.4000	             -482
  594.6000	             -298
  594.8000	             -515
  595.0000	             -219
  595.2000	             -636
  595.4000	             -683
  595.6000	             -559
  595.8000	              104
  596.0000	             -895
  596.2000	             -750
  596.4000	             -721
  596.6000	             -788
  596.8000	             -659
  597.0000	             -716
  597.2000	             -590
  597.4000	             -664
  597.6000	             -407
  597.8000	             -552
  598.0000	             -535
  598.2000	             -484
  598.4000	             -476
  598.6000	             -433
  598.8000	             -283
  599.0000	             -709
  599.2000	             -636
  599.4000	             -593
  599.6000	             -562
  599.8000	             -486
  600.0000	             -413
  600.2000	             -653
  600.4000	             -395
  600.6000	             -484
  600.8000	             -605
  601.0000	             -633
  601.2000	             -184
  601.4000	             -877
  601.6000	             -795
  601.8000	             -728
  602.0000	             -838
  602.2000	             -723
  602.4000	             -586
  602.6000	             -662
  602.8000	             -709
  603.0000	             -594
  603.2000	             1418
  603.4000	             -756
  603.6000	             -643
  603.8000	             -647
  604.0000	             -685
  604.2000	             -149
  604.4000	             -413
  604.6000	             -659
  604.8000	             -725
  605.0000	             -737
  605.2000	             -527
  605.4000	             -677
  605.6000	             -560
  605.8000	             -604
  606.0000	             -596
  606.2000	             -643
  606.4000	             -804
  606.6000	             -756
  606.8000	             -362
  607.0000	             -841
  607.2000	             -884
  607.4000	             -909
  607.6000	             -901
  607.8000	             -839
  608.0000	             -796
  608.2000	             -885
  608.4000	             -806
  608.6000	             -897
  608.8000	             -926
  609.0000	             -738
  609.2000	             -879
  609.4000	             -883
  609.6000	             -815
  609.8000	             -563
  610.0000	             -781
  610.2000	             -694
  610.4000	             -761
  610.6000	             -882
  610.8000	             -852
  611.0000	             -872
  611.2000	             -872
  611.4000	              615
  611.6000	             -841
  611.8000	             -719
  612.0000	             -807
  612.2000	             -932
  612.4000	             -889
  612.6000	             -605
  612.8000	             -951
  613.0000	             -982
  613.2000	            -1027
  613.4000	             -967
  613.6000	             -920
  613.8000	             -899
  614.0000	             -980
  614.2000	             -859
  614.4000	             -811
  614.6000	             -859
  614.8000	             -951
  615.0000	             -909
  615.2000	             -880
  615.4000	             -816
  615.6000	             -939
  615.8000	             -913
  616.0000	             -894
  616.2000	             -959
  616.4000	             -898
  616.6000	             -943
  616.8000	             -928
  617.0000	             -713
  617.2000	              513
  617.4000	             -854
  617.6000	             -983
  617.8000	             -878
  618.0000	             -978
  618.2000	             -967
  618.4000	             -845
  618.6000	             -892
  618.8000	            -1033
  619.0000	             -995
  619.2000	             -997
  619.4000	            -1031
  619.6000	             -998
  619.8000	             -998
  620.0000	            -1002
  620.2000	            -1013
  620.4000	             -995
  620.6000	             -978
  620.8000	             -944
  621.0000	             -955
  621.2000	             -776
  621.4000	             -924
  621.6000	             -655
  621.8000	             -897
  622.0000	             -872
  622.2000	             -887
  622.4000	             -869
  622.6000	             -843
  622.8000	             -928
  623.0000	             -919
  623.2000	             -898
  623.4000	             -878
  623.6000	             -856
  623.8000	             -875
  624.0000	             -966
  624.2000	             -749
  624.4000	             -918
  624.6000	             -920
  624.8000	             -907
  625.0000	             -870
  625.2000	             -776
  625.4000	            -1024
  625.6000	             -975
  625.8000	             -975
  626.0000	             -951
  626.2000	             -914
  626.4000	             -922
  626.6000	             -909
  626.8000	            -1011
  627.0000	             -944
  627.2000	             -887
  627.4000	             -861
  627.6000	             -889
  627.8000	             -953
  628.0000	             -802
  628.2000	             -828
  628.4000	             -763
  628.6000	             -814
  628.8000	             -757
  629.0000	             -770
  629.2000	             -780
  629.4000	             -718
  629.6000	             -585
  629.8000	             -811
  630.0000	             -772
  630.2000	             -830
  630.4000	             -765
  630.6000	             -749
  630.8000	             -592
  631.0000	             -829
  631.2000	             -637
  631.4000	             -917
  631.6000	             -891
  631.8000	             -828
  632.0000	             -842
  632.2000	             -648
  632.4000	             -987
  632.6000	             -834
  632.8000	             -875
  633.0000	             -855
  633.2000	             -830
  633.4000	             -861
  633.6000	             -837
  633.8000	             -941
  634.0000	             -885
  634.2000	             -740
  634.4000	             -883
  634.6000	             -951
  634.8000	             -840
  635.0000	             -740
  635.2000	             -776
  635.4000	             -838
  635.6000	             -829
  635.8000	             -598
  636.0000	             -724
  636.2000	             -671
  636.4000	             -652
  636.6000	             -589
  636.8000	             -766
  637.0000	             -736
  637.2000	             -765
  637.4000	             -761
  637.6000	             -681
  637.8000	             -557
  638.0000	             -760
  638.2000	             -702
  638.4000	             -220
  638.6000	             -743
  638.8000	             -839
  639.0000	             -729
  639.2000	             -743
  639.4000	             -542
  639.6000	             -972
  639.8000	             -869
  640.0000	             -889
  640.2000	             -856
  640.4000	             -791
  640.6000	             -817
  640.8000	             -803
  641.0000	             -879
  641.2000	             -818
  641.4000	             -744
  641.6000	              -51
  641.8000	             -830
  642.0000	             -619
  642.2000	             -730
  642.4000	             -696
  642.6000	             -736
  642.8000	             -474
  643.0000	             -620
  643.2000	             -572
  643.4000	             -598
  643.6000	             -649
  643.8000	             -528
  644.0000	             -502
  644.2000	             -583
  644.4000	             -695
  644.6000	             -643
  644.8000	             -590
  645.0000	             -554
  645.2000	             -471
  645.4000	             -784
  645.6000	             -484
  645.8000	             -330
  646.0000	             -746
  646.2000	             -799
  646.4000	             -594
  646.6000	             -529
  646.8000	             -395
  647.0000	             -991
  647.2000	             -743
  647.4000	             -843
  647.6000	             -792
  647.8000	             -718
  648.0000	             -827
  648.2000	             -542
  648.4000	             -743
  648.6000	             -889
  648.8000	             -870
  649.0000	             -779
  649.2000	             -694
  649.4000	             -611
  649.6000	             -878
  649.8000	             -612
  650.0000	             -569
  650.2000	             -622
  650.4000	             -728
  650.6000	             -447
  650.8000	             -471
  651.0000	             -417
  651.2000	             -526
  651.4000	             -324
  651.6000	             -449
  651.8000	             -474
  652.0000	             -590
  652.2000	             -572
  652.4000	             -446
  652.6000	             -437
  652.8000	             -313
  653.0000	             -706
  653.2000	             -291
  653.4000	             -136
  653.6000	             -663
  653.8000	             -594
  654.0000	             -555
  654.2000	             -446
  654.4000	             -182
  654.6000	             -969
  654.8000	             -711
  655.0000	             -864
  655.2000	             -704
  655.4000	             -811
  655.6000	             -696
  655.8000	             -650
  656.0000	             -587
  656.2000	             -281
  656.4000	             -473
  656.6000	             -614
  656.8000	             -835
  657.0000	             -770
  657.2000	             -464
  657.4000	             -640
  657.6000	             -644
  657.8000	             -510
  658.0000	             -225
  658.2000	             -556
  658.4000	             -297
  658.6000	             -306
  658.8000	             -381
  659.0000	             -284
  659.2000	             -190
  659.4000	             -397
  659.6000	             -377
  659.8000	             -464
  660.0000	             -408
  660.2000	             -387
  660.4000	             -245
  660.6000	             -204
  660.8000	             -616
  661.0000	             -310
  661.2000	               38
  661.4000	             -603
  661.6000	             -587
  661.8000	             -633
  662.0000	             -450
  662.2000	               77
  662.4000	             -873
  662.6000	             -911
  662.8000	             -823
  663.0000	             -778
  663.2000	             -790
  663.4000	             -610
  663.6000	             -828
  663.8000	             -400
  664.0000	             -641
  664.2000	             -828
  664.4000	             -650
  664.6000	             -705
  664.8000	             -814
  665.0000	             -803
  665.2000	             -501
  665.4000	             -653
  665.6000	             -664
  665.8000	             -580
  666.0000	             -292
  666.2000	             -645
  666.4000	             -391
  666.6000	             -279
  666.8000	             -433
  667.0000	             -426
  667.2000	             -430
  667.4000	             -240
  667.6000	              246
  667.8000	             -594
  668.0000	             -496
  668.2000	             -526
  668.4000	             -221
  668.6000	             -570
  668.8000	             -277
  669.0000	             -650
  669.2000	             -392
  669.4000	             -201
  669.6000	             -717
  669.8000	             -673
  670.0000	             -605
  670.2000	             -556
  670.4000	             -225
  670.6000	             -979
  670.8000	             -878
  671.0000	             -970
  671.2000	             -884
  671.4000	             -927
  671.6000	             -713
  671.8000	             -909
  672.0000	             -788
  672.2000	             -806
  672.4000	             -914
  672.6000	             -887
  672.8000	             -830
  673.0000	             -907
  673.2000	             -819
  673.4000	             -688
  673.6000	             -919
  673.8000	             -735
  674.0000	             -649
  674.2000	             -823
  674.4000	             -704
  674.6000	             -631
  674.8000	             -572
  675.0000	             -565
  675.2000	             -114
  675.4000	             -603
  675.6000	             -435
  675.8000	             -570
  676.0000	             -797
  676.2000	             -696
  676.4000	             -661
  676.6000	             -591
  676.8000	             -590
  677.0000	             -650
  677.2000	             -538
  677.4000	             -772
  677.6000	             -587
  677.8000	             -312
  678.0000	             -770
  678.2000	             -848
  678.4000	             -747
  678.6000	             -651
  678.8000	             -433
  679.0000	            -1054
  679.2000	            -1014
  679.4000	            -1000
  679.6000	             -970
  679.8000	             -918
  680.0000	             -931
  680.2000	             -857
  680.4000	             -918
  680.6000	             -937
  680.8000	             -954
  681.0000	             -982
  681.2000	             -977
  681.4000	             -977
  681.6000	            -1012
  681.8000	             -893
  682.0000	             -957
  682.2000	             -977
  682.4000	             -936
  682.6000	             -953
  682.8000	             -888
  683.0000	             -993
  683.2000	             -898
  683.4000	             -940
  683.6000	             -889
  683.8000	             -888
  684.0000	             -841
  684.2000	             -758
  684.4000	             -879
  684.6000	            -1039
  684.8000	             -936
  685.0000	             -896
  685.2000	             -920
  685.4000	             -936
  685.6000	             -928
  685.8000	             -808
  686.0000	             -913
  686.2000	             -855
  686.4000	             -776
  686.6000	            -1055
  686.8000	             -994
  687.0000	             -830
  687.2000	             -818
  687.4000	             -748
  687.6000	            -1100
  687.8000	            -1088
  688.0000	            -1066
  688.2000	            -1062
  688.4000	            -1089
  688.6000	            -1051
  688.8000	             -980
  689.0000	            -1051
  689.2000	            -1105
  689.4000	            -1091
  689.6000	            -1129
  689.8000	            -1111
  690.0000	            -1065
  690.2000	            -1116
  690.4000	            -1071
  690.6000	            -1106
  690.8000	            -1117
  691.0000	            -1079
  691.2000	            -1112
  691.4000	            -1121
  691.6000	            -1060
  691.8000	            -1110
  692.0000	            -1070
  692.2000	            -1102
  692.4000	            -1060
  692.6000	            -1068
  692.8000	            -1060
  693.0000	            -1078
  693.2000	            -1077
  693.4000	            -1075
  693.6000	            -1045
  693.8000	             -953
  694.0000	            -1084
  694.2000	            -1084
  694.4000	            -1072
  694.6000	            -1074
  694.8000	            -1085
  695.0000	            -1069
  695.2000	            -1105
  695.4000	            -1060
  695.6000	            -1088
  695.8000	            -1079
  696.0000	            -1011
  696.2000	            -1049
  696.4000	             2752
  696.6000	              -49
  696.8000	            -1015
  697.0000	            -1104
  697.2000	            -1054
  697.4000	            -1109
  697.6000	            -1096
  697.8000	            -1103
  698.0000	            -1081
  698.2000	            -1091
  698.4000	            -1062
  698.6000	            -1056
  698.8000	            -1046
  699.0000	            -1040
  699.2000	            -1000
  699.4000	            -1067
  699.6000	            -1024
  699.8000	            -1045
  700.0000	            -1021
  700.2000	            -1045
  700.4000	            -1045
  700.6000	            -1073
  700.8000	            -1030
  701.0000	            -1048
  701.2000	            -1037
  701.4000	            -1051
  701.6000	            -1065
  701.8000	            -1065
  702.0000	            -1045
  702.2000	            -1045
  702.4000	            -1064
  702.6000	            -1083
  702.8000	            -1081
  703.0000	             -373
  703.2000	            -1045
  703.4000	            -1082
  703.6000	            -1055
  703.8000	            -1087
  704.0000	            -1045
  704.2000	            -1074
  704.4000	            -1054
  704.6000	            -1084
  704.8000	            -1047
  705.0000	            -1008
  705.2000	            -1045
  705.4000	            -1042
  705.6000	            -1045
  705.8000	            -1052
  706.0000	            -1065
  706.2000	            -1046
  706.4000	            -1032
  706.6000	             3804
  706.8000	             -509
  707.0000	            -1019
  707.2000	            -1045
  707.4000	            -1063
  707.6000	            -1065
  707.8000	            -1106
  708.0000	            -1084
  708.2000	            -1062
  708.4000	            -1104
  708.6000	            -1035
  708.8000	            -1054
  709.0000	            -1070
  709.2000	            -1085
  709.4000	            -1093
  709.6000	            -1059
  709.8000	            -1057
  710.0000	            -1070
  710.2000	            -1113
  710.4000	            -1075
  710.6000	            -1027
  710.8000	            -1070
  711.0000	            -1065
  711.2000	            -1105
  711.4000	            -1088
  711.6000	            -1027
  711.8000	            -1058
  712.0000	            -1063
  712.2000	            -1049
  712.4000	            -1055
  712.6000	            -1040
  712.8000	            -1077
  713.0000	            -1073
  713.2000	            -1073
  713.4000	            -1055
  713.6000	            -1069
  713.8000	            -1081
  714.0000	            -1085
  714.2000	            -1052
  714.4000	            -1104
  714.6000	             -545
  714.8000	            -1035
  715.0000	            -1041
  715.2000	            -1045
  715.4000	            -1087
  715.6000	            -1102
  715.8000	            -1051
  716.0000	            -1060
  716.2000	             -989
  716.4000	            -1064
  716.6000	            -1121
  716.8000	            -1054
  717.0000	            -1101
  717.2000	            -1081
  717.4000	            -1089
  717.6000	            -1109
  717.8000	            -1064
  718.0000	            -1100
  718.2000	            -1083
  718.4000	            -1100
  718.6000	            -1128
  718.8000	            -1032
  719.0000	            -1095
  719.2000	            -1032
  719.4000	            -1088
  719.6000	            -1055
  719.8000	            -1062
  720.0000	            -1063
  720.2000	            -1077
  720.4000	            -1054
  720.6000	             -895
  720.8000	            -1045
  721.0000	            -1014
  721.2000	            -1074
  721.4000	            -1083
  721.6000	             -988
  721.8000	            -1044
  722.0000	             -987
  722.2000	            -1088
  722.4000	             -956
  722.6000	            -1018
  722.8000	             -988
  723.0000	             -980
  723.2000	            -1023
  723.4000	             -987
  723.6000	             -978
  723.8000	             -969
  724.0000	             -989
  724.2000	            -1001
  724.4000	            -1008
  724.6000	            -1005
  724.8000	             -987
  725.0000	            -1004
  725.2000	            -1012
  725.4000	            -1037
  725.6000	            -1054
  725.8000	             -979
  726.0000	             -844
  726.2000	            -1047
  726.4000	             -988
  726.6000	             -995
  726.8000	             -995
  727.0000	            -1008
  727.2000	              322
  727.4000	            -1021
  727.6000	            -1070
  727.8000	            -1035
  728.0000	            -1064
  728.2000	            -1092
  728.4000	            -1055
  728.6000	            -1085
  728.8000	             -992
  729.0000	            -1038
  729.2000	            -1070
  729.4000	             -988
  729.6000	            -1051
  729.8000	             -997
  730.0000	            -1071
  730.2000	            -1048
  730.4000	            -1032
  730.6000	            -1010
  730.8000	            -1068
  731.0000	             -989
  731.2000	             -903
  731.4000	             -932
  731.6000	             -956
  731.8000	             -926
  732.0000	             -948
  732.2000	             -970
  732.4000	             -944
  732.6000	            -1045
  732.8000	             -818
  733.0000	             -986
  733.2000	             -950
  733.4000	            -1064
  733.6000	             -806
  733.8000	             -929
  734.0000	             -866
  734.2000	             -940
  734.4000	             -903
  734.6000	             -871
  734.8000	             -926
  735.0000	             -822
  735.2000	             -906
  735.4000	            -1031
  735.6000	             -915
  735.8000	             -843
  736.0000	             -881
  736.2000	             -913
  736.4000	             -862
  736.6000	             -899
  736.8000	             -937
  737.0000	             -859
  737.2000	             -332
  737.4000	             -875
  737.6000	            -1031
  737.8000	             -965
  738.0000	             -892
  738.2000	             -736
  738.4000	            13651
  738.6000	             -696
  738.8000	            -1011
  739.0000	             -992
  739.2000	             -928
  739.4000	            -1020
  739.6000	             -977
  739.8000	            -1026
  740.0000	             -995
  740.2000	             -855
  740.4000	             -978
  740.6000	            -1070
  740.8000	            -1037
  741.0000	            -1036
  741.2000	             -887
  741.4000	            -1056
  741.6000	            -1004
  741.8000	             -928
  742.0000	             -974
  742.2000	             -925
  742.4000	             -954
  742.6000	             -922
  742.8000	             -923
  743.0000	             -977
  743.2000	             -950
  743.4000	             -952
  743.6000	             -795
  743.8000	             -875
  744.0000	             -829
  744.2000	             -852
  744.4000	             -781
  744.6000	             -900
  744.8000	             -759
  745.0000	             -843
  745.2000	             -711
  745.4000	             -869
  745.6000	             -712
  745.8000	             -784
  746.0000	             -725
  746.2000	             -719
  746.4000	             -784
  746.6000	             -630
  746.8000	             -700
  747.0000	             -896
  747.2000	             -765
  747.4000	             -814
  747.6000	             -840
  747.8000	             -802
  748.0000	             -729
  748.2000	             -594
  748.4000	             -879
  748.6000	             -851
  748.8000	             -759
  749.0000	             -622
  749.2000	             -924
  749.4000	             -875
  749.6000	             -838
  749.8000	             -848
  750.0000	             -728
  750.2000	             3447
  750.4000	            47233
  750.6000	             -661
  750.8000	             -791
  751.0000	             -797
  751.2000	             -881
  751.4000	            14170
  751.6000	             -788
  751.8000	             -889
  752.0000	             -803
  752.2000	             -913
  752.4000	            -1015
  752.6000	             -948
  752.8000	             -973
  753.0000	             -916
  753.2000	             -957
  753.4000	            -1016
  753.6000	             -854
  753.8000	             -995
  754.0000	             -888
  754.2000	            -1008
  754.4000	             -901
  754.6000	             -940
  754.8000	             -845
  755.0000	            -1037
  755.2000	             -850
  755.4000	             -978
  755.6000	             -884
  755.8000	             -947
  756.0000	             -864
  756.2000	             -806
  756.4000	             -878
  756.6000	             -848
  756.8000	             -810
  757.0000	             -914
  757.2000	             -673
  757.4000	             -830
  757.6000	             -736
  757.8000	             -784
  758.0000	             -756
  758.2000	             -829
  758.4000	             -790
  758.6000	             -659
  758.8000	             -801
  759.0000	             -978
  759.2000	             -795
  759.4000	             -800
  759.6000	             -807
  759.8000	             -781
  760.0000	             -770
  760.2000	             -741
  760.4000	             -832
  760.6000	             -858
  760.8000	             -803
  761.0000	             -807
  761.2000	             -691
  761.4000	             -951
  761.6000	             -866
  761.8000	             -925
  762.0000	             -853
  762.2000	             -869
  762.4000	             -729
  762.6000	             -810
  762.8000	            -1013
  763.0000	            -1004
  763.2000	             -927
  763.4000	            10847
  763.6000	             -728
  763.8000	             -840
  764.0000	             -974
  764.2000	             -992
  764.4000	             -929
  764.6000	             -921
  764.8000	            -1002
  765.0000	            -1051
  765.2000	            -1064
  765.4000	             -852
  765.6000	            -1080
  765.8000	             -982
  766.0000	             -913
  766.2000	            -1048
  766.4000	             -940
  766.6000	             -973
  766.8000	             -951
  767.0000	             -932
  767.2000	             -886
  767.4000	             -980
  767.6000	             -906
  767.8000	             -966
  768.0000	             -838
  768.2000	             -899
  768.4000	             -896
  768.6000	             -808
  768.8000	             -841
  769.0000	             -887
  769.2000	             -806
  769.4000	             -889
  769.6000	             -509
  769.8000	             -889
  770.0000	             -860
  770.2000	             -435
  770.4000	             -742
  770.6000	             -681
  770.8000	             -661
  771.0000	             -737
  771.2000	             -525
  771.4000	             -799
  771.6000	             -956
  771.8000	             -634
  772.0000	             -770
  772.2000	             -519
  772.4000	             8709
  772.6000	             -651
  772.8000	             -786
  773.0000	             -583
  773.2000	             -836
  773.4000	             -734
  773.6000	             -736
  773.8000	             -469
  774.0000	             -868
  774.2000	             -937
  774.4000	             -883
  774.6000	             -900
  774.8000	             -834
  775.0000	             -805
  775.2000	             -563
  775.4000	            -1052
  775.6000	            -1056
  775.8000	            -1062
  776.0000	            -1063
  776.2000	            -1051
  776.4000	            -1020
  776.6000	            -1013
  776.8000	             -977
  777.0000	            -1059
  777.2000	             -953
  777.4000	             -877
  777.6000	            -1060
  777.8000	            -1115
  778.0000	            -1060
  778.2000	            -1123
  778.4000	            -1109
  778.6000	            -1101
  778.8000	            -1089
  779.0000	            -1092
  779.2000	            -1131
  779.4000	            -1088
  779.6000	            -1084
  779.8000	            -1105
  780.0000	            -1100
  780.2000	            -1094
  780.4000	            -1068
  780.6000	            -1101
  780.8000	            -1105
  781.0000	            -1102
  781.2000	            -1116
  781.4000	            -1132
  781.6000	            -1054
  781.8000	            -1073
  782.0000	            -1113
  782.2000	            -1098
  782.4000	            -1083
  782.6000	            -1101
  782.8000	            -1096
  783.0000	            -1103
  783.2000	            -1107
  783.4000	            -1116
  783.6000	            -1125
  783.8000	            -1058
  784.0000	            -1071
  784.2000	            -1060
  784.4000	            -1123
  784.6000	            -1054
  784.8000	            -1084
  785.0000	            -1117
  785.2000	            -1108
  785.4000	            -1128
  785.6000	            -1079
  785.8000	            -1109
  786.0000	            -1109
  786.2000	            -1068
  786.4000	            -1103
  786.6000	            -1131
  786.8000	            -1098
  787.0000	            -1089
  787.2000	            -1060
  787.4000	            -1121
  787.6000	            -1118
  787.8000	            -1108
  788.0000	            -1107
  788.2000	            -1071
  788.4000	            -1074
  788.6000	            -1054
  788.8000	            -1101
  789.0000	            -1112
  789.2000	            -1104
  789.4000	            -1117
  789.6000	            -1105
  789.8000	            -1134
  790.0000	            -1086
  790.2000	            -1119
  790.4000	            -1112
  790.6000	            -1089
  790.8000	            -1117
  791.0000	            -1079
  791.2000	            -1101
  791.4000	            -1057
  791.6000	            -1079
  791.8000	            -1131
  792.0000	            -1142
  792.2000	            -1113
  792.4000	            -1118
  792.6000	            -1111
  792.8000	            -1131
  793.0000	            -1057
  793.2000	            -1090
  793.4000	            -1102
  793.6000	            -1139
  793.8000	            -1101
  794.0000	            -1124
  794.2000	            -1089
  794.4000	            -1138
  794.6000	            -1010
  794.8000	             5332
  795.0000	            -1051
  795.2000	            -1089
  795.4000	            -1105
  795.6000	            -1077
  795.8000	            -1085
  796.0000	            -1130
  796.2000	            -1125
  796.4000	            -1111
  796.6000	            -1119
  796.8000	            -1112
  797.0000	            -1122
  797.2000	            -1122
  797.4000	            -1093
  797.6000	            -1092
  797.8000	            -1057
  798.0000	            -1132
  798.2000	            -1121
  798.4000	            -1139
  798.6000	            -1092
  798.8000	            -1109
  799.0000	            -1089
  799.2000	            -1071
  799.4000	            -1098
  799.6000	            -1108
  799.8000	            -1101
  800.0000	            -1109
