  600.0000	            -1201
  600.2000	            -1278
  600.4000	            -1210
  600.6000	            -1199
  600.8000	            -1250
  601.0000	            -1203
  601.2000	            -1204
  601.4000	            -1264
  601.6000	            -1264
  601.8000	            -1263
  602.0000	            -1278
  602.2000	            -1223
  602.4000	            -1222
  602.6000	            -1254
  602.8000	            -1278
  603.0000	            -1250
  603.2000	            -1177
  603.4000	            -1270
  603.6000	            -1254
  603.8000	            -1249
  604.0000	            -1270
  604.2000	            -1240
  604.4000	            -1261
  604.6000	            -1287
  604.8000	            -1254
  605.0000	            -1272
  605.2000	            -1277
  605.4000	            -1246
  605.6000	            -1254
  605.8000	            -1209
  606.0000	            -1238
  606.2000	            -1233
  606.4000	            -1260
  606.6000	            -1269
  606.8000	            -1201
  607.0000	            -1201
  607.2000	            -1275
  607.4000	            -1263
  607.6000	            -1280
  607.8000	            -1285
  608.0000	            -1254
  608.2000	            -1254
  608.4000	            -1222
  608.6000	            -1261
  608.8000	            -1263
  609.0000	            -1278
  609.2000	            -1269
  609.4000	            -1256
  609.6000	            -1264
  609.8000	            -1260
  610.0000	            -1281
  610.2000	            -1282
  610.4000	            -1254
  610.6000	            -1269
  610.8000	            -1263
  611.0000	            -1275
  611.2000	            -1240
  611.4000	            -1251
  611.6000	            -1252
  611.8000	            -1258
  612.0000	            -1270
  612.2000	            -1284
  612.4000	            -1269
  612.6000	            -1228
  612.8000	            -1260
  613.0000	            -1261
  613.2000	            -1271
  613.4000	            -1254
  613.6000	            -1216
  613.8000	            -1249
  614.0000	            -1275
  614.2000	            -1266
  614.4000	            -1254
  614.6000	            -1266
  614.8000	            -1297
  615.0000	            -1224
  615.2000	            -1240
  615.4000	            -1229
  615.6000	            -1260
  615.8000	            -1261
  616.0000	            -1275
  616.2000	            -1269
  616.4000	            -1261
  616.6000	            -1270
  616.8000	            -1278
  617.0000	            -1287
  617.2000	            -1257
  617.4000	            -1260
  617.6000	            -1270
  617.8000	            -1218
  618.0000	            -1281
  618.2000	            -1266
  618.4000	            -1269
  618.6000	            -1241
  618.8000	            -1260
  619.0000	            -1266
  619.2000	            -1277
  619.4000	            -1281
  619.6000	            -1240
  619.8000	            -1278
  620.0000	            -1260
  620.2000	            -1298
  620.4000	            -1268
  620.6000	            -1254
  620.8000	            -1254
  621.0000	            -1267
  621.2000	            -1238
  621.4000	            -1278
  621.6000	            -1227
  621.8000	            -1238
  622.0000	            -1264
  622.2000	            -1275
  622.4000	            -1254
  622.6000	            -1242
  622.8000	            -1261
  623.0000	            -1258
  623.2000	            -1262
  623.4000	            -1302
  623.6000	            -1259
  623.8000	            -1298
  624.0000	            -1207
  624.2000	            -1265
  624.4000	            -1268
  624.6000	            -1240
  624.8000	            -1278
  625.0000	            -1245
  625.2000	            -1251
  625.4000	            -1247
  625.6000	            -1272
  625.8000	            -1228
  626.0000	            -1260
  626.2000	            -1241
  626.4000	            -1250
  626.6000	            -1263
  626.8000	            -1270
  627.0000	            -1270
  627.2000	            -1262
  627.4000	            -1278
  627.6000	            -1262
  627.8000	            -1251
  628.0000	            -1216
  628.2000	            -1266
  628.4000	            -1254
  628.6000	            -1268
  628.8000	            -1250
  629.0000	            -1222
  629.2000	            -1268
  629.4000	            -1212
  629.6000	            -1233
  629.8000	            -1284
  630.0000	            -1263
  630.2000	            -1256
  630.4000	            -1269
  630.6000	            -1235
  630.8000	            -1264
  631.0000	            -1278
  631.2000	            -1223
  631.4000	            -1269
  631.6000	            -1254
  631.8000	            -1285
  632.0000	            -1254
  632.2000	            -1272
  632.4000	            -1258
  632.6000	            -1264
  632.8000	            -1227
  633.0000	            -1274
  633.2000	            -1250
  633.4000	            -1271
  633.6000	            -1270
  633.8000	            -1270
  634.0000	            -1237
  634.2000	            -1249
  634.4000	            -1250
  634.6000	            -1228
  634.8000	            -1272
  635.0000	            -1241
  635.2000	            -1261
  635.4000	            -1256
  635.6000	            -1264
  635.8000	            -1263
  636.0000	            -1270
  636.2000	            -1227
  636.4000	            -1209
  636.6000	            -1256
  636.8000	            -1235
  637.0000	            -1254
  637.2000	            -1254
  637.4000	            -1265
  637.6000	            -1250
  637.8000	            -1250
  638.0000	            -1270
  638.2000	            -1269
  638.4000	            -1239
  638.6000	            -1257
  638.8000	            -1279
  639.0000	            -1269
  639.2000	            -1246
  639.4000	            -1254
  639.6000	            -1285
  639.8000	            -1246
  640.0000	            -1270
  640.2000	            -1264
  640.4000	            -1256
  640.6000	            -1262
  640.8000	            -1242
  641.0000	            -1264
  641.2000	            -1266
  641.4000	            -1228
  641.6000	            -1239
  641.8000	            -1251
  642.0000	            -1218
  642.2000	            -1283
  642.4000	            -1260
  642.6000	            -1257
  642.8000	            -1222
  643.0000	            -1184
  643.2000	            -1234
  643.4000	            -1262
  643.6000	            -1262
  643.8000	            -1210
  644.0000	            -1250
  644.2000	            -1254
  644.4000	            -1228
  644.6000	            -1278
  644.8000	            -1256
  645.0000	            -1246
  645.2000	            -1239
  645.4000	            -1278
  645.6000	            -1244
  645.8000	            -1246
  646.0000	            -1247
  646.2000	            -1261
  646.4000	            -1270
  646.6000	            -1273
  646.8000	            -1250
  647.0000	            -1269
  647.2000	            -1212
  647.4000	            -1216
  647.6000	            -1266
  647.8000	            -1237
  648.0000	            -1271
  648.2000	            -1254
  648.4000	            -1254
  648.6000	            -1261
  648.8000	            -1262
  649.0000	            -1246
  649.2000	            -1235
  649.4000	            -1222
  649.6000	            -1254
  649.8000	            -1266
  650.0000	            -1203
  650.2000	            -1242
  650.4000	            -1203
  650.6000	            -1238
  650.8000	            -1222
  651.0000	            -1258
  651.2000	            -1203
  651.4000	            -1257
  651.6000	            -1257
  651.8000	            -1251
  652.0000	            -1193
  652.2000	            -1270
  652.4000	            -1244
  652.6000	            -1256
  652.8000	            -1174
  653.0000	            -1256
  653.2000	            -1222
  653.4000	            -1257
  653.6000	            -1264
  653.8000	            -1245
  654.0000	            -1262
  654.2000	            -1256
  654.4000	            -1201
  654.6000	            -1237
  654.8000	            -1256
  655.0000	            -1255
  655.2000	            -1254
  655.4000	            -1262
  655.6000	            -1269
  655.8000	            -1276
  656.0000	            -1238
  656.2000	            -1238
  656.4000	            -1204
  656.6000	            -1263
  656.8000	            -1254
  657.0000	            -1254
  657.2000	            -1253
  657.4000	            -1273
  657.6000	            -1241
  657.8000	            -1256
  658.0000	            -1239
  658.2000	            -1254
  658.4000	            -1213
  658.6000	            -1211
  658.8000	            -1201
  659.0000	            -1199
  659.2000	            -1180
  659.4000	            -1201
  659.6000	            -1211
  659.8000	            -1265
  660.0000	            -1204
  660.2000	            -1258
  660.4000	            -1191
  660.6000	            -1180
  660.8000	            -1270
  661.0000	            -1228
  661.2000	            -1202
  661.4000	            -1234
  661.6000	            -1222
  661.8000	            -1250
  662.0000	            -1250
  662.2000	            -1239
  662.4000	            -1264
  662.6000	            -1256
  662.8000	            -1257
  663.0000	            -1249
  663.2000	            -1254
  663.4000	            -1264
  663.6000	            -1266
  663.8000	            -1261
  664.0000	            -1266
  664.2000	            -1244
  664.4000	            -1256
  664.6000	            -1258
  664.8000	            -1248
  665.0000	            -1234
  665.2000	            -1262
  665.4000	            -1256
  665.6000	            -1253
  665.8000	            -1257
  666.0000	            -1260
  666.2000	            -1250
  666.4000	            -1196
  666.6000	            -1263
  666.8000	            -1246
  667.0000	            -1205
  667.2000	            -1251
  667.4000	            -1228
  667.6000	            -1185
  667.8000	            -1228
  668.0000	            -1245
  668.2000	            -1243
  668.4000	            -1274
  668.6000	            -1262
  668.8000	            -1258
  669.0000	            -1285
  669.2000	            -1218
  669.4000	            -1194
  669.6000	            -1263
  669.8000	            -1269
  670.0000	            -1222
  670.2000	            -1235
  670.4000	            -1198
  670.6000	            -1238
  670.8000	            -1244
  671.0000	            -1237
  671.2000	            -1250
  671.4000	            -1260
  671.6000	            -1268
  671.8000	            -1281
  672.0000	            -1237
  672.2000	            -1258
  672.4000	            -1281
  672.6000	            -1272
  672.8000	            -1258
  673.0000	            -1275
  673.2000	            -1224
  673.4000	            -1254
  673.6000	            -1246
  673.8000	            -1232
  674.0000	            -1218
  674.2000	            -1258
  674.4000	            -1249
  674.6000	            -1258
  674.8000	            -1234
  675.0000	            -1219
  675.2000	            -1251
  675.4000	            -1238
  675.6000	            -1235
  675.8000	            -1222
  676.0000	            -1270
  676.2000	            -1269
  676.4000	            -1285
  676.6000	            -1239
  676.8000	            -1260
  677.0000	            -1266
  677.2000	            -1261
  677.4000	            -1262
  677.6000	            -1266
  677.8000	            -1223
  678.0000	            -1262
  678.2000	            -1269
  678.4000	            -1235
  678.6000	            -1256
  678.8000	            -1219
  679.0000	            -1222
  679.2000	            -1253
  679.4000	            -1268
  679.6000	            -1275
  679.8000	            -1283
  680.0000	            -1261
  680.2000	            -1238
  680.4000	            -1245
  680.6000	            -1238
  680.8000	            -1260
  681.0000	            -1255
  681.2000	            -1261
  681.4000	            -1275
  681.6000	            -1250
  681.8000	            -1224
  682.0000	            -1261
  682.2000	            -1260
  682.4000	            -1260
  682.6000	            -1281
  682.8000	            -1260
  683.0000	            -1272
  683.2000	            -1262
  683.4000	            -1287
  683.6000	            -1201
  683.8000	            -1228
  684.0000	            -1268
  684.2000	            -1254
  684.4000	            -1284
  684.6000	            -1228
  684.8000	            -1271
  685.0000	            -1268
  685.2000	            -1271
  685.4000	            -1237
  685.6000	            -1291
  685.8000	            -1278
  686.0000	            -1238
  686.2000	            -1255
  686.4000	            -1262
  686.6000	            -1249
  686.8000	            -1266
  687.0000	            -1254
  687.2000	            -1245
  687.4000	            -1250
  687.6000	            -1290
  687.8000	            -1261
  688.0000	            -1270
  688.2000	            -1268
  688.4000	            -1268
  688.6000	            -1266
  688.8000	            -1261
  689.0000	            -1276
  689.2000	            -1275
  689.4000	            -1250
  689.6000	            -1256
  689.8000	            -1260
  690.0000	            -1281
  690.2000	            -1281
  690.4000	            -1294
  690.6000	            -1272
  690.8000	            -1264
  691.0000	            -1270
  691.2000	            -1241
  691.4000	            -1264
  691.6000	            -1268
  691.8000	            -1274
  692.0000	            -1272
  692.2000	            -1277
  692.4000	            -1263
  692.6000	            -1224
  692.8000	            -1247
  693.0000	            -1258
  693.2000	            -1275
  693.4000	            -1216
  693.6000	            -1259
  693.8000	            -1270
  694.0000	            -1224
  694.2000	            -1268
  694.4000	            -1224
  694.6000	            -1237
  694.8000	            -1280
  695.0000	            -1269
  695.2000	            -1264
  695.4000	            -1287
  695.6000	            -1272
  695.8000	            -1246
  696.0000	            -1260
  696.2000	            -1272
  696.4000	             -960
  696.6000	            -1025
  696.8000	            -1278
  697.0000	            -1295
  697.2000	            -1256
  697.4000	            -1246
  697.6000	            -1291
  697.8000	            -1281
  698.0000	            -1246
  698.2000	            -1277
  698.4000	            -1249
  698.6000	            -1286
  698.8000	            -1256
  699.0000	            -1261
  699.2000	            -1251
  699.4000	            -1263
  699.6000	            -1254
  699.8000	            -1280
  700.0000	            -1272
  700.2000	            -1270
  700.4000	            -1272
  700.6000	            -1251
  700.8000	            -1218
  701.0000	            -1253
  701.2000	            -1268
  701.4000	            -1241
  701.6000	            -1287
  701.8000	            -1242
  702.0000	            -1277
  702.2000	            -1269
  702.4000	            -1261
  702.6000	            -1216
  702.8000	            -1275
  703.0000	            -1223
  703.2000	            -1283
  703.4000	            -1291
  703.6000	            -1275
  703.8000	            -1269
  704.0000	            -1275
  704.2000	            -1286
  704.4000	            -1275
  704.6000	            -1275
  704.8000	            -1269
  705.0000	            -1269
  705.2000	            -1250
  705.4000	            -1261
  705.6000	            -1274
  705.8000	            -1260
  706.0000	            -1261
  706.2000	            -1281
  706.4000	            -1275
  706.6000	             -796
  706.8000	            -1225
  707.0000	            -1237
  707.2000	            -1256
  707.4000	            -1273
  707.6000	            -1301
  707.8000	            -1271
  708.0000	            -1264
  708.2000	            -1284
  708.4000	            -1264
  708.6000	            -1281
  708.8000	            -1272
  709.0000	            -1281
  709.2000	            -1291
  709.4000	            -1278
  709.6000	            -1294
  709.8000	            -1252
  710.0000	            -1254
  710.2000	            -1277
  710.4000	            -1260
  710.6000	            -1254
  710.8000	            -1260
  711.0000	            -1240
  711.2000	            -1260
  711.4000	            -1291
  711.6000	            -1228
  711.8000	            -1256
  712.0000	            -1261
  712.2000	            -1260
  712.4000	            -1278
  712.6000	            -1261
  712.8000	            -1283
  713.0000	            -1240
  713.2000	            -1272
  713.4000	            -1253
  713.6000	            -1281
  713.8000	            -1245
  714.0000	            -1254
  714.2000	            -1285
  714.4000	            -1271
  714.6000	            -1202
  714.8000	            -1281
  715.0000	            -1261
  715.2000	            -1264
  715.4000	            -1264
  715.6000	            -1270
  715.8000	            -1283
  716.0000	            -1266
  716.2000	            -1216
  716.4000	            -1247
  716.6000	            -1254
  716.8000	            -1278
  717.0000	            -1268
  717.2000	            -1216
  717.4000	            -1261
  717.6000	            -1275
  717.8000	            -1268
  718.0000	            -1281
  718.2000	            -1287
  718.4000	            -1216
  718.6000	            -1268
  718.8000	            -1281
  719.0000	            -1280
  719.2000	            -1268
  719.4000	            -1284
  719.6000	            -1283
  719.8000	            -1265
  720.0000	            -1259
  720.2000	            -1281
  720.4000	            -1291
  720.6000	            -1271
  720.8000	            -1256
  721.0000	            -1263
  721.2000	            -1260
  721.4000	            -1225
  721.6000	            -1250
  721.8000	            -1285
  722.0000	            -1261
  722.2000	            -1273
  722.4000	            -1256
  722.6000	            -1272
  722.8000	            -1278
  723.0000	            -1263
  723.2000	            -1266
  723.4000	            -1268
  723.6000	            -1284
  723.8000	            -1223
  724.0000	            -1262
  724.2000	            -1302
  724.4000	            -1250
  724.6000	            -1286
  724.8000	            -1261
  725.0000	            -1252
  725.2000	            -1262
  725.4000	            -1257
  725.6000	            -1253
  725.8000	            -1237
  726.0000	            -1281
  726.2000	            -1266
  726.4000	            -1272
  726.6000	            -1250
  726.8000	            -1272
  727.0000	            -1275
  727.2000	            -1092
  727.4000	            -1270
  727.6000	            -1286
  727.8000	            -1281
  728.0000	            -1264
  728.2000	            -1256
  728.4000	            -1256
  728.6000	            -1249
  728.8000	            -1254
  729.0000	            -1257
  729.2000	            -1302
  729.4000	            -1278
  729.6000	            -1260
  729.8000	            -1246
  730.0000	            -1240
  730.2000	            -1216
  730.4000	            -1271
  730.6000	            -1258
  730.8000	            -1261
  731.0000	            -1275
  731.2000	            -1266
  731.4000	            -1258
  731.6000	            -1259
  731.8000	            -1246
  732.0000	            -1284
  732.2000	            -1265
  732.4000	            -1260
  732.6000	            -1277
  732.8000	            -1291
  733.0000	            -1254
  733.2000	            -1270
  733.4000	            -1268
  733.6000	            -1266
  733.8000	            -1264
  734.0000	            -1256
  734.2000	            -1280
  734.4000	            -1266
  734.6000	            -1283
  734.8000	            -1278
  735.0000	            -1255
  735.2000	            -1258
  735.4000	            -1260
  735.6000	            -1216
  735.8000	            -1257
  736.0000	            -1261
  736.2000	            -1271
  736.4000	            -1250
  736.6000	            -1277
  736.8000	            -1264
  737.0000	            -1264
  737.2000	            -1256
  737.4000	            -1223
  737.6000	            -1216
  737.8000	            -1260
  738.0000	            -1266
  738.2000	            -1222
  738.4000	             -260
  738.6000	            -1284
  738.8000	            -1252
  739.0000	            -1278
  739.2000	            -1275
  739.4000	            -1291
  739.6000	            -1266
  739.8000	            -1266
  740.0000	            -1260
  740.2000	            -1277
  740.4000	            -1268
  740.6000	            -1254
  740.8000	            -1241
  741.0000	            -1260
  741.2000	            -1268
  741.4000	            -1255
  741.6000	            -1260
  741.8000	            -1254
  742.0000	            -1264
  742.2000	            -1272
  742.4000	            -1264
  742.6000	            -1253
  742.8000	            -1264
  743.0000	            -1272
  743.2000	            -1246
  743.4000	            -1272
  743.6000	            -1238
  743.8000	            -1269
  744.0000	            -1250
  744.2000	            -1240
  744.4000	            -1253
  744.6000	            -1272
  744.8000	            -1218
  745.0000	            -1246
  745.2000	            -1218
  745.4000	            -1278
  745.6000	            -1259
  745.8000	            -1272
  746.0000	            -1278
  746.2000	            -1269
  746.4000	            -1269
  746.6000	            -1245
  746.8000	            -1202
  747.0000	            -1291
  747.2000	            -1223
  747.4000	            -1254
  747.6000	            -1237
  747.8000	            -1246
  748.0000	            -1201
  748.2000	            -1250
  748.4000	            -1256
  748.6000	            -1254
  748.8000	            -1257
  749.0000	            -1256
  749.2000	            -1264
  749.4000	            -1284
  749.6000	            -1261
  749.8000	            -1242
  750.0000	            -1254
  750.2000	             -681
  750.4000	             3675
  750.6000	            -1242
  750.8000	            -1223
  751.0000	            -1256
  751.2000	            -1256
  751.4000	              360
  751.6000	            -1254
  751.8000	            -1278
  752.0000	            -1201
  752.2000	            -1285
  752.4000	            -1286
  752.6000	            -1264
  752.8000	            -1238
  753.0000	            -1261
  753.2000	            -1261
  753.4000	            -1266
  753.6000	            -1254
  753.8000	            -1246
  754.0000	            -1270
  754.2000	            -1246
  754.4000	            -1277
  754.6000	            -1291
  754.8000	            -1242
  755.0000	            -1237
  755.2000	            -1254
  755.4000	            -1271
  755.6000	            -1258
  755.8000	            -1241
  756.0000	            -1246
  756.2000	            -1285
  756.4000	            -1250
  756.6000	            -1275
  756.8000	            -1245
  757.0000	            -1264
  757.2000	            -1248
  757.4000	            -1251
  757.6000	            -1282
  757.8000	            -1287
  758.0000	            -1269
  758.2000	            -1264
  758.4000	            -1285
  758.6000	            -1259
  758.8000	            -1263
  759.0000	            -1297
  759.2000	            -1254
  759.4000	            -1261
  759.6000	            -1264
  759.8000	            -1251
  760.0000	            -1261
  760.2000	            -1282
  760.4000	            -1256
  760.6000	            -1253
  760.8000	            -1285
  761.0000	            -1272
  761.2000	            -1232
  761.4000	            -1294
  761.6000	            -1270
  761.8000	            -1266
  762.0000	            -1270
  762.2000	            -1250
  762.4000	            -1254
  762.6000	            -1272
  762.8000	            -1284
  763.0000	            -1287
  763.2000	            -1271
  763.4000	              640
  763.6000	            -1213
  763.8000	            -1270
  764.0000	            -1263
  764.2000	            -1216
  764.4000	            -1287
  764.6000	            -1242
  764.8000	            -1247
  765.0000	            -1244
  765.2000	            -1224
  765.4000	            -1284
  765.6000	            -1264
  765.8000	            -1294
  766.0000	            -1298
  766.2000	            -1246
  766.4000	            -1261
  766.6000	            -1275
  766.8000	            -1292
  767.0000	            -1268
  767.2000	            -1239
  767.4000	            -1268
  767.6000	            -1264
  767.8000	            -1264
  768.0000	            -1258
  768.2000	            -1277
  768.4000	            -1285
  768.6000	            -1248
  768.8000	            -1271
  769.0000	            -1277
  769.2000	            -1270
  769.4000	            -1268
  769.6000	            -1221
  769.8000	            -1269
  770.0000	            -1232
  770.2000	            -1244
  770.4000	            -1222
  770.6000	            -1222
  770.8000	            -1270
  771.0000	            -1254
  771.2000	            -1254
  771.4000	            -1246
  771.6000	            -1264
  771.8000	            -1275
  772.0000	            -1261
  772.2000	            -1201
  772.4000	             -371
  772.6000	            -1260
  772.8000	            -1248
  773.0000	            -1254
  773.2000	            -1237
  773.4000	            -1254
  773.6000	            -1261
  773.8000	            -1239
  774.0000	            -1281
  774.2000	            -1280
  774.4000	            -1215
  774.6000	            -1248
  774.8000	            -1261
  775.0000	            -1278
  775.2000	            -1215
  775.4000	            -1268
  775.6000	            -1283
  775.8000	            -1287
  776.0000	            -1268
  776.2000	            -1273
  776.4000	            -1275
  776.6000	            -1277
  776.8000	            -1253
  777.0000	            -1268
  777.2000	            -1278
  777.4000	            -1270
  777.6000	            -1238
  777.8000	            -1256
  778.0000	            -1252
  778.2000	            -1270
  778.4000	            -1268
  778.6000	            -1237
  778.8000	            -1247
  779.0000	            -1263
  779.2000	            -1278
  779.4000	            -1240
  779.6000	            -1287
  779.8000	            -1254
  780.0000	            -1285
  780.2000	            -1256
  780.4000	            -1281
  780.6000	            -1263
  780.8000	            -1294
  781.0000	            -1249
  781.2000	            -1270
  781.4000	            -1269
  781.6000	            -1270
  781.8000	            -1268
  782.0000	            -1264
  782.2000	            -1257
  782.4000	            -1254
  782.6000	            -1278
  782.8000	            -1305
  783.0000	            -1268
  783.2000	            -1281
  783.4000	            -1264
  783.6000	            -1283
  783.8000	            -1257
  784.0000	            -1266
  784.2000	            -1278
  784.4000	            -1269
  784.6000	            -1273
  784.8000	            -1261
  785.0000	            -1260
  785.2000	            -1281
  785.4000	            -1260
  785.6000	            -1291
  785.8000	            -1253
  786.0000	            -1251
  786.2000	            -1291
  786.4000	            -1274
  786.6000	            -1238
  786.8000	            -1264
  787.0000	            -1270
  787.2000	            -1254
  787.4000	            -1278
  787.6000	            -1264
  787.8000	            -1305
  788.0000	            -1281
  788.2000	            -1272
  788.4000	            -1281
  788.6000	            -1281
  788.8000	            -1268
  789.0000	            -1283
  789.2000	            -1216
  789.4000	            -1291
  789.6000	            -1283
  789.8000	            -1258
  790.0000	            -1286
  790.2000	            -1281
  790.4000	            -1309
  790.6000	            -1275
  790.8000	            -1262
  791.0000	            -1281
  791.2000	            -1305
  791.4000	            -1251
  791.6000	            -1260
  791.8000	            -1281
  792.0000	            -1255
  792.2000	            -1261
  792.4000	            -1261
  792.6000	            -1237
  792.8000	            -1264
  793.0000	            -1224
  793.2000	            -1271
  793.4000	            -1294
  793.6000	            -1278
  793.8000	            -1266
  794.0000	            -1281
  794.2000	            -1278
  794.4000	            -1263
  794.6000	            -1285
  794.8000	             -551
  795.0000	            -1261
  795.2000	            -1263
  795.4000	            -1254
  795.6000	            -1287
  795.8000	            -1241
  796.0000	            -1258
  796.2000	            -1270
  796.4000	            -1261
  796.6000	            -1216
  796.8000	            -1266
  797.0000	            -1271
  797.2000	            -1261
  797.4000	            -1263
  797.6000	            -1281
  797.8000	            -1276
  798.0000	            -1268
  798.2000	            -1269
  798.4000	            -1257
  798.6000	            -1268
  798.8000	            -1283
  799.0000	            -1287
  799.2000	            -1264
  799.4000	            -1261
  799.6000	            -1275
  799.8000	            -1254
  800.0000	            -1281
  800.2000	            -1251
  800.4000	            -1283
  800.6000	            -1058
  800.8000	            -1264
  801.0000	            -1283
  801.2000	            -1255
  801.4000	             -901
  801.6000	            -1263
  801.8000	            -1251
  802.0000	            -1275
  802.2000	            -1224
  802.4000	            -1240
  802.6000	            -1253
  802.8000	            -1255
  803.0000	            -1282
  803.2000	            -1261
  803.4000	            -1269
  803.6000	            -1216
  803.8000	            -1278
  804.0000	            -1270
  804.2000	            -1305
  804.4000	            -1264
  804.6000	            -1284
  804.8000	            -1222
  805.0000	            -1275
