  600.0000	            -1168
  600.2000	            -1206
  600.4000	            -1181
  600.6000	            -1171
  600.8000	            -1183
  601.0000	            -1225
  601.2000	            -1199
  601.4000	            -1191
  601.6000	            -1206
  601.8000	            -1227
  602.0000	            -1196
  602.2000	            -1170
  602.4000	            -1188
  602.6000	            -1151
  602.8000	            -1151
  603.0000	            -1190
  603.2000	            -1143
  603.4000	            -1193
  603.6000	            -1190
  603.8000	            -1227
  604.0000	            -1188
  604.2000	            -1174
  604.4000	            -1196
  604.6000	            -1179
  604.8000	            -1208
  605.0000	            -1211
  605.2000	            -1198
  605.4000	            -1191
  605.6000	            -1202
  605.8000	            -1181
  606.0000	            -1187
  606.2000	            -1190
  606.4000	            -1240
  606.6000	            -1197
  606.8000	            -1151
  607.0000	            -1209
  607.2000	            -1185
  607.4000	            -1192
  607.6000	            -1202
  607.8000	            -1200
  608.0000	            -1151
  608.2000	            -1227
  608.4000	            -1187
  608.6000	            -1199
  608.8000	            -1189
  609.0000	            -1210
  609.2000	            -1208
  609.4000	            -1200
  609.6000	            -1215
  609.8000	            -1184
  610.0000	            -1169
  610.2000	            -1206
  610.4000	            -1200
  610.6000	            -1201
  610.8000	            -1185
  611.0000	            -1181
  611.2000	            -1190
  611.4000	            -1129
  611.6000	            -1225
  611.8000	            -1202
  612.0000	            -1202
  612.2000	            -1189
  612.4000	            -1206
  612.6000	            -1188
  612.8000	            -1206
  613.0000	            -1197
  613.2000	            -1182
  613.4000	            -1195
  613.6000	            -1195
  613.8000	            -1198
  614.0000	            -1198
  614.2000	            -1174
  614.4000	            -1213
  614.6000	            -1148
  614.8000	            -1179
  615.0000	            -1206
  615.2000	            -1191
  615.4000	            -1209
  615.6000	            -1173
  615.8000	            -1175
  616.0000	            -1205
  616.2000	            -1202
  616.4000	            -1190
  616.6000	            -1202
  616.8000	            -1202
  617.0000	            -1197
  617.2000	            -1176
  617.4000	            -1197
  617.6000	            -1215
  617.8000	            -1201
  618.0000	            -1181
  618.2000	            -1158
  618.4000	            -1199
  618.6000	            -1213
  618.8000	            -1219
  619.0000	            -1206
  619.2000	            -1172
  619.4000	            -1185
  619.6000	            -1210
  619.8000	            -1206
  620.0000	            -1190
  620.2000	            -1227
  620.4000	            -1174
  620.6000	            -1188
  620.8000	            -1187
  621.0000	            -1202
  621.2000	            -1190
  621.4000	            -1198
  621.6000	            -1194
  621.8000	            -1195
  622.0000	            -1227
  622.2000	            -1197
  622.4000	            -1172
  622.6000	            -1190
  622.8000	            -1189
  623.0000	            -1208
  623.2000	            -1191
  623.4000	            -1198
  623.6000	            -1198
  623.8000	            -1187
  624.0000	            -1209
  624.2000	            -1207
  624.4000	            -1199
  624.6000	            -1201
  624.8000	            -1183
  625.0000	            -1129
  625.2000	            -1186
  625.4000	            -1201
  625.6000	            -1188
  625.8000	            -1165
  626.0000	            -1200
  626.2000	            -1205
  626.4000	            -1202
  626.6000	            -1166
  626.8000	            -1227
  627.0000	            -1212
  627.2000	            -1188
  627.4000	            -1193
  627.6000	            -1201
  627.8000	            -1210
  628.0000	            -1206
  628.2000	            -1196
  628.4000	            -1202
  628.6000	            -1186
  628.8000	            -1182
  629.0000	            -1174
  629.2000	            -1173
  629.4000	            -1185
  629.6000	            -1174
  629.8000	            -1204
  630.0000	            -1196
  630.2000	            -1191
  630.4000	            -1197
  630.6000	            -1205
  630.8000	            -1161
  631.0000	            -1188
  631.2000	            -1195
  631.4000	            -1198
  631.6000	            -1197
  631.8000	            -1151
  632.0000	            -1190
  632.2000	            -1183
  632.4000	            -1227
  632.6000	            -1182
  632.8000	            -1208
  633.0000	            -1183
  633.2000	            -1141
  633.4000	            -1190
  633.6000	            -1180
  633.8000	            -1195
  634.0000	            -1195
  634.2000	            -1179
  634.4000	            -1171
  634.6000	            -1189
  634.8000	            -1207
  635.0000	            -1226
  635.2000	            -1226
  635.4000	            -1185
  635.6000	            -1223
  635.8000	            -1191
  636.0000	            -1181
  636.2000	            -1186
  636.4000	            -1201
  636.6000	            -1166
  636.8000	            -1226
  637.0000	            -1170
  637.2000	            -1186
  637.4000	            -1192
  637.6000	            -1146
  637.8000	            -1177
  638.0000	            -1208
  638.2000	            -1151
  638.4000	            -1189
  638.6000	            -1174
  638.8000	            -1215
  639.0000	            -1194
  639.2000	            -1157
  639.4000	            -1189
  639.6000	            -1182
  639.8000	            -1183
  640.0000	            -1151
  640.2000	            -1217
  640.4000	            -1193
  640.6000	            -1200
  640.8000	            -1172
  641.0000	            -1175
  641.2000	            -1198
  641.4000	            -1190
  641.6000	            -1168
  641.8000	            -1188
  642.0000	            -1187
  642.2000	            -1185
  642.4000	            -1226
  642.6000	            -1213
  642.8000	            -1151
  643.0000	            -1136
  643.2000	            -1151
  643.4000	            -1180
  643.6000	            -1200
  643.8000	            -1181
  644.0000	            -1194
  644.2000	            -1202
  644.4000	            -1187
  644.6000	            -1191
  644.8000	            -1180
  645.0000	            -1185
  645.2000	            -1173
  645.4000	            -1197
  645.6000	            -1197
  645.8000	            -1163
  646.0000	            -1206
  646.2000	            -1212
  646.4000	            -1190
  646.6000	            -1213
  646.8000	            -1151
  647.0000	            -1196
  647.2000	            -1186
  647.4000	            -1173
  647.6000	            -1167
  647.8000	            -1162
  648.0000	            -1202
  648.2000	            -1207
  648.4000	            -1218
  648.6000	            -1195
  648.8000	            -1185
  649.0000	            -1202
  649.2000	            -1204
  649.4000	            -1200
  649.6000	            -1185
  649.8000	            -1195
  650.0000	            -1171
  650.2000	            -1190
  650.4000	            -1170
  650.6000	            -1151
  650.8000	            -1175
  651.0000	            -1200
  651.2000	            -1171
  651.4000	            -1165
  651.6000	            -1129
  651.8000	            -1202
  652.0000	            -1212
  652.2000	            -1191
  652.4000	            -1188
  652.6000	            -1211
  652.8000	            -1174
  653.0000	            -1167
  653.2000	            -1200
  653.4000	            -1151
  653.6000	            -1188
  653.8000	            -1187
  654.0000	            -1183
  654.2000	            -1193
  654.4000	            -1180
  654.6000	            -1180
  654.8000	            -1216
  655.0000	            -1148
  655.2000	            -1214
  655.4000	            -1199
  655.6000	            -1174
  655.8000	            -1200
  656.0000	            -1163
  656.2000	            -1176
  656.4000	            -1186
  656.6000	            -1190
  656.8000	            -1174
  657.0000	            -1218
  657.2000	            -1204
  657.4000	            -1165
  657.6000	            -1176
  657.8000	            -1178
  658.0000	            -1188
  658.2000	            -1201
  658.4000	            -1179
  658.6000	            -1170
  658.8000	            -1161
  659.0000	            -1219
  659.2000	            -1185
  659.4000	            -1174
  659.6000	            -1197
  659.8000	            -1129
  660.0000	            -1170
  660.2000	            -1148
  660.4000	            -1164
  660.6000	            -1141
  660.8000	            -1173
  661.0000	            -1170
  661.2000	            -1159
  661.4000	            -1185
  661.6000	            -1190
  661.8000	            -1182
  662.0000	            -1186
  662.2000	            -1207
  662.4000	            -1189
  662.6000	            -1189
  662.8000	            -1193
  663.0000	            -1129
  663.2000	            -1127
  663.4000	            -1164
  663.6000	            -1174
  663.8000	            -1200
  664.0000	            -1174
  664.2000	            -1190
  664.4000	            -1170
  664.6000	            -1170
  664.8000	            -1190
  665.0000	            -1190
  665.2000	            -1185
  665.4000	            -1193
  665.6000	            -1173
  665.8000	            -1223
  666.0000	            -1194
  666.2000	            -1202
  666.4000	            -1185
  666.6000	            -1190
  666.8000	            -1196
  667.0000	            -1157
  667.2000	            -1200
  667.4000	            -1151
  667.6000	            -1135
  667.8000	            -1198
  668.0000	            -1129
  668.2000	            -1174
  668.4000	            -1177
  668.6000	            -1177
  668.8000	            -1170
  669.0000	            -1192
  669.2000	            -1191
  669.4000	            -1147
  669.6000	            -1189
  669.8000	            -1174
  670.0000	            -1182
  670.2000	            -1200
  670.4000	            -1186
  670.6000	            -1187
  670.8000	            -1149
  671.0000	            -1202
  671.2000	            -1224
  671.4000	            -1191
  671.6000	            -1216
  671.8000	            -1185
  672.0000	            -1205
  672.2000	            -1189
  672.4000	            -1201
  672.6000	            -1199
  672.8000	            -1199
  673.0000	            -1220
  673.2000	            -1187
  673.4000	            -1170
  673.6000	            -1174
  673.8000	            -1183
  674.0000	            -1191
  674.2000	            -1173
  674.4000	            -1190
  674.6000	            -1170
  674.8000	            -1164
  675.0000	            -1191
  675.2000	            -1165
  675.4000	            -1180
  675.6000	            -1165
  675.8000	            -1188
  676.0000	            -1184
  676.2000	            -1185
  676.4000	            -1127
  676.6000	            -1159
  676.8000	            -1193
  677.0000	            -1188
  677.2000	            -1131
  677.4000	            -1239
  677.6000	            -1213
  677.8000	            -1189
  678.0000	            -1174
  678.2000	            -1209
  678.4000	            -1151
  678.6000	            -1195
  678.8000	            -1183
  679.0000	            -1180
  679.2000	            -1206
  679.4000	            -1189
  679.6000	            -1206
  679.8000	            -1194
  680.0000	            -1164
  680.2000	            -1181
  680.4000	            -1207
  680.6000	            -1182
  680.8000	            -1195
  681.0000	            -1175
  681.2000	            -1200
  681.4000	            -1214
  681.6000	            -1209
  681.8000	            -1185
  682.0000	            -1198
  682.2000	            -1177
  682.4000	            -1190
  682.6000	            -1199
  682.8000	            -1200
  683.0000	            -1201
  683.2000	            -1196
  683.4000	            -1190
  683.6000	            -1202
  683.8000	            -1151
  684.0000	            -1208
  684.2000	            -1185
  684.4000	            -1184
  684.6000	            -1190
  684.8000	            -1184
  685.0000	            -1209
  685.2000	            -1182
  685.4000	            -1201
  685.6000	            -1166
  685.8000	            -1206
  686.0000	            -1191
  686.2000	            -1167
  686.4000	            -1206
  686.6000	            -1204
  686.8000	            -1185
  687.0000	            -1161
  687.2000	            -1209
  687.4000	            -1194
  687.6000	            -1213
  687.8000	            -1129
  688.0000	            -1157
  688.2000	            -1151
  688.4000	            -1177
  688.6000	            -1194
  688.8000	            -1179
  689.0000	            -1171
  689.2000	            -1190
  689.4000	            -1174
  689.6000	            -1197
  689.8000	            -1175
  690.0000	            -1191
  690.2000	            -1179
  690.4000	            -1206
  690.6000	            -1215
  690.8000	            -1190
  691.0000	            -1178
  691.2000	            -1161
  691.4000	            -1200
  691.6000	            -1151
  691.8000	            -1185
  692.0000	            -1174
  692.2000	            -1198
  692.4000	            -1193
  692.6000	            -1195
  692.8000	            -1181
  693.0000	            -1210
  693.2000	            -1190
  693.4000	            -1214
  693.6000	            -1183
  693.8000	            -1181
  694.0000	            -1212
  694.2000	            -1192
  694.4000	            -1185
  694.6000	            -1211
  694.8000	            -1195
  695.0000	            -1193
  695.2000	            -1173
  695.4000	            -1151
  695.6000	            -1213
  695.8000	            -1183
  696.0000	            -1144
  696.2000	            -1205
  696.4000	            -1016
  696.6000	            -1161
  696.8000	            -1188
  697.0000	            -1158
  697.2000	            -1232
  697.4000	            -1193
  697.6000	            -1198
  697.8000	            -1199
  698.0000	            -1208
  698.2000	            -1185
  698.4000	            -1179
  698.6000	            -1188
  698.8000	            -1213
  699.0000	            -1200
  699.2000	            -1184
  699.4000	            -1170
  699.6000	            -1194
  699.8000	            -1175
  700.0000	            -1190
  700.2000	            -1222
  700.4000	            -1211
  700.6000	            -1205
  700.8000	            -1187
  701.0000	            -1191
  701.2000	            -1174
  701.4000	            -1191
  701.6000	            -1203
  701.8000	            -1190
  702.0000	            -1191
  702.2000	            -1208
  702.4000	            -1198
  702.6000	            -1184
  702.8000	            -1207
  703.0000	            -1143
  703.2000	            -1217
  703.4000	            -1191
  703.6000	            -1194
  703.8000	            -1211
  704.0000	            -1190
  704.2000	            -1191
  704.4000	            -1190
  704.6000	            -1190
  704.8000	            -1202
  705.0000	            -1145
  705.2000	            -1190
  705.4000	            -1181
  705.6000	            -1199
  705.8000	            -1184
  706.0000	            -1189
  706.2000	            -1206
  706.4000	            -1195
  706.6000	             -879
  706.8000	            -1183
  707.0000	            -1201
  707.2000	            -1198
  707.4000	            -1174
  707.6000	            -1174
  707.8000	            -1212
  708.0000	            -1191
  708.2000	            -1166
  708.4000	            -1195
  708.6000	            -1190
  708.8000	            -1187
  709.0000	            -1223
  709.2000	            -1202
  709.4000	            -1151
  709.6000	            -1199
  709.8000	            -1194
  710.0000	            -1170
  710.2000	            -1187
  710.4000	            -1191
  710.6000	            -1181
  710.8000	            -1193
  711.0000	            -1151
  711.2000	            -1187
  711.4000	            -1161
  711.6000	            -1197
  711.8000	            -1202
  712.0000	            -1201
  712.2000	            -1206
  712.4000	            -1190
  712.6000	            -1197
  712.8000	            -1193
  713.0000	            -1192
  713.2000	            -1177
  713.4000	            -1158
  713.6000	            -1183
  713.8000	            -1170
  714.0000	            -1167
  714.2000	            -1199
  714.4000	            -1191
  714.6000	            -1194
  714.8000	            -1202
  715.0000	            -1195
  715.2000	            -1129
  715.4000	            -1227
  715.6000	            -1202
  715.8000	            -1182
  716.0000	            -1231
  716.2000	            -1200
  716.4000	            -1151
  716.6000	            -1226
  716.8000	            -1197
  717.0000	            -1182
  717.2000	            -1149
  717.4000	            -1206
  717.6000	            -1190
  717.8000	            -1216
  718.0000	            -1184
  718.2000	            -1210
  718.4000	            -1188
  718.6000	            -1201
  718.8000	            -1199
  719.0000	            -1195
  719.2000	            -1176
  719.4000	            -1173
  719.6000	            -1201
  719.8000	            -1185
  720.0000	            -1174
  720.2000	            -1178
  720.4000	            -1197
  720.6000	            -1151
  720.8000	            -1183
  721.0000	            -1226
  721.2000	            -1173
  721.4000	            -1190
  721.6000	            -1163
  721.8000	            -1156
  722.0000	            -1130
  722.2000	            -1181
  722.4000	            -1203
  722.6000	            -1184
  722.8000	            -1185
  723.0000	            -1202
  723.2000	            -1173
  723.4000	            -1203
  723.6000	            -1185
  723.8000	            -1223
  724.0000	            -1175
  724.2000	            -1141
  724.4000	            -1176
  724.6000	            -1173
  724.8000	            -1208
  725.0000	            -1191
  725.2000	            -1202
  725.4000	            -1217
  725.6000	            -1173
  725.8000	            -1192
  726.0000	            -1174
  726.2000	            -1197
  726.4000	            -1229
  726.6000	            -1197
  726.8000	            -1202
  727.0000	            -1203
  727.2000	            -1096
  727.4000	            -1188
  727.6000	            -1182
  727.8000	            -1214
  728.0000	            -1186
  728.2000	            -1191
  728.4000	            -1187
  728.6000	            -1201
  728.8000	            -1194
  729.0000	            -1165
  729.2000	            -1223
  729.4000	            -1204
  729.6000	            -1195
  729.8000	            -1188
  730.0000	            -1185
  730.2000	            -1182
  730.4000	            -1221
  730.6000	            -1237
  730.8000	            -1181
  731.0000	            -1183
  731.2000	            -1195
  731.4000	            -1191
  731.6000	            -1162
  731.8000	            -1170
  732.0000	            -1151
  732.2000	            -1176
  732.4000	            -1157
  732.6000	            -1226
  732.8000	            -1166
  733.0000	            -1187
  733.2000	            -1176
  733.4000	            -1208
  733.6000	            -1182
  733.8000	            -1170
  734.0000	            -1151
  734.2000	            -1188
  734.4000	            -1174
  734.6000	            -1193
  734.8000	            -1186
  735.0000	            -1186
  735.2000	            -1200
  735.4000	            -1196
  735.6000	            -1161
  735.8000	            -1202
  736.0000	            -1209
  736.2000	            -1210
  736.4000	            -1215
  736.6000	            -1181
  736.8000	            -1188
  737.0000	            -1151
  737.2000	            -1167
  737.4000	            -1182
  737.6000	            -1187
  737.8000	            -1174
  738.0000	            -1184
  738.2000	            -1151
  738.4000	             -621
  738.6000	            -1132
  738.8000	            -1195
  739.0000	            -1176
  739.2000	            -1172
  739.4000	            -1183
  739.6000	            -1208
  739.8000	            -1215
  740.0000	            -1214
  740.2000	            -1197
  740.4000	            -1196
  740.6000	            -1188
  740.8000	            -1198
  741.0000	            -1212
  741.2000	            -1198
  741.4000	            -1170
  741.6000	            -1174
  741.8000	            -1213
  742.0000	            -1178
  742.2000	            -1196
  742.4000	            -1161
  742.6000	            -1177
  742.8000	            -1211
  743.0000	            -1170
  743.2000	            -1151
  743.4000	            -1175
  743.6000	            -1164
  743.8000	            -1151
  744.0000	            -1151
  744.2000	            -1188
  744.4000	            -1190
  744.6000	            -1170
  744.8000	            -1171
  745.0000	            -1171
  745.2000	            -1189
  745.4000	            -1202
  745.6000	            -1132
  745.8000	            -1191
  746.0000	            -1170
  746.2000	            -1176
  746.4000	            -1200
  746.6000	            -1138
  746.8000	            -1136
  747.0000	            -1151
  747.2000	            -1193
  747.4000	            -1198
  747.6000	            -1171
  747.8000	            -1213
  748.0000	            -1181
  748.2000	            -1161
  748.4000	            -1213
  748.6000	            -1170
  748.8000	            -1193
  749.0000	            -1161
  749.2000	            -1195
  749.4000	            -1176
  749.6000	            -1161
  749.8000	            -1151
  750.0000	            -1178
  750.2000	             -733
  750.4000	              398
  750.6000	            -1143
  750.8000	            -1170
  751.0000	            -1170
  751.2000	            -1173
  751.4000	             -245
  751.6000	            -1183
  751.8000	            -1170
  752.0000	            -1194
  752.2000	            -1196
  752.4000	            -1206
  752.6000	            -1199
  752.8000	            -1180
  753.0000	            -1187
  753.2000	            -1188
  753.4000	            -1163
  753.6000	            -1178
  753.8000	            -1172
  754.0000	            -1170
  754.2000	            -1203
  754.4000	            -1199
  754.6000	            -1190
  754.8000	            -1151
  755.0000	            -1190
  755.2000	            -1186
  755.4000	            -1151
  755.6000	            -1141
  755.8000	            -1213
  756.0000	            -1184
  756.2000	            -1171
  756.4000	            -1174
  756.6000	            -1177
  756.8000	            -1170
  757.0000	            -1174
  757.2000	            -1194
  757.4000	            -1177
  757.6000	            -1190
  757.8000	            -1199
  758.0000	            -1194
  758.2000	            -1195
  758.4000	            -1195
  758.6000	            -1158
  758.8000	            -1187
  759.0000	            -1180
  759.2000	            -1187
  759.4000	            -1155
  759.6000	            -1197
  759.8000	            -1206
  760.0000	            -1177
  760.2000	            -1195
  760.4000	            -1174
  760.6000	            -1190
  760.8000	            -1183
  761.0000	            -1172
  761.2000	            -1151
  761.4000	            -1196
  761.6000	            -1193
  761.8000	            -1190
  762.0000	            -1170
  762.2000	            -1186
  762.4000	            -1183
  762.6000	            -1183
  762.8000	            -1173
  763.0000	            -1206
  763.2000	            -1182
  763.4000	               97
  763.6000	            -1159
  763.8000	            -1180
  764.0000	            -1200
  764.2000	            -1177
  764.4000	            -1175
  764.6000	            -1197
  764.8000	            -1217
  765.0000	            -1161
  765.2000	            -1214
  765.4000	            -1226
  765.6000	            -1198
  765.8000	            -1181
  766.0000	            -1151
  766.2000	            -1181
  766.4000	            -1197
  766.6000	            -1194
  766.8000	            -1198
  767.0000	            -1206
  767.2000	            -1183
  767.4000	            -1195
  767.6000	            -1208
  767.8000	            -1190
  768.0000	            -1149
  768.2000	            -1170
  768.4000	            -1141
  768.6000	            -1188
  768.8000	            -1162
  769.0000	            -1191
  769.2000	            -1183
  769.4000	            -1189
  769.6000	            -1193
  769.8000	            -1177
  770.0000	            -1151
  770.2000	            -1174
  770.4000	            -1172
  770.6000	            -1190
  770.8000	            -1183
  771.0000	            -1203
  771.2000	            -1161
  771.4000	            -1196
  771.6000	            -1215
  771.8000	            -1179
  772.0000	            -1185
  772.2000	            -1152
  772.4000	             -833
  772.6000	            -1167
  772.8000	            -1174
  773.0000	            -1184
  773.2000	            -1201
  773.4000	            -1202
  773.6000	            -1187
  773.8000	            -1141
  774.0000	            -1170
  774.2000	            -1197
  774.4000	            -1185
  774.6000	            -1224
  774.8000	            -1161
  775.0000	            -1166
  775.2000	            -1200
  775.4000	            -1146
  775.6000	            -1190
  775.8000	            -1195
  776.0000	            -1175
  776.2000	            -1200
  776.4000	            -1171
  776.6000	            -1193
  776.8000	            -1190
  777.0000	            -1196
  777.2000	            -1205
  777.4000	            -1173
  777.6000	            -1215
  777.8000	            -1180
  778.0000	            -1196
  778.2000	            -1170
  778.4000	            -1185
  778.6000	            -1202
  778.8000	            -1196
  779.0000	            -1214
  779.2000	            -1188
  779.4000	            -1174
  779.6000	            -1184
  779.8000	            -1193
  780.0000	            -1193
  780.2000	            -1179
  780.4000	            -1176
  780.6000	            -1171
  780.8000	            -1163
  781.0000	            -1194
  781.2000	            -1187
  781.4000	            -1223
  781.6000	            -1181
  781.8000	            -1187
  782.0000	            -1196
  782.2000	            -1151
  782.4000	            -1151
  782.6000	            -1215
  782.8000	            -1202
  783.0000	            -1185
  783.2000	            -1180
  783.4000	            -1176
  783.6000	            -1208
  783.8000	            -1177
  784.0000	            -1170
  784.2000	            -1171
  784.4000	            -1174
  784.6000	            -1156
  784.8000	            -1197
  785.0000	            -1191
  785.2000	            -1195
  785.4000	            -1163
  785.6000	            -1174
  785.8000	            -1129
  786.0000	            -1195
  786.2000	            -1173
  786.4000	            -1177
  786.6000	            -1176
  786.8000	            -1176
  787.0000	            -1181
  787.2000	            -1190
  787.4000	            -1219
  787.6000	            -1172
  787.8000	            -1183
  788.0000	            -1174
  788.2000	            -1179
  788.4000	            -1193
  788.6000	            -1191
  788.8000	            -1191
  789.0000	            -1161
  789.2000	            -1181
  789.4000	            -1168
  789.6000	            -1212
  789.8000	            -1199
  790.0000	            -1202
  790.2000	            -1217
  790.4000	            -1192
  790.6000	            -1202
  790.8000	            -1190
  791.0000	            -1183
  791.2000	            -1176
  791.4000	            -1196
  791.6000	            -1163
  791.8000	            -1194
  792.0000	            -1151
  792.2000	            -1200
  792.4000	            -1182
  792.6000	            -1132
  792.8000	            -1202
  793.0000	            -1177
  793.2000	            -1199
  793.4000	            -1161
  793.6000	            -1226
  793.8000	            -1197
  794.0000	            -1177
  794.2000	            -1176
  794.4000	            -1181
  794.6000	            -1182
  794.8000	             -811
  795.0000	            -1191
  795.2000	            -1190
  795.4000	            -1181
  795.6000	            -1175
  795.8000	            -1170
  796.0000	            -1168
  796.2000	            -1216
  796.4000	            -1137
  796.6000	            -1181
  796.8000	            -1166
  797.0000	            -1190
  797.2000	            -1227
  797.4000	            -1199
  797.6000	            -1199
  797.8000	            -1223
  798.0000	            -1222
  798.2000	            -1226
  798.4000	            -1175
  798.6000	            -1191
  798.8000	            -1217
  799.0000	            -1185
  799.2000	            -1199
  799.4000	            -1193
  799.6000	            -1199
  799.8000	            -1189
  800.0000	            -1189
  800.2000	            -1199
  800.4000	            -1174
  800.6000	            -1117
  800.8000	            -1198
  801.0000	            -1227
  801.2000	            -1191
  801.4000	             -944
  801.6000	            -1227
  801.8000	            -1182
  802.0000	            -1181
  802.2000	            -1180
  802.4000	            -1229
  802.6000	            -1190
  802.8000	            -1185
  803.0000	            -1207
  803.2000	            -1226
  803.4000	            -1194
  803.6000	            -1248
  803.8000	            -1219
  804.0000	            -1181
  804.2000	            -1196
  804.4000	            -1206
  804.6000	            -1178
  804.8000	            -1188
  805.0000	            -1202
