  500.0000	            -1147
  500.2000	            -1173
  500.4000	            -1148
  500.6000	            -1193
  500.8000	            -1159
  501.0000	            -1129
  501.2000	            -1174
  501.4000	            -1167
  501.6000	            -1125
  501.8000	            -1156
  502.0000	            -1159
  502.2000	            -1180
  502.4000	            -1188
  502.6000	            -1190
  502.8000	            -1146
  503.0000	            -1135
  503.2000	            -1177
  503.4000	            -1195
  503.6000	            -1188
  503.8000	            -1166
  504.0000	            -1197
  504.2000	            -1198
  504.4000	            -1137
  504.6000	            -1173
  504.8000	            -1191
  505.0000	            -1158
  505.2000	            -1151
  505.4000	            -1156
  505.6000	            -1182
  505.8000	            -1198
  506.0000	            -1143
  506.2000	            -1148
  506.4000	            -1143
  506.6000	            -1195
  506.8000	            -1202
  507.0000	            -1151
  507.2000	            -1145
  507.4000	            -1203
  507.6000	            -1164
  507.8000	            -1175
  508.0000	            -1187
  508.2000	            -1171
  508.4000	            -1165
  508.6000	            -1135
  508.8000	            -1198
  509.0000	            -1172
  509.2000	            -1129
  509.4000	            -1187
  509.6000	            -1129
  509.8000	            -1151
  510.0000	            -1190
  510.2000	            -1145
  510.4000	            -1151
  510.6000	            -1148
  510.8000	            -1144
  511.0000	            -1213
  511.2000	            -1191
  511.4000	            -1145
  511.6000	            -1135
  511.8000	            -1152
  512.0000	            -1174
  512.2000	            -1152
  512.4000	            -1162
  512.6000	            -1166
  512.8000	            -1137
  513.0000	            -1195
  513.2000	            -1193
  513.4000	            -1202
  513.6000	            -1140
  513.8000	            -1174
  514.0000	            -1191
  514.2000	            -1203
  514.4000	            -1171
  514.6000	            -1158
  514.8000	            -1152
  515.0000	            -1186
  515.2000	            -1195
  515.4000	            -1181
  515.6000	            -1179
  515.8000	            -1151
  516.0000	            -1184
  516.2000	            -1161
  516.4000	            -1159
  516.6000	            -1173
  516.8000	            -1165
  517.0000	            -1169
  517.2000	            -1148
  517.4000	            -1170
  517.6000	            -1143
  517.8000	            -1137
  518.0000	            -1159
  518.2000	            -1151
  518.4000	            -1186
  518.6000	            -1143
  518.8000	            -1172
  519.0000	            -1190
  519.2000	            -1216
  519.4000	            -1197
  519.6000	            -1188
  519.8000	            -1177
  520.0000	            -1203
  520.2000	            -1181
  520.4000	            -1162
  520.6000	            -1188
  520.8000	            -1164
  521.0000	            -1199
  521.2000	            -1172
  521.4000	            -1166
  521.6000	            -1192
  521.8000	            -1182
  522.0000	            -1193
  522.2000	            -1175
  522.4000	            -1132
  522.6000	            -1129
  522.8000	            -1163
  523.0000	            -1190
  523.2000	            -1175
  523.4000	            -1150
  523.6000	            -1206
  523.8000	            -1203
  524.0000	            -1171
  524.2000	            -1170
  524.4000	            -1172
  524.6000	            -1173
  524.8000	            -1197
  525.0000	            -1195
  525.2000	            -1177
  525.4000	            -1151
  525.6000	            -1202
  525.8000	            -1202
  526.0000	            -1193
  526.2000	            -1183
  526.4000	            -1170
  526.6000	            -1193
  526.8000	            -1186
  527.0000	            -1188
  527.2000	            -1129
  527.4000	            -1199
  527.6000	            -1184
  527.8000	            -1178
  528.0000	            -1141
  528.2000	            -1199
  528.4000	            -1216
  528.6000	            -1183
  528.8000	            -1171
  529.0000	            -1172
  529.2000	            -1202
  529.4000	            -1148
  529.6000	            -1151
  529.8000	            -1174
  530.0000	            -1173
  530.2000	            -1156
  530.4000	            -1166
  530.6000	            -1170
  530.8000	            -1190
  531.0000	            -1151
  531.2000	            -1188
  531.4000	            -1144
  531.6000	            -1174
  531.8000	            -1213
  532.0000	            -1190
  532.2000	            -1213
  532.4000	            -1170
  532.6000	            -1176
  532.8000	            -1131
  533.0000	            -1205
  533.2000	            -1174
  533.4000	            -1206
  533.6000	            -1191
  533.8000	            -1199
  534.0000	            -1199
  534.2000	            -1193
  534.4000	            -1198
  534.6000	            -1174
  534.8000	            -1111
  535.0000	            -1193
  535.2000	            -1213
  535.4000	            -1181
  535.6000	            -1183
  535.8000	            -1176
  536.0000	            -1190
  536.2000	            -1188
  536.4000	            -1213
  536.6000	            -1167
  536.8000	            -1174
  537.0000	            -1197
  537.2000	            -1151
  537.4000	            -1151
  537.6000	            -1202
  537.8000	            -1193
  538.0000	            -1193
  538.2000	            -1213
  538.4000	            -1177
  538.6000	            -1174
  538.8000	            -1197
  539.0000	            -1170
  539.2000	            -1183
  539.4000	            -1207
  539.6000	            -1177
  539.8000	            -1183
  540.0000	            -1164
  540.2000	            -1174
  540.4000	            -1195
  540.6000	            -1212
  540.8000	            -1151
  541.0000	            -1203
  541.2000	            -1184
  541.4000	            -1179
  541.6000	            -1174
  541.8000	            -1203
  542.0000	            -1174
  542.2000	            -1184
  542.4000	            -1193
  542.6000	            -1164
  542.8000	            -1137
  543.0000	            -1129
  543.2000	            -1161
  543.4000	            -1129
  543.6000	            -1206
  543.8000	            -1173
  544.0000	            -1172
  544.2000	            -1223
  544.4000	            -1170
  544.6000	            -1170
  544.8000	            -1174
  545.0000	            -1144
  545.2000	            -1155
  545.4000	            -1161
  545.6000	            -1151
  545.8000	            -1198
  546.0000	            -1192
  546.2000	            -1201
  546.4000	            -1195
  546.6000	            -1155
  546.8000	            -1206
  547.0000	            -1190
  547.2000	            -1183
  547.4000	            -1192
  547.6000	            -1191
  547.8000	            -1143
  548.0000	            -1151
  548.2000	            -1174
  548.4000	            -1215
  548.6000	            -1180
  548.8000	            -1172
  549.0000	            -1202
  549.2000	            -1170
  549.4000	            -1161
  549.6000	            -1215
  549.8000	            -1177
  550.0000	            -1213
  550.2000	            -1170
  550.4000	            -1192
  550.6000	            -1141
  550.8000	            -1174
  551.0000	            -1216
  551.2000	            -1195
  551.4000	            -1161
  551.6000	            -1161
  551.8000	            -1174
  552.0000	            -1136
  552.2000	            -1182
  552.4000	            -1157
  552.6000	            -1179
  552.8000	            -1202
  553.0000	            -1193
  553.2000	            -1129
  553.4000	            -1202
  553.6000	            -1151
  553.8000	            -1193
  554.0000	            -1191
  554.2000	            -1197
  554.4000	            -1191
  554.6000	            -1181
  554.8000	            -1193
  555.0000	            -1170
  555.2000	            -1176
  555.4000	            -1126
  555.6000	            -1185
  555.8000	            -1150
  556.0000	            -1189
  556.2000	            -1211
  556.4000	            -1196
  556.6000	            -1188
  556.8000	            -1170
  557.0000	            -1201
  557.2000	            -1175
  557.4000	            -1183
  557.6000	            -1138
  557.8000	            -1185
  558.0000	            -1190
  558.2000	            -1174
  558.4000	            -1156
  558.6000	            -1201
  558.8000	            -1183
  559.0000	            -1185
  559.2000	            -1177
  559.4000	            -1213
  559.6000	            -1129
  559.8000	            -1145
  560.0000	            -1174
  560.2000	            -1190
  560.4000	            -1176
  560.6000	            -1159
  560.8000	            -1174
  561.0000	            -1216
  561.2000	            -1234
  561.4000	            -1173
  561.6000	            -1189
  561.8000	            -1200
  562.0000	            -1170
  562.2000	            -1129
  562.4000	            -1181
  562.6000	            -1177
  562.8000	            -1174
  563.0000	            -1190
  563.2000	            -1130
  563.4000	            -1170
  563.6000	            -1191
  563.8000	            -1227
  564.0000	            -1190
  564.2000	            -1170
  564.4000	            -1129
  564.6000	            -1174
  564.8000	            -1194
  565.0000	            -1174
  565.2000	            -1183
  565.4000	            -1211
  565.6000	            -1180
  565.8000	            -1151
  566.0000	            -1194
  566.2000	            -1213
  566.4000	            -1196
  566.6000	            -1161
  566.8000	            -1151
  567.0000	            -1181
  567.2000	            -1161
  567.4000	            -1151
  567.6000	            -1190
  567.8000	            -1183
  568.0000	            -1135
  568.2000	            -1161
  568.4000	            -1170
  568.6000	            -1193
  568.8000	            -1173
  569.0000	            -1173
  569.2000	            -1188
  569.4000	            -1187
  569.6000	            -1161
  569.8000	            -1143
  570.0000	            -1173
  570.2000	            -1193
  570.4000	            -1173
  570.6000	            -1170
  570.8000	            -1215
  571.0000	            -1191
  571.2000	            -1199
  571.4000	            -1163
  571.6000	            -1174
  571.8000	            -1210
  572.0000	            -1156
  572.2000	            -1151
  572.4000	            -1166
  572.6000	            -1187
  572.8000	            -1183
  573.0000	            -1191
  573.2000	            -1174
  573.4000	            -1161
  573.6000	            -1136
  573.8000	            -1170
  574.0000	            -1189
  574.2000	            -1177
  574.4000	            -1137
  574.6000	            -1187
  574.8000	            -1174
  575.0000	            -1164
  575.2000	            -1190
  575.4000	            -1176
  575.6000	            -1163
  575.8000	            -1170
  576.0000	            -1187
  576.2000	            -1200
  576.4000	            -1189
  576.6000	            -1163
  576.8000	            -1182
  577.0000	            -1173
  577.2000	            -1161
  577.4000	            -1195
  577.6000	            -1170
  577.8000	            -1198
  578.0000	            -1151
  578.2000	            -1190
  578.4000	            -1183
  578.6000	            -1138
  578.8000	            -1129
  579.0000	            -1151
  579.2000	            -1182
  579.4000	            -1211
  579.6000	            -1151
  579.8000	            -1185
  580.0000	            -1183
  580.2000	            -1157
  580.4000	            -1127
  580.6000	            -1173
  580.8000	            -1188
  581.0000	            -1173
  581.2000	            -1174
  581.4000	            -1201
  581.6000	            -1199
  581.8000	            -1187
  582.0000	            -1137
  582.2000	            -1172
  582.4000	            -1180
  582.6000	            -1162
  582.8000	            -1151
  583.0000	            -1161
  583.2000	            -1202
  583.4000	            -1195
  583.6000	            -1190
  583.8000	            -1179
  584.0000	            -1178
  584.2000	            -1164
  584.4000	            -1193
  584.6000	            -1177
  584.8000	            -1152
  585.0000	            -1145
  585.2000	            -1177
  585.4000	            -1219
  585.6000	            -1197
  585.8000	            -1174
  586.0000	            -1201
  586.2000	            -1206
  586.4000	            -1143
  586.6000	            -1161
  586.8000	            -1161
  587.0000	            -1195
  587.2000	            -1172
  587.4000	            -1177
  587.6000	            -1181
  587.8000	            -1168
  588.0000	            -1177
  588.2000	            -1185
  588.4000	            -1170
  588.6000	            -1211
  588.8000	            -1174
  589.0000	            -1187
  589.2000	            -1161
  589.4000	            -1177
  589.6000	            -1180
  589.8000	            -1145
  590.0000	            -1174
  590.2000	            -1191
  590.4000	            -1180
  590.6000	            -1184
  590.8000	            -1194
  591.0000	            -1164
  591.2000	            -1184
  591.4000	            -1197
  591.6000	            -1174
  591.8000	            -1179
  592.0000	            -1188
  592.2000	            -1177
  592.4000	            -1164
  592.6000	            -1178
  592.8000	            -1176
  593.0000	            -1155
  593.2000	            -1151
  593.4000	            -1151
  593.6000	            -1157
  593.8000	            -1180
  594.0000	            -1151
  594.2000	            -1170
  594.4000	            -1173
  594.6000	            -1166
  594.8000	            -1173
  595.0000	            -1207
  595.2000	            -1200
  595.4000	            -1180
  595.6000	            -1177
  595.8000	            -1156
  596.0000	            -1144
  596.2000	            -1185
  596.4000	            -1189
  596.6000	            -1187
  596.8000	            -1180
  597.0000	            -1177
  597.2000	            -1170
  597.4000	            -1180
  597.6000	            -1182
  597.8000	            -1179
  598.0000	            -1200
  598.2000	            -1182
  598.4000	            -1173
  598.6000	            -1170
  598.8000	            -1173
  599.0000	            -1180
  599.2000	            -1174
  599.4000	            -1141
  599.6000	            -1167
  599.8000	            -1167
  600.0000	            -1184
  600.2000	            -1221
  600.4000	            -1201
  600.6000	            -1185
  600.8000	            -1179
  601.0000	            -1187
  601.2000	            -1193
  601.4000	            -1188
  601.6000	            -1177
  601.8000	            -1189
  602.0000	            -1200
  602.2000	            -1178
  602.4000	            -1171
  602.6000	            -1151
  602.8000	            -1188
  603.0000	            -1161
  603.2000	            -1172
  603.4000	            -1190
  603.6000	            -1151
  603.8000	            -1182
  604.0000	            -1197
  604.2000	            -1129
  604.4000	            -1193
  604.6000	            -1186
  604.8000	            -1144
  605.0000	            -1174
  605.2000	            -1211
  605.4000	            -1193
  605.6000	            -1173
  605.8000	            -1185
  606.0000	            -1193
  606.2000	            -1188
  606.4000	            -1199
  606.6000	            -1196
  606.8000	            -1206
  607.0000	            -1188
  607.2000	            -1151
  607.4000	            -1132
  607.6000	            -1183
  607.8000	            -1171
  608.0000	            -1181
  608.2000	            -1149
  608.4000	            -1151
  608.6000	            -1180
  608.8000	            -1169
  609.0000	            -1159
  609.2000	            -1170
  609.4000	            -1183
  609.6000	            -1170
  609.8000	            -1174
  610.0000	            -1203
  610.2000	            -1151
  610.4000	            -1161
  610.6000	            -1163
  610.8000	            -1202
  611.0000	            -1190
  611.2000	            -1134
  611.4000	            -1153
  611.6000	            -1191
  611.8000	            -1212
  612.0000	            -1205
  612.2000	            -1148
  612.4000	            -1183
  612.6000	            -1174
  612.8000	            -1185
  613.0000	            -1141
  613.2000	            -1199
  613.4000	            -1141
  613.6000	            -1182
  613.8000	            -1129
  614.0000	            -1132
  614.2000	            -1176
  614.4000	            -1182
  614.6000	            -1177
  614.8000	            -1199
  615.0000	            -1190
  615.2000	            -1183
  615.4000	            -1193
  615.6000	            -1213
  615.8000	            -1200
  616.0000	            -1148
  616.2000	            -1201
  616.4000	            -1188
  616.6000	            -1161
  616.8000	            -1180
  617.0000	            -1177
  617.2000	            -1167
  617.4000	            -1191
  617.6000	            -1224
  617.8000	            -1180
  618.0000	            -1166
  618.2000	            -1185
  618.4000	            -1179
  618.6000	            -1183
  618.8000	            -1184
  619.0000	            -1187
  619.2000	            -1203
  619.4000	            -1168
  619.6000	            -1155
  619.8000	            -1183
  620.0000	            -1210
  620.2000	            -1181
  620.4000	            -1188
  620.6000	            -1190
  620.8000	            -1177
  621.0000	            -1206
  621.2000	            -1174
  621.4000	            -1185
  621.6000	            -1135
  621.8000	            -1193
  622.0000	            -1173
  622.2000	            -1211
  622.4000	            -1215
  622.6000	            -1184
  622.8000	            -1177
  623.0000	            -1176
  623.2000	            -1177
  623.4000	            -1183
  623.6000	            -1191
  623.8000	            -1193
  624.0000	            -1213
  624.2000	            -1219
  624.4000	            -1183
  624.6000	            -1197
  624.8000	            -1129
  625.0000	            -1161
  625.2000	            -1151
  625.4000	            -1177
  625.6000	            -1170
  625.8000	            -1170
  626.0000	            -1183
  626.2000	            -1189
  626.4000	            -1181
  626.6000	            -1177
  626.8000	            -1170
  627.0000	            -1182
  627.2000	            -1195
  627.4000	            -1185
  627.6000	            -1161
  627.8000	            -1205
  628.0000	            -1129
  628.2000	            -1193
  628.4000	            -1182
  628.6000	            -1127
  628.8000	            -1148
  629.0000	            -1190
  629.2000	            -1185
  629.4000	            -1183
  629.6000	            -1176
  629.8000	            -1178
  630.0000	            -1177
  630.2000	            -1182
  630.4000	            -1194
  630.6000	            -1174
  630.8000	            -1130
  631.0000	            -1163
  631.2000	            -1170
  631.4000	            -1209
  631.6000	            -1197
  631.8000	            -1170
  632.0000	            -1182
  632.2000	            -1191
  632.4000	            -1216
  632.6000	            -1210
  632.8000	            -1180
  633.0000	            -1174
  633.2000	            -1129
  633.4000	            -1195
  633.6000	            -1160
  633.8000	            -1211
  634.0000	            -1190
  634.2000	            -1213
  634.4000	            -1161
  634.6000	            -1180
  634.8000	            -1170
  635.0000	            -1151
  635.2000	            -1208
  635.4000	            -1185
  635.6000	            -1170
  635.8000	            -1156
  636.0000	            -1170
  636.2000	            -1183
  636.4000	            -1172
  636.6000	            -1170
  636.8000	            -1164
  637.0000	            -1161
  637.2000	            -1191
  637.4000	            -1177
  637.6000	            -1195
  637.8000	            -1196
  638.0000	            -1175
  638.2000	            -1180
  638.4000	            -1151
  638.6000	            -1214
  638.8000	            -1183
  639.0000	            -1182
  639.2000	            -1129
  639.4000	            -1177
  639.6000	            -1190
  639.8000	            -1212
  640.0000	            -1179
  640.2000	            -1174
  640.4000	            -1174
  640.6000	            -1173
  640.8000	            -1196
  641.0000	            -1193
  641.2000	            -1176
  641.4000	            -1186
  641.6000	            -1126
  641.8000	            -1188
  642.0000	            -1199
  642.2000	            -1170
  642.4000	            -1161
  642.6000	            -1188
  642.8000	            -1144
  643.0000	            -1155
  643.2000	            -1146
  643.4000	            -1161
  643.6000	            -1195
  643.8000	            -1161
  644.0000	            -1177
  644.2000	            -1182
  644.4000	            -1173
  644.6000	            -1156
  644.8000	            -1161
  645.0000	            -1173
  645.2000	            -1199
  645.4000	            -1173
  645.6000	            -1150
  645.8000	            -1164
  646.0000	            -1165
  646.2000	            -1143
  646.4000	            -1170
  646.6000	            -1130
  646.8000	            -1175
  647.0000	            -1200
  647.2000	            -1177
  647.4000	            -1156
  647.6000	            -1174
  647.8000	            -1215
  648.0000	            -1147
  648.2000	            -1188
  648.4000	            -1151
  648.6000	            -1185
  648.8000	            -1147
  649.0000	            -1170
  649.2000	            -1143
  649.4000	            -1182
  649.6000	            -1192
  649.8000	            -1195
  650.0000	            -1169
  650.2000	            -1181
  650.4000	            -1189
  650.6000	            -1138
  650.8000	            -1159
  651.0000	            -1195
  651.2000	            -1153
  651.4000	            -1190
  651.6000	            -1170
  651.8000	            -1191
  652.0000	            -1141
  652.2000	            -1194
  652.4000	            -1155
  652.6000	            -1176
  652.8000	            -1155
  653.0000	            -1180
  653.2000	            -1170
  653.4000	            -1200
  653.6000	            -1154
  653.8000	            -1176
  654.0000	            -1202
  654.2000	            -1158
  654.4000	            -1188
  654.6000	            -1170
  654.8000	            -1195
  655.0000	            -1151
  655.2000	            -1176
  655.4000	            -1197
  655.6000	            -1181
  655.8000	            -1180
  656.0000	            -1177
  656.2000	            -1172
  656.4000	            -1164
  656.6000	            -1141
  656.8000	            -1151
  657.0000	            -1164
  657.2000	            -1177
  657.4000	            -1161
  657.6000	            -1161
  657.8000	            -1146
  658.0000	            -1173
  658.2000	            -1148
  658.4000	            -1143
  658.6000	            -1173
  658.8000	            -1177
  659.0000	            -1173
  659.2000	            -1151
  659.4000	            -1196
  659.6000	            -1135
  659.8000	            -1178
  660.0000	            -1161
  660.2000	            -1156
  660.4000	            -1132
  660.6000	            -1176
  660.8000	            -1183
  661.0000	            -1163
  661.2000	            -1171
  661.4000	            -1175
  661.6000	            -1137
  661.8000	            -1208
  662.0000	            -1202
  662.2000	            -1148
  662.4000	            -1157
  662.6000	            -1170
  662.8000	            -1206
  663.0000	            -1147
  663.2000	            -1129
  663.4000	            -1170
  663.6000	            -1190
  663.8000	            -1129
  664.0000	            -1142
  664.2000	            -1129
  664.4000	            -1151
  664.6000	            -1151
  664.8000	            -1222
  665.0000	            -1173
  665.2000	            -1171
  665.4000	            -1150
  665.6000	            -1181
  665.8000	            -1195
  666.0000	            -1161
  666.2000	            -1182
  666.4000	            -1132
  666.6000	            -1183
  666.8000	            -1143
  667.0000	            -1144
  667.2000	            -1174
  667.4000	            -1159
  667.6000	            -1189
  667.8000	            -1190
  668.0000	            -1170
  668.2000	            -1161
  668.4000	            -1178
  668.6000	            -1190
  668.8000	            -1174
  669.0000	            -1149
  669.2000	            -1176
  669.4000	            -1174
  669.6000	            -1210
  669.8000	            -1175
  670.0000	            -1195
  670.2000	            -1202
  670.4000	            -1126
  670.6000	            -1188
  670.8000	            -1183
  671.0000	            -1184
  671.2000	            -1170
  671.4000	            -1197
  671.6000	            -1178
  671.8000	            -1153
  672.0000	            -1181
  672.2000	            -1187
  672.4000	            -1202
  672.6000	            -1175
  672.8000	            -1145
  673.0000	            -1192
  673.2000	            -1141
  673.4000	            -1180
  673.6000	            -1183
  673.8000	            -1185
  674.0000	            -1180
  674.2000	            -1223
  674.4000	            -1193
  674.6000	            -1186
  674.8000	            -1183
  675.0000	            -1177
  675.2000	            -1143
  675.4000	            -1126
  675.6000	            -1184
  675.8000	            -1202
  676.0000	            -1144
  676.2000	            -1151
  676.4000	            -1191
  676.6000	            -1185
  676.8000	            -1178
  677.0000	            -1190
  677.2000	            -1158
  677.4000	            -1185
  677.6000	            -1175
  677.8000	            -1159
  678.0000	            -1190
  678.2000	            -1185
  678.4000	            -1197
  678.6000	            -1161
  678.8000	            -1190
  679.0000	            -1227
  679.2000	            -1190
  679.4000	            -1170
  679.6000	            -1161
  679.8000	            -1195
  680.0000	            -1171
  680.2000	            -1205
  680.4000	            -1223
  680.6000	            -1190
  680.8000	            -1170
  681.0000	            -1173
  681.2000	            -1193
  681.4000	            -1206
  681.6000	            -1185
  681.8000	            -1208
  682.0000	            -1183
  682.2000	            -1170
  682.4000	            -1184
  682.6000	            -1149
  682.8000	            -1161
  683.0000	            -1214
  683.2000	            -1211
  683.4000	            -1170
  683.6000	            -1173
  683.8000	            -1179
  684.0000	            -1191
  684.2000	            -1191
  684.4000	            -1161
  684.6000	            -1181
  684.8000	            -1182
  685.0000	            -1151
  685.2000	            -1188
  685.4000	            -1201
  685.6000	            -1177
  685.8000	            -1151
  686.0000	            -1163
  686.2000	            -1185
  686.4000	            -1180
  686.6000	            -1174
  686.8000	            -1180
  687.0000	            -1213
  687.2000	            -1187
  687.4000	            -1181
  687.6000	            -1174
  687.8000	            -1184
  688.0000	            -1222
  688.2000	            -1182
  688.4000	            -1175
  688.6000	            -1212
  688.8000	            -1197
  689.0000	            -1136
  689.2000	            -1213
  689.4000	            -1188
  689.6000	            -1182
  689.8000	            -1207
  690.0000	            -1170
  690.2000	            -1206
  690.4000	            -1189
  690.6000	            -1163
  690.8000	            -1198
  691.0000	            -1141
  691.2000	            -1130
  691.4000	            -1202
  691.6000	            -1190
  691.8000	            -1201
  692.0000	            -1179
  692.2000	            -1191
  692.4000	            -1177
  692.6000	            -1172
  692.8000	            -1190
  693.0000	            -1209
  693.2000	            -1200
  693.4000	            -1185
  693.6000	            -1211
  693.8000	            -1173
  694.0000	            -1182
  694.2000	            -1195
  694.4000	            -1180
  694.6000	            -1184
  694.8000	            -1227
  695.0000	            -1179
  695.2000	            -1132
  695.4000	            -1185
  695.6000	            -1185
  695.8000	            -1198
  696.0000	            -1158
  696.2000	            -1174
  696.4000	            -1032
  696.6000	            -1165
  696.8000	            -1151
  697.0000	            -1172
  697.2000	            -1181
  697.4000	            -1207
  697.6000	            -1172
  697.8000	            -1213
  698.0000	            -1182
  698.2000	            -1223
  698.4000	            -1191
  698.6000	            -1191
  698.8000	            -1201
  699.0000	            -1171
  699.2000	            -1197
  699.4000	            -1199
  699.6000	            -1174
  699.8000	            -1188
  700.0000	            -1174
  700.2000	            -1132
  700.4000	            -1193
  700.6000	            -1208
  700.8000	            -1148
  701.0000	            -1181
  701.2000	            -1148
  701.4000	            -1194
  701.6000	            -1171
  701.8000	            -1190
  702.0000	            -1198
  702.2000	            -1197
  702.4000	            -1195
  702.6000	            -1225
  702.8000	            -1188
  703.0000	            -1137
  703.2000	            -1173
  703.4000	            -1132
  703.6000	            -1213
  703.8000	            -1190
  704.0000	            -1151
  704.2000	            -1204
  704.4000	            -1190
  704.6000	            -1176
  704.8000	            -1188
  705.0000	            -1186
  705.2000	            -1195
  705.4000	            -1179
  705.6000	            -1182
  705.8000	            -1161
  706.0000	            -1158
  706.2000	            -1197
  706.4000	            -1173
  706.6000	             -904
  706.8000	            -1138
  707.0000	            -1183
  707.2000	            -1199
  707.4000	            -1195
  707.6000	            -1212
  707.8000	            -1183
  708.0000	            -1181
  708.2000	            -1193
  708.4000	            -1226
  708.6000	            -1170
  708.8000	            -1179
  709.0000	            -1191
  709.2000	            -1172
  709.4000	            -1197
  709.6000	            -1186
  709.8000	            -1176
  710.0000	            -1190
  710.2000	            -1174
  710.4000	            -1157
  710.6000	            -1170
  710.8000	            -1129
  711.0000	            -1208
  711.2000	            -1145
  711.4000	            -1143
  711.6000	            -1181
  711.8000	            -1174
  712.0000	            -1171
  712.2000	            -1202
  712.4000	            -1181
  712.6000	            -1170
  712.8000	            -1217
  713.0000	            -1173
  713.2000	            -1199
  713.4000	            -1190
  713.6000	            -1217
  713.8000	            -1188
  714.0000	            -1141
  714.2000	            -1206
  714.4000	            -1156
  714.6000	            -1153
  714.8000	            -1181
  715.0000	            -1190
  715.2000	            -1183
  715.4000	            -1188
  715.6000	            -1215
  715.8000	            -1176
  716.0000	            -1171
  716.2000	            -1170
  716.4000	            -1180
  716.6000	            -1213
  716.8000	            -1202
  717.0000	            -1182
  717.2000	            -1170
  717.4000	            -1161
  717.6000	            -1166
  717.8000	            -1208
  718.0000	            -1185
  718.2000	            -1181
  718.4000	            -1116
  718.6000	            -1183
  718.8000	            -1174
  719.0000	            -1169
  719.2000	            -1192
  719.4000	            -1176
  719.6000	            -1184
  719.8000	            -1190
  720.0000	            -1179
  720.2000	            -1188
  720.4000	            -1170
  720.6000	            -1172
  720.8000	            -1174
  721.0000	            -1144
  721.2000	            -1207
  721.4000	            -1201
  721.6000	            -1177
  721.8000	            -1194
  722.0000	            -1183
  722.2000	            -1177
  722.4000	            -1193
  722.6000	            -1189
  722.8000	            -1193
  723.0000	            -1198
  723.2000	            -1170
  723.4000	            -1199
  723.6000	            -1211
  723.8000	            -1174
  724.0000	            -1174
  724.2000	            -1174
  724.4000	            -1173
  724.6000	            -1205
  724.8000	            -1197
  725.0000	            -1207
  725.2000	            -1203
  725.4000	            -1220
  725.6000	            -1213
  725.8000	            -1178
  726.0000	            -1181
  726.2000	            -1223
  726.4000	            -1215
  726.6000	            -1194
  726.8000	            -1151
  727.0000	            -1165
  727.2000	            -1098
  727.4000	            -1181
  727.6000	            -1180
  727.8000	            -1187
  728.0000	            -1183
  728.2000	            -1211
  728.4000	            -1177
  728.6000	            -1161
  728.8000	            -1183
  729.0000	            -1180
  729.2000	            -1168
  729.4000	            -1144
  729.6000	            -1186
  729.8000	            -1143
  730.0000	            -1210
  730.2000	            -1160
  730.4000	            -1199
  730.6000	            -1182
  730.8000	            -1193
  731.0000	            -1190
  731.2000	            -1174
  731.4000	            -1143
  731.6000	            -1157
  731.8000	            -1167
  732.0000	            -1129
  732.2000	            -1177
  732.4000	            -1202
  732.6000	            -1170
  732.8000	            -1170
  733.0000	            -1170
  733.2000	            -1132
  733.4000	            -1220
  733.6000	            -1182
  733.8000	            -1188
  734.0000	            -1181
  734.2000	            -1182
  734.4000	            -1194
  734.6000	            -1170
  734.8000	            -1211
  735.0000	            -1161
  735.2000	            -1190
  735.4000	            -1173
  735.6000	            -1187
  735.8000	            -1185
  736.0000	            -1161
  736.2000	            -1181
  736.4000	            -1202
  736.6000	            -1151
  736.8000	            -1151
  737.0000	            -1217
  737.2000	            -1126
  737.4000	            -1151
  737.6000	            -1197
  737.8000	            -1195
  738.0000	            -1190
  738.2000	            -1178
  738.4000	             -623
  738.6000	            -1182
  738.8000	            -1151
  739.0000	            -1161
  739.2000	            -1176
  739.4000	            -1174
  739.6000	            -1181
  739.8000	            -1176
  740.0000	            -1187
  740.2000	            -1159
  740.4000	            -1149
  740.6000	            -1211
  740.8000	            -1187
  741.0000	            -1174
  741.2000	            -1185
  741.4000	            -1219
  741.6000	            -1143
  741.8000	            -1161
  742.0000	            -1200
  742.2000	            -1177
  742.4000	            -1191
  742.6000	            -1180
  742.8000	            -1206
  743.0000	            -1137
  743.2000	            -1190
  743.4000	            -1151
  743.6000	            -1180
  743.8000	            -1173
  744.0000	            -1143
  744.2000	            -1186
  744.4000	            -1183
  744.6000	            -1203
  744.8000	            -1174
  745.0000	            -1205
  745.2000	            -1143
  745.4000	            -1161
  745.6000	            -1217
  745.8000	            -1172
  746.0000	            -1174
  746.2000	            -1152
  746.4000	            -1221
  746.6000	            -1184
  746.8000	            -1146
  747.0000	            -1151
  747.2000	            -1196
  747.4000	            -1179
  747.6000	            -1161
  747.8000	            -1191
  748.0000	            -1171
  748.2000	            -1168
  748.4000	            -1187
  748.6000	            -1174
  748.8000	            -1185
  749.0000	            -1163
  749.2000	            -1129
  749.4000	            -1188
  749.6000	            -1198
  749.8000	            -1201
  750.0000	            -1177
  750.2000	             -783
  750.4000	              749
  750.6000	            -1191
  750.8000	            -1193
  751.0000	            -1187
  751.2000	            -1203
  751.4000	             -216
  751.6000	            -1192
  751.8000	            -1171
  752.0000	            -1174
  752.2000	            -1172
  752.4000	            -1200
  752.6000	            -1136
  752.8000	            -1189
  753.0000	            -1194
  753.2000	            -1132
  753.4000	            -1202
  753.6000	            -1195
  753.8000	            -1191
  754.0000	            -1174
  754.2000	            -1171
  754.4000	            -1177
  754.6000	            -1191
  754.8000	            -1201
  755.0000	            -1217
  755.2000	            -1188
  755.4000	            -1185
  755.6000	            -1216
  755.8000	            -1193
  756.0000	            -1170
  756.2000	            -1176
  756.4000	            -1151
  756.6000	            -1151
  756.8000	            -1151
  757.0000	            -1188
  757.2000	            -1151
  757.4000	            -1214
  757.6000	            -1188
  757.8000	            -1157
  758.0000	            -1190
  758.2000	            -1201
  758.4000	            -1199
  758.6000	            -1204
  758.8000	            -1173
  759.0000	            -1186
  759.2000	            -1179
  759.4000	            -1185
  759.6000	            -1156
  759.8000	            -1126
  760.0000	            -1182
  760.2000	            -1151
  760.4000	            -1196
  760.6000	            -1129
  760.8000	            -1189
  761.0000	            -1194
  761.2000	            -1191
  761.4000	            -1191
  761.6000	            -1194
  761.8000	            -1189
  762.0000	            -1174
  762.2000	            -1193
  762.4000	            -1170
  762.6000	            -1188
  762.8000	            -1202
  763.0000	            -1191
  763.2000	            -1183
  763.4000	              102
  763.6000	            -1177
  763.8000	            -1174
  764.0000	            -1169
  764.2000	            -1183
  764.4000	            -1201
  764.6000	            -1156
  764.8000	            -1187
  765.0000	            -1193
  765.2000	            -1177
  765.4000	            -1171
  765.6000	            -1199
  765.8000	            -1144
  766.0000	            -1190
  766.2000	            -1173
  766.4000	            -1171
  766.6000	            -1166
  766.8000	            -1174
  767.0000	            -1170
  767.2000	            -1193
  767.4000	            -1183
  767.6000	            -1197
  767.8000	            -1181
  768.0000	            -1187
  768.2000	            -1201
  768.4000	            -1137
  768.6000	            -1195
  768.8000	            -1147
  769.0000	            -1171
  769.2000	            -1190
  769.4000	            -1141
  769.6000	            -1183
  769.8000	            -1170
  770.0000	            -1181
  770.2000	            -1200
  770.4000	            -1206
  770.6000	            -1171
  770.8000	            -1180
  771.0000	            -1161
  771.2000	            -1187
  771.4000	            -1151
  771.6000	            -1156
  771.8000	            -1181
  772.0000	            -1147
  772.2000	            -1132
  772.4000	             -724
  772.6000	            -1182
  772.8000	            -1132
  773.0000	            -1132
  773.2000	            -1187
  773.4000	            -1161
  773.6000	            -1207
  773.8000	            -1177
  774.0000	            -1174
  774.2000	            -1170
  774.4000	            -1170
  774.6000	            -1176
  774.8000	            -1181
  775.0000	            -1173
  775.2000	            -1187
  775.4000	            -1213
  775.6000	            -1184
  775.8000	            -1163
  776.0000	            -1214
  776.2000	            -1189
  776.4000	            -1208
  776.6000	            -1149
  776.8000	            -1190
  777.0000	            -1177
  777.2000	            -1191
  777.4000	            -1174
  777.6000	            -1161
  777.8000	            -1140
  778.0000	            -1174
  778.2000	            -1174
  778.4000	            -1201
  778.6000	            -1190
  778.8000	            -1211
  779.0000	            -1174
  779.2000	            -1210
  779.4000	            -1183
  779.6000	            -1206
  779.8000	            -1170
  780.0000	            -1177
  780.2000	            -1200
  780.4000	            -1200
  780.6000	            -1189
  780.8000	            -1183
  781.0000	            -1190
  781.2000	            -1193
  781.4000	            -1196
  781.6000	            -1197
  781.8000	            -1202
  782.0000	            -1148
  782.2000	            -1198
  782.4000	            -1173
  782.6000	            -1174
  782.8000	            -1208
  783.0000	            -1187
  783.2000	            -1190
  783.4000	            -1185
  783.6000	            -1185
  783.8000	            -1151
  784.0000	            -1129
  784.2000	            -1186
  784.4000	            -1193
  784.6000	            -1181
  784.8000	            -1164
  785.0000	            -1237
  785.2000	            -1191
  785.4000	            -1173
  785.6000	            -1193
  785.8000	            -1176
  786.0000	            -1177
  786.2000	            -1183
  786.4000	            -1151
  786.6000	            -1170
  786.8000	            -1182
  787.0000	            -1200
  787.2000	            -1180
  787.4000	            -1214
  787.6000	            -1187
  787.8000	            -1145
  788.0000	            -1240
  788.2000	            -1180
  788.4000	            -1166
  788.6000	            -1191
  788.8000	            -1174
  789.0000	            -1151
  789.2000	            -1201
  789.4000	            -1181
  789.6000	            -1208
  789.8000	            -1222
  790.0000	            -1191
  790.2000	            -1176
  790.4000	            -1211
  790.6000	            -1205
  790.8000	            -1190
  791.0000	            -1176
  791.2000	            -1193
  791.4000	            -1183
  791.6000	            -1177
  791.8000	            -1211
  792.0000	            -1170
  792.2000	            -1185
  792.4000	            -1171
  792.6000	            -1170
  792.8000	            -1163
  793.0000	            -1173
  793.2000	            -1180
  793.4000	            -1227
  793.6000	            -1181
  793.8000	            -1191
  794.0000	            -1184
  794.2000	            -1206
  794.4000	            -1190
  794.6000	            -1174
  794.8000	             -813
  795.0000	            -1195
  795.2000	            -1197
  795.4000	            -1206
  795.6000	            -1171
  795.8000	            -1179
  796.0000	            -1174
  796.2000	            -1127
  796.4000	            -1188
  796.6000	            -1206
  796.8000	            -1196
  797.0000	            -1203
  797.2000	            -1201
  797.4000	            -1213
  797.6000	            -1213
  797.8000	            -1191
  798.0000	            -1197
  798.2000	            -1223
  798.4000	            -1180
  798.6000	            -1213
  798.8000	            -1217
  799.0000	            -1174
  799.2000	            -1211
  799.4000	            -1215
  799.6000	            -1127
  799.8000	            -1190
  800.0000	            -1199
  800.2000	            -1174
  800.4000	            -1138
  800.6000	            -1066
  800.8000	            -1199
  801.0000	            -1182
  801.2000	            -1195
  801.4000	             -931
  801.6000	            -1183
  801.8000	            -1202
  802.0000	            -1190
  802.2000	            -1208
  802.4000	            -1210
  802.6000	            -1190
  802.8000	            -1214
  803.0000	            -1212
  803.2000	            -1221
  803.4000	            -1205
  803.6000	            -1217
  803.8000	            -1174
  804.0000	            -1168
  804.2000	            -1143
  804.4000	            -1201
  804.6000	            -1216
  804.8000	            -1183
  805.0000	            -1200
