  500.0000	            -1163
  500.2000	            -1159
  500.4000	            -1135
  500.6000	            -1135
  500.8000	            -1142
  501.0000	            -1159
  501.2000	            -1162
  501.4000	            -1156
  501.6000	            -1093
  501.8000	            -1156
  502.0000	            -1115
  502.2000	            -1107
  502.4000	            -1093
  502.6000	            -1129
  502.8000	            -1110
  503.0000	            -1108
  503.2000	            -1096
  503.4000	            -1100
  503.6000	            -1115
  503.8000	            -1143
  504.0000	            -1107
  504.2000	            -1161
  504.4000	            -1156
  504.6000	            -1153
  504.8000	            -1118
  505.0000	            -1104
  505.2000	            -1151
  505.4000	            -1181
  505.6000	            -1107
  505.8000	            -1104
  506.0000	            -1175
  506.2000	            -1117
  506.4000	            -1121
  506.6000	            -1118
  506.8000	            -1134
  507.0000	            -1106
  507.2000	            -1174
  507.4000	            -1126
  507.6000	            -1121
  507.8000	            -1141
  508.0000	            -1143
  508.2000	            -1123
  508.4000	            -1116
  508.6000	            -1110
  508.8000	            -1138
  509.0000	            -1134
  509.2000	            -1118
  509.4000	            -1110
  509.6000	            -1161
  509.8000	            -1161
  510.0000	            -1118
  510.2000	            -1127
  510.4000	            -1128
  510.6000	            -1117
  510.8000	            -1108
  511.0000	            -1110
  511.2000	            -1110
  511.4000	            -1175
  511.6000	            -1129
  511.8000	            -1168
  512.0000	            -1162
  512.2000	            -1167
  512.4000	            -1115
  512.6000	            -1130
  512.8000	            -1172
  513.0000	            -1143
  513.2000	            -1167
  513.4000	            -1095
  513.6000	            -1117
  513.8000	            -1135
  514.0000	            -1118
  514.2000	            -1116
  514.4000	            -1112
  514.6000	            -1156
  514.8000	            -1127
  515.0000	            -1139
  515.2000	            -1117
  515.4000	            -1168
  515.6000	            -1117
  515.8000	            -1169
  516.0000	            -1143
  516.2000	            -1142
  516.4000	            -1154
  516.6000	            -1110
  516.8000	            -1137
  517.0000	            -1091
  517.2000	            -1159
  517.4000	            -1075
  517.6000	            -1130
  517.8000	            -1107
  518.0000	            -1117
  518.2000	            -1174
  518.4000	            -1129
  518.6000	            -1152
  518.8000	            -1082
  519.0000	            -1156
  519.2000	            -1156
  519.4000	            -1100
  519.6000	            -1110
  519.8000	            -1137
  520.0000	            -1129
  520.2000	            -1143
  520.4000	            -1156
  520.6000	            -1117
  520.8000	            -1159
  521.0000	            -1100
  521.2000	            -1154
  521.4000	            -1128
  521.6000	            -1142
  521.8000	            -1166
  522.0000	            -1154
  522.2000	            -1139
  522.4000	            -1118
  522.6000	            -1156
  522.8000	            -1106
  523.0000	            -1116
  523.2000	            -1163
  523.4000	            -1169
  523.6000	            -1155
  523.8000	            -1141
  524.0000	            -1134
  524.2000	            -1138
  524.4000	            -1119
  524.6000	            -1117
  524.8000	            -1154
  525.0000	            -1163
  525.2000	            -1114
  525.4000	            -1118
  525.6000	            -1166
  525.8000	            -1139
  526.0000	            -1145
  526.2000	            -1153
  526.4000	            -1168
  526.6000	            -1117
  526.8000	            -1143
  527.0000	            -1159
  527.2000	            -1110
  527.4000	            -1153
  527.6000	            -1121
  527.8000	            -1168
  528.0000	            -1170
  528.2000	            -1154
  528.4000	            -1143
  528.6000	            -1137
  528.8000	            -1161
  529.0000	            -1145
  529.2000	            -1175
  529.4000	            -1118
  529.6000	            -1181
  529.8000	            -1143
  530.0000	            -1115
  530.2000	            -1123
  530.4000	            -1159
  530.6000	            -1142
  530.8000	            -1121
  531.0000	            -1104
  531.2000	            -1156
  531.4000	            -1110
  531.6000	            -1173
  531.8000	            -1108
  532.0000	            -1128
  532.2000	            -1172
  532.4000	            -1115
  532.6000	            -1117
  532.8000	            -1108
  533.0000	            -1121
  533.2000	            -1118
  533.4000	            -1116
  533.6000	            -1186
  533.8000	            -1115
  534.0000	            -1129
  534.2000	            -1176
  534.4000	            -1161
  534.6000	            -1121
  534.8000	            -1105
  535.0000	            -1159
  535.2000	            -1107
  535.4000	            -1171
  535.6000	            -1168
  535.8000	            -1175
  536.0000	            -1112
  536.2000	            -1157
  536.4000	            -1139
  536.6000	            -1144
  536.8000	            -1174
  537.0000	            -1174
  537.2000	            -1143
  537.4000	            -1117
  537.6000	            -1143
  537.8000	            -1156
  538.0000	            -1118
  538.2000	            -1110
  538.4000	            -1118
  538.6000	            -1160
  538.8000	            -1114
  539.0000	            -1140
  539.2000	            -1142
  539.4000	            -1168
  539.6000	            -1156
  539.8000	            -1159
  540.0000	            -1170
  540.2000	            -1156
  540.4000	            -1105
  540.6000	            -1156
  540.8000	            -1160
  541.0000	            -1118
  541.2000	            -1175
  541.4000	            -1151
  541.6000	            -1122
  541.8000	            -1156
  542.0000	            -1154
  542.2000	            -1095
  542.4000	            -1174
  542.6000	            -1168
  542.8000	            -1127
  543.0000	            -1174
  543.2000	            -1117
  543.4000	            -1180
  543.6000	            -1143
  543.8000	            -1154
  544.0000	            -1129
  544.2000	            -1107
  544.4000	            -1139
  544.6000	            -1157
  544.8000	            -1129
  545.0000	            -1141
  545.2000	            -1144
  545.4000	            -1114
  545.6000	            -1149
  545.8000	            -1117
  546.0000	            -1162
  546.2000	            -1174
  546.4000	            -1175
  546.6000	            -1122
  546.8000	            -1142
  547.0000	            -1145
  547.2000	            -1115
  547.4000	            -1114
  547.6000	            -1143
  547.8000	            -1119
  548.0000	            -1165
  548.2000	            -1110
  548.4000	            -1137
  548.6000	            -1138
  548.8000	            -1159
  549.0000	            -1156
  549.2000	            -1174
  549.4000	            -1169
  549.6000	            -1129
  549.8000	            -1124
  550.0000	            -1157
  550.2000	            -1121
  550.4000	            -1168
  550.6000	            -1161
  550.8000	            -1149
  551.0000	            -1118
  551.2000	            -1139
  551.4000	            -1102
  551.6000	            -1161
  551.8000	            -1086
  552.0000	            -1154
  552.2000	            -1161
  552.4000	            -1139
  552.6000	            -1154
  552.8000	            -1142
  553.0000	            -1110
  553.2000	            -1172
  553.4000	            -1120
  553.6000	            -1189
  553.8000	            -1118
  554.0000	            -1119
  554.2000	            -1143
  554.4000	            -1115
  554.6000	            -1154
  554.8000	            -1098
  555.0000	            -1119
  555.2000	            -1110
  555.4000	            -1159
  555.6000	            -1139
  555.8000	            -1135
  556.0000	            -1131
  556.2000	            -1119
  556.4000	            -1111
  556.6000	            -1105
  556.8000	            -1130
  557.0000	            -1118
  557.2000	            -1118
  557.4000	            -1156
  557.6000	            -1090
  557.8000	            -1123
  558.0000	            -1105
  558.2000	            -1121
  558.4000	            -1168
  558.6000	            -1138
  558.8000	            -1120
  559.0000	            -1090
  559.2000	            -1154
  559.4000	            -1124
  559.6000	            -1161
  559.8000	            -1107
  560.0000	            -1124
  560.2000	            -1118
  560.4000	            -1127
  560.6000	            -1137
  560.8000	            -1123
  561.0000	            -1125
  561.2000	            -1121
  561.4000	            -1148
  561.6000	            -1111
  561.8000	            -1128
  562.0000	            -1095
  562.2000	            -1128
  562.4000	            -1155
  562.6000	            -1120
  562.8000	            -1162
  563.0000	            -1095
  563.2000	            -1168
  563.4000	            -1158
  563.6000	            -1117
  563.8000	            -1120
  564.0000	            -1150
  564.2000	            -1112
  564.4000	            -1159
  564.6000	            -1156
  564.8000	            -1118
  565.0000	            -1115
  565.2000	            -1130
  565.4000	            -1137
  565.6000	            -1125
  565.8000	            -1137
  566.0000	            -1163
  566.2000	            -1159
  566.4000	            -1138
  566.6000	            -1142
  566.8000	            -1131
  567.0000	            -1135
  567.2000	            -1117
  567.4000	            -1142
  567.6000	            -1159
  567.8000	            -1148
  568.0000	            -1175
  568.2000	            -1172
  568.4000	            -1161
  568.6000	            -1165
  568.8000	            -1151
  569.0000	            -1136
  569.2000	            -1093
  569.4000	            -1107
  569.6000	            -1134
  569.8000	            -1141
  570.0000	            -1118
  570.2000	            -1143
  570.4000	            -1123
  570.6000	            -1127
  570.8000	            -1169
  571.0000	            -1096
  571.2000	            -1154
  571.4000	            -1120
  571.6000	            -1119
  571.8000	            -1130
  572.0000	            -1153
  572.2000	            -1104
  572.4000	            -1154
  572.6000	            -1162
  572.8000	            -1129
  573.0000	            -1155
  573.2000	            -1180
  573.4000	            -1148
  573.6000	            -1143
  573.8000	            -1110
  574.0000	            -1151
  574.2000	            -1147
  574.4000	            -1138
  574.6000	            -1129
  574.8000	            -1100
  575.0000	            -1121
  575.2000	            -1138
  575.4000	            -1156
  575.6000	            -1119
  575.8000	            -1159
  576.0000	            -1178
  576.2000	            -1105
  576.4000	            -1156
  576.6000	            -1175
  576.8000	            -1156
  577.0000	            -1114
  577.2000	            -1100
  577.4000	            -1143
  577.6000	            -1145
  577.8000	            -1110
  578.0000	            -1142
  578.2000	            -1172
  578.4000	            -1129
  578.6000	            -1137
  578.8000	            -1156
  579.0000	            -1111
  579.2000	            -1159
  579.4000	            -1142
  579.6000	            -1135
  579.8000	            -1119
  580.0000	            -1138
  580.2000	            -1109
  580.4000	            -1115
  580.6000	            -1145
  580.8000	            -1118
  581.0000	            -1164
  581.2000	            -1156
  581.4000	            -1106
  581.6000	            -1110
  581.8000	            -1119
  582.0000	            -1119
  582.2000	            -1156
  582.4000	            -1166
  582.6000	            -1136
  582.8000	            -1162
  583.0000	            -1158
  583.2000	            -1121
  583.4000	            -1100
  583.6000	            -1143
  583.8000	            -1143
  584.0000	            -1159
  584.2000	            -1165
  584.4000	            -1162
  584.6000	            -1142
  584.8000	            -1117
  585.0000	            -1117
  585.2000	            -1127
  585.4000	            -1139
  585.6000	            -1121
  585.8000	            -1120
  586.0000	            -1156
  586.2000	            -1090
  586.4000	            -1136
  586.6000	            -1155
  586.8000	            -1107
  587.0000	            -1119
  587.2000	            -1161
  587.4000	            -1138
  587.6000	            -1117
  587.8000	            -1082
  588.0000	            -1118
  588.2000	            -1152
  588.4000	            -1122
  588.6000	            -1101
  588.8000	            -1172
  589.0000	            -1104
  589.2000	            -1083
  589.4000	            -1114
  589.6000	            -1133
  589.8000	            -1107
  590.0000	            -1087
  590.2000	            -1110
  590.4000	            -1139
  590.6000	            -1097
  590.8000	            -1087
  591.0000	            -1096
  591.2000	            -1154
  591.4000	            -1156
  591.6000	            -1095
  591.8000	            -1129
  592.0000	            -1104
  592.2000	            -1149
  592.4000	            -1129
  592.6000	            -1100
  592.8000	            -1161
  593.0000	            -1143
  593.2000	            -1142
  593.4000	            -1125
  593.6000	            -1118
  593.8000	            -1151
  594.0000	            -1104
  594.2000	            -1130
  594.4000	            -1110
  594.6000	            -1143
  594.8000	            -1155
  595.0000	            -1093
  595.2000	            -1172
  595.4000	            -1129
  595.6000	            -1154
  595.8000	            -1119
  596.0000	            -1137
  596.2000	            -1120
  596.4000	            -1144
  596.6000	            -1156
  596.8000	            -1119
  597.0000	            -1079
  597.2000	            -1076
  597.4000	            -1110
  597.6000	            -1107
  597.8000	            -1090
  598.0000	            -1137
  598.2000	            -1149
  598.4000	            -1114
  598.6000	            -1105
  598.8000	            -1163
  599.0000	            -1110
  599.2000	            -1149
  599.4000	            -1121
  599.6000	            -1120
  599.8000	            -1175
  600.0000	            -1116
  600.2000	            -1092
  600.4000	            -1156
  600.6000	            -1117
  600.8000	            -1143
  601.0000	            -1139
  601.2000	            -1117
  601.4000	            -1169
  601.6000	            -1143
  601.8000	            -1118
  602.0000	            -1169
  602.2000	            -1116
  602.4000	            -1115
  602.6000	            -1168
  602.8000	            -1100
  603.0000	            -1114
  603.2000	            -1115
  603.4000	            -1175
  603.6000	            -1161
  603.8000	            -1119
  604.0000	            -1121
  604.2000	            -1136
  604.4000	            -1087
  604.6000	            -1115
  604.8000	            -1110
  605.0000	            -1124
  605.2000	            -1134
  605.4000	            -1120
  605.6000	            -1146
  605.8000	            -1091
  606.0000	            -1156
  606.2000	            -1171
  606.4000	            -1167
  606.6000	            -1139
  606.8000	            -1153
  607.0000	            -1101
  607.2000	            -1154
  607.4000	            -1118
  607.6000	            -1162
  607.8000	            -1174
  608.0000	            -1154
  608.2000	            -1154
  608.4000	            -1159
  608.6000	            -1174
  608.8000	            -1111
  609.0000	            -1136
  609.2000	            -1126
  609.4000	            -1103
  609.6000	            -1171
  609.8000	            -1121
  610.0000	            -1156
  610.2000	            -1143
  610.4000	            -1161
  610.6000	            -1136
  610.8000	            -1162
  611.0000	            -1117
  611.2000	            -1153
  611.4000	            -1143
  611.6000	            -1105
  611.8000	            -1117
  612.0000	            -1121
  612.2000	            -1122
  612.4000	            -1164
  612.6000	            -1118
  612.8000	            -1145
  613.0000	            -1139
  613.2000	            -1107
  613.4000	            -1161
  613.6000	            -1138
  613.8000	            -1171
  614.0000	            -1103
  614.2000	            -1153
  614.4000	            -1126
  614.6000	            -1119
  614.8000	            -1132
  615.0000	            -1097
  615.2000	            -1138
  615.4000	            -1155
  615.6000	            -1142
  615.8000	            -1172
  616.0000	            -1120
  616.2000	            -1161
  616.4000	            -1148
  616.6000	            -1168
  616.8000	            -1172
  617.0000	            -1118
  617.2000	            -1128
  617.4000	            -1152
  617.6000	            -1119
  617.8000	            -1110
  618.0000	            -1156
  618.2000	            -1154
  618.4000	            -1119
  618.6000	            -1132
  618.8000	            -1110
  619.0000	            -1174
  619.2000	            -1154
  619.4000	            -1125
  619.6000	            -1169
  619.8000	            -1157
  620.0000	            -1171
  620.2000	            -1172
  620.4000	            -1104
  620.6000	            -1135
  620.8000	            -1154
  621.0000	            -1164
  621.2000	            -1181
  621.4000	            -1166
  621.6000	            -1123
  621.8000	            -1110
  622.0000	            -1121
  622.2000	            -1156
  622.4000	            -1115
  622.6000	            -1112
  622.8000	            -1129
  623.0000	            -1105
  623.2000	            -1138
  623.4000	            -1163
  623.6000	            -1110
  623.8000	            -1115
  624.0000	            -1138
  624.2000	            -1131
  624.4000	            -1107
  624.6000	            -1154
  624.8000	            -1190
  625.0000	            -1126
  625.2000	            -1168
  625.4000	            -1138
  625.6000	            -1159
  625.8000	            -1143
  626.0000	            -1102
  626.2000	            -1142
  626.4000	            -1165
  626.6000	            -1100
  626.8000	            -1120
  627.0000	            -1106
  627.2000	            -1110
  627.4000	            -1120
  627.6000	            -1156
  627.8000	            -1127
  628.0000	            -1102
  628.2000	            -1160
  628.4000	            -1120
  628.6000	            -1159
  628.8000	            -1132
  629.0000	            -1104
  629.2000	            -1154
  629.4000	            -1139
  629.6000	            -1116
  629.8000	            -1135
  630.0000	            -1089
  630.2000	            -1130
  630.4000	            -1104
  630.6000	            -1123
  630.8000	            -1160
  631.0000	            -1087
  631.2000	            -1143
  631.4000	            -1143
  631.6000	            -1143
  631.8000	            -1138
  632.0000	            -1170
  632.2000	            -1143
  632.4000	            -1134
  632.6000	            -1119
  632.8000	            -1169
  633.0000	            -1148
  633.2000	            -1090
  633.4000	            -1155
  633.6000	            -1090
  633.8000	            -1118
  634.0000	            -1154
  634.2000	            -1110
  634.4000	            -1110
  634.6000	            -1134
  634.8000	            -1119
  635.0000	            -1121
  635.2000	            -1111
  635.4000	            -1117
  635.6000	            -1097
  635.8000	            -1170
  636.0000	            -1113
  636.2000	            -1143
  636.4000	            -1138
  636.6000	            -1097
  636.8000	            -1143
  637.0000	            -1121
  637.2000	            -1144
  637.4000	            -1174
  637.6000	            -1156
  637.8000	            -1093
  638.0000	            -1137
  638.2000	            -1161
  638.4000	            -1104
  638.6000	            -1177
  638.8000	            -1145
  639.0000	            -1134
  639.2000	            -1118
  639.4000	            -1118
  639.6000	            -1155
  639.8000	            -1121
  640.0000	            -1139
  640.2000	            -1100
  640.4000	            -1105
  640.6000	            -1155
  640.8000	            -1100
  641.0000	            -1090
  641.2000	            -1142
  641.4000	            -1110
  641.6000	            -1118
  641.8000	            -1115
  642.0000	            -1117
  642.2000	            -1097
  642.4000	            -1139
  642.6000	            -1153
  642.8000	            -1118
  643.0000	            -1101
  643.2000	            -1154
  643.4000	            -1093
  643.6000	            -1168
  643.8000	            -1151
  644.0000	            -1115
  644.2000	            -1159
  644.4000	            -1115
  644.6000	            -1114
  644.8000	            -1110
  645.0000	            -1115
  645.2000	            -1110
  645.4000	            -1161
  645.6000	            -1143
  645.8000	            -1165
  646.0000	            -1082
  646.2000	            -1118
  646.4000	            -1105
  646.6000	            -1175
  646.8000	            -1135
  647.0000	            -1097
  647.2000	            -1116
  647.4000	            -1120
  647.6000	            -1121
  647.8000	            -1118
  648.0000	            -1127
  648.2000	            -1154
  648.4000	            -1162
  648.6000	            -1154
  648.8000	            -1082
  649.0000	            -1165
  649.2000	            -1107
  649.4000	            -1134
  649.6000	            -1121
  649.8000	            -1107
  650.0000	            -1117
  650.2000	            -1145
  650.4000	            -1163
  650.6000	            -1117
  650.8000	            -1118
  651.0000	            -1111
  651.2000	            -1134
  651.4000	            -1088
  651.6000	            -1156
  651.8000	            -1143
  652.0000	            -1123
  652.2000	            -1106
  652.4000	            -1143
  652.6000	            -1168
  652.8000	            -1115
  653.0000	            -1132
  653.2000	            -1111
  653.4000	            -1110
  653.6000	            -1106
  653.8000	            -1118
  654.0000	            -1139
  654.2000	            -1104
  654.4000	            -1090
  654.6000	            -1136
  654.8000	            -1141
  655.0000	            -1114
  655.2000	            -1135
  655.4000	            -1114
  655.6000	            -1111
  655.8000	            -1131
  656.0000	            -1104
  656.2000	            -1090
  656.4000	            -1118
  656.6000	            -1123
  656.8000	            -1119
  657.0000	            -1175
  657.2000	            -1132
  657.4000	            -1143
  657.6000	            -1104
  657.8000	            -1110
  658.0000	            -1117
  658.2000	            -1168
  658.4000	            -1138
  658.6000	            -1156
  658.8000	            -1142
  659.0000	            -1163
  659.2000	            -1118
  659.4000	            -1100
  659.6000	            -1113
  659.8000	            -1175
  660.0000	            -1143
  660.2000	            -1122
  660.4000	            -1088
  660.6000	            -1140
  660.8000	            -1137
  661.0000	            -1134
  661.2000	            -1110
  661.4000	            -1154
  661.6000	            -1116
  661.8000	            -1159
  662.0000	            -1130
  662.2000	            -1117
  662.4000	            -1174
  662.6000	            -1121
  662.8000	            -1168
  663.0000	            -1143
  663.2000	            -1143
  663.4000	            -1119
  663.6000	            -1126
  663.8000	            -1145
  664.0000	            -1110
  664.2000	            -1120
  664.4000	            -1173
  664.6000	            -1134
  664.8000	            -1142
  665.0000	            -1119
  665.2000	            -1151
  665.4000	            -1118
  665.6000	            -1156
  665.8000	            -1132
  666.0000	            -1127
  666.2000	            -1090
  666.4000	            -1142
  666.6000	            -1143
  666.8000	            -1112
  667.0000	            -1154
  667.2000	            -1118
  667.4000	            -1177
  667.6000	            -1097
  667.8000	            -1110
  668.0000	            -1084
  668.2000	            -1138
  668.4000	            -1145
  668.6000	            -1156
  668.8000	            -1163
  669.0000	            -1115
  669.2000	            -1156
  669.4000	            -1162
  669.6000	            -1118
  669.8000	            -1159
  670.0000	            -1161
  670.2000	            -1111
  670.4000	            -1115
  670.6000	            -1142
  670.8000	            -1174
  671.0000	            -1166
  671.2000	            -1156
  671.4000	            -1107
  671.6000	            -1119
  671.8000	            -1142
  672.0000	            -1126
  672.2000	            -1117
  672.4000	            -1117
  672.6000	            -1117
  672.8000	            -1121
  673.0000	            -1156
  673.2000	            -1143
  673.4000	            -1110
  673.6000	            -1150
  673.8000	            -1114
  674.0000	            -1125
  674.2000	            -1115
  674.4000	            -1097
  674.6000	            -1115
  674.8000	            -1097
  675.0000	            -1156
  675.2000	            -1111
  675.4000	            -1154
  675.6000	            -1114
  675.8000	            -1165
  676.0000	            -1166
  676.2000	            -1095
  676.4000	            -1117
  676.6000	            -1126
  676.8000	            -1162
  677.0000	            -1107
  677.2000	            -1145
  677.4000	            -1121
  677.6000	            -1086
  677.8000	            -1122
  678.0000	            -1141
  678.2000	            -1125
  678.4000	            -1149
  678.6000	            -1143
  678.8000	            -1131
  679.0000	            -1130
  679.2000	            -1162
  679.4000	            -1134
  679.6000	            -1107
  679.8000	            -1156
  680.0000	            -1115
  680.2000	            -1129
  680.4000	            -1129
  680.6000	            -1156
  680.8000	            -1120
  681.0000	            -1100
  681.2000	            -1082
  681.4000	            -1101
  681.6000	            -1123
  681.8000	            -1168
  682.0000	            -1104
  682.2000	            -1139
  682.4000	            -1119
  682.6000	            -1151
  682.8000	            -1116
  683.0000	            -1121
  683.2000	            -1138
  683.4000	            -1143
  683.6000	            -1171
  683.8000	            -1090
  684.0000	            -1109
  684.2000	            -1143
  684.4000	            -1116
  684.6000	            -1110
  684.8000	            -1181
  685.0000	            -1126
  685.2000	            -1170
  685.4000	            -1110
  685.6000	            -1119
  685.8000	            -1113
  686.0000	            -1118
  686.2000	            -1162
  686.4000	            -1082
  686.6000	            -1168
  686.8000	            -1145
  687.0000	            -1142
  687.2000	            -1134
  687.4000	            -1115
  687.6000	            -1088
  687.8000	            -1122
  688.0000	            -1175
  688.2000	            -1137
  688.4000	            -1177
  688.6000	            -1104
  688.8000	            -1153
  689.0000	            -1121
  689.2000	            -1133
  689.4000	            -1114
  689.6000	            -1142
  689.8000	            -1110
  690.0000	            -1115
  690.2000	            -1099
  690.4000	            -1171
  690.6000	            -1134
  690.8000	            -1129
  691.0000	            -1143
  691.2000	            -1104
  691.4000	            -1110
  691.6000	            -1104
  691.8000	            -1157
  692.0000	            -1100
  692.2000	            -1154
  692.4000	            -1123
  692.6000	            -1142
  692.8000	            -1119
  693.0000	            -1145
  693.2000	            -1172
  693.4000	            -1107
  693.6000	            -1118
  693.8000	            -1165
  694.0000	            -1154
  694.2000	            -1117
  694.4000	            -1156
  694.6000	            -1151
  694.8000	            -1166
  695.0000	            -1117
  695.2000	            -1131
  695.4000	            -1110
  695.6000	            -1139
  695.8000	            -1121
  696.0000	            -1156
  696.2000	            -1139
  696.4000	             -932
  696.6000	            -1127
  696.8000	            -1143
  697.0000	            -1138
  697.2000	            -1145
  697.4000	            -1118
  697.6000	            -1161
  697.8000	            -1115
  698.0000	            -1101
  698.2000	            -1142
  698.4000	            -1118
  698.6000	            -1142
  698.8000	            -1105
  699.0000	            -1138
  699.2000	            -1129
  699.4000	            -1114
  699.6000	            -1110
  699.8000	            -1161
  700.0000	            -1123
  700.2000	            -1128
  700.4000	            -1110
  700.6000	            -1172
  700.8000	            -1119
  701.0000	            -1123
  701.2000	            -1159
  701.4000	            -1097
  701.6000	            -1139
  701.8000	            -1115
  702.0000	            -1134
  702.2000	            -1117
  702.4000	            -1174
  702.6000	            -1090
  702.8000	            -1088
  703.0000	            -1125
  703.2000	            -1144
  703.4000	            -1156
  703.6000	            -1161
  703.8000	            -1112
  704.0000	            -1177
  704.2000	            -1165
  704.4000	            -1095
  704.6000	            -1166
  704.8000	            -1088
  705.0000	            -1154
  705.2000	            -1139
  705.4000	            -1130
  705.6000	            -1143
  705.8000	            -1166
  706.0000	            -1129
  706.2000	            -1159
  706.4000	            -1127
  706.6000	             -843
  706.8000	            -1121
  707.0000	            -1113
  707.2000	            -1106
  707.4000	            -1121
  707.6000	            -1135
  707.8000	            -1117
  708.0000	            -1107
  708.2000	            -1131
  708.4000	            -1120
  708.6000	            -1122
  708.8000	            -1175
  709.0000	            -1140
  709.2000	            -1126
  709.4000	            -1138
  709.6000	            -1174
  709.8000	            -1129
  710.0000	            -1115
  710.2000	            -1110
  710.4000	            -1115
  710.6000	            -1130
  710.8000	            -1161
  711.0000	            -1123
  711.2000	            -1117
  711.4000	            -1174
  711.6000	            -1122
  711.8000	            -1146
  712.0000	            -1149
  712.2000	            -1139
  712.4000	            -1174
  712.6000	            -1121
  712.8000	            -1115
  713.0000	            -1165
  713.2000	            -1143
  713.4000	            -1125
  713.6000	            -1138
  713.8000	            -1100
  714.0000	            -1109
  714.2000	            -1117
  714.4000	            -1159
  714.6000	            -1117
  714.8000	            -1115
  715.0000	            -1141
  715.2000	            -1101
  715.4000	            -1126
  715.6000	            -1091
  715.8000	            -1166
  716.0000	            -1132
  716.2000	            -1116
  716.4000	            -1168
  716.6000	            -1112
  716.8000	            -1175
  717.0000	            -1107
  717.2000	            -1130
  717.4000	            -1168
  717.6000	            -1174
  717.8000	            -1116
  718.0000	            -1128
  718.2000	            -1138
  718.4000	            -1153
  718.6000	            -1156
  718.8000	            -1107
  719.0000	            -1154
  719.2000	            -1135
  719.4000	            -1088
  719.6000	            -1152
  719.8000	            -1097
  720.0000	            -1128
  720.2000	            -1150
  720.4000	            -1173
  720.6000	            -1143
  720.8000	            -1148
  721.0000	            -1160
  721.2000	            -1138
  721.4000	            -1154
  721.6000	            -1171
  721.8000	            -1110
  722.0000	            -1119
  722.2000	            -1149
  722.4000	            -1156
  722.6000	            -1162
  722.8000	            -1128
  723.0000	            -1117
  723.2000	            -1154
  723.4000	            -1128
  723.6000	            -1121
  723.8000	            -1088
  724.0000	            -1106
  724.2000	            -1166
  724.4000	            -1130
  724.6000	            -1111
  724.8000	            -1159
  725.0000	            -1127
  725.2000	            -1166
  725.4000	            -1115
  725.6000	            -1105
  725.8000	            -1104
  726.0000	            -1121
  726.2000	            -1127
  726.4000	            -1115
  726.6000	            -1156
  726.8000	            -1126
  727.0000	            -1097
  727.2000	            -1113
  727.4000	            -1095
  727.6000	            -1116
  727.8000	            -1154
  728.0000	            -1122
  728.2000	            -1175
  728.4000	            -1144
  728.6000	            -1093
  728.8000	            -1141
  729.0000	            -1166
  729.2000	            -1145
  729.4000	            -1166
  729.6000	            -1107
  729.8000	            -1151
  730.0000	            -1147
  730.2000	            -1107
  730.4000	            -1156
  730.6000	            -1121
  730.8000	            -1153
  731.0000	            -1174
  731.2000	            -1181
  731.4000	            -1127
  731.6000	            -1148
  731.8000	            -1108
  732.0000	            -1129
  732.2000	            -1110
  732.4000	            -1119
  732.6000	            -1120
  732.8000	            -1140
  733.0000	            -1143
  733.2000	            -1100
  733.4000	            -1118
  733.6000	            -1120
  733.8000	            -1139
  734.0000	            -1164
  734.2000	            -1107
  734.4000	            -1110
  734.6000	            -1114
  734.8000	            -1163
  735.0000	            -1143
  735.2000	            -1129
  735.4000	            -1104
  735.6000	            -1145
  735.8000	            -1159
  736.0000	            -1154
  736.2000	            -1091
  736.4000	            -1142
  736.6000	            -1162
  736.8000	            -1121
  737.0000	            -1104
  737.2000	            -1141
  737.4000	            -1138
  737.6000	            -1166
  737.8000	            -1118
  738.0000	            -1125
  738.2000	            -1139
  738.4000	            -1033
  738.6000	            -1129
  738.8000	            -1115
  739.0000	            -1121
  739.2000	            -1108
  739.4000	            -1100
  739.6000	            -1108
  739.8000	            -1129
  740.0000	            -1122
  740.2000	            -1141
  740.4000	            -1110
  740.6000	            -1117
  740.8000	            -1143
  741.0000	            -1110
  741.2000	            -1154
  741.4000	            -1166
  741.6000	            -1104
  741.8000	            -1159
  742.0000	            -1127
  742.2000	            -1097
  742.4000	            -1115
  742.6000	            -1174
  742.8000	            -1151
  743.0000	            -1137
  743.2000	            -1121
  743.4000	            -1154
  743.6000	            -1143
  743.8000	            -1116
  744.0000	            -1159
  744.2000	            -1143
  744.4000	            -1146
  744.6000	            -1143
  744.8000	            -1110
  745.0000	            -1118
  745.2000	            -1120
  745.4000	            -1119
  745.6000	            -1116
  745.8000	            -1117
  746.0000	            -1106
  746.2000	            -1164
  746.4000	            -1121
  746.6000	            -1136
  746.8000	            -1118
  747.0000	            -1160
  747.2000	            -1141
  747.4000	            -1104
  747.6000	            -1175
  747.8000	            -1110
  748.0000	            -1118
  748.2000	            -1110
  748.4000	            -1098
  748.6000	            -1096
  748.8000	            -1129
  749.0000	            -1144
  749.2000	            -1174
  749.4000	            -1135
  749.6000	            -1162
  749.8000	            -1098
  750.0000	            -1110
  750.2000	             -563
  750.4000	             -943
  750.6000	            -1156
  750.8000	            -1116
  751.0000	            -1128
  751.2000	            -1115
  751.4000	             -764
  751.6000	            -1153
  751.8000	            -1100
  752.0000	            -1143
  752.2000	            -1155
  752.4000	            -1110
  752.6000	            -1104
  752.8000	            -1119
  753.0000	            -1130
  753.2000	            -1156
  753.4000	            -1107
  753.6000	            -1095
  753.8000	            -1177
  754.0000	            -1127
  754.2000	            -1160
  754.4000	            -1149
  754.6000	            -1139
  754.8000	            -1099
  755.0000	            -1116
  755.2000	            -1107
  755.4000	            -1111
  755.6000	            -1104
  755.8000	            -1124
  756.0000	            -1100
  756.2000	            -1117
  756.4000	            -1138
  756.6000	            -1156
  756.8000	            -1159
  757.0000	            -1096
  757.2000	            -1141
  757.4000	            -1149
  757.6000	            -1159
  757.8000	            -1119
  758.0000	            -1120
  758.2000	            -1143
  758.4000	            -1120
  758.6000	            -1111
  758.8000	            -1133
  759.0000	            -1100
  759.2000	            -1110
  759.4000	            -1164
  759.6000	            -1138
  759.8000	            -1117
  760.0000	            -1110
  760.2000	            -1164
  760.4000	            -1097
  760.6000	            -1153
  760.8000	            -1156
  761.0000	            -1134
  761.2000	            -1174
  761.4000	            -1109
  761.6000	            -1119
  761.8000	            -1143
  762.0000	            -1093
  762.2000	            -1175
  762.4000	            -1162
  762.6000	            -1120
  762.8000	            -1150
  763.0000	            -1110
  763.2000	            -1173
  763.4000	             -451
  763.6000	            -1091
  763.8000	            -1114
  764.0000	            -1119
  764.2000	            -1105
  764.4000	            -1162
  764.6000	            -1119
  764.8000	            -1116
  765.0000	            -1171
  765.2000	            -1189
  765.4000	            -1106
  765.6000	            -1159
  765.8000	            -1116
  766.0000	            -1141
  766.2000	            -1114
  766.4000	            -1097
  766.6000	            -1119
  766.8000	            -1100
  767.0000	            -1114
  767.2000	            -1114
  767.4000	            -1151
  767.6000	            -1138
  767.8000	            -1162
  768.0000	            -1126
  768.2000	            -1119
  768.4000	            -1121
  768.6000	            -1107
  768.8000	            -1159
  769.0000	            -1104
  769.2000	            -1118
  769.4000	            -1135
  769.6000	            -1132
  769.8000	            -1146
  770.0000	            -1107
  770.2000	            -1115
  770.4000	            -1155
  770.6000	            -1094
  770.8000	            -1119
  771.0000	            -1156
  771.2000	            -1161
  771.4000	            -1151
  771.6000	            -1137
  771.8000	            -1143
  772.0000	            -1100
  772.2000	            -1098
  772.4000	            -1034
  772.6000	            -1152
  772.8000	            -1111
  773.0000	            -1145
  773.2000	            -1143
  773.4000	            -1117
  773.6000	            -1129
  773.8000	            -1156
  774.0000	            -1125
  774.2000	            -1143
  774.4000	            -1125
  774.6000	            -1121
  774.8000	            -1155
  775.0000	            -1119
  775.2000	            -1163
  775.4000	            -1174
  775.6000	            -1101
  775.8000	            -1145
  776.0000	            -1091
  776.2000	            -1161
  776.4000	            -1096
  776.6000	            -1125
  776.8000	            -1141
  777.0000	            -1130
  777.2000	            -1137
  777.4000	            -1156
  777.6000	            -1117
  777.8000	            -1129
  778.0000	            -1116
  778.2000	            -1121
  778.4000	            -1168
  778.6000	            -1143
  778.8000	            -1095
  779.0000	            -1111
  779.2000	            -1115
  779.4000	            -1099
  779.6000	            -1145
  779.8000	            -1110
  780.0000	            -1154
  780.2000	            -1110
  780.4000	            -1129
  780.6000	            -1152
  780.8000	            -1113
  781.0000	            -1121
  781.2000	            -1183
  781.4000	            -1171
  781.6000	            -1121
  781.8000	            -1100
  782.0000	            -1138
  782.2000	            -1149
  782.4000	            -1168
  782.6000	            -1156
  782.8000	            -1129
  783.0000	            -1121
  783.2000	            -1115
  783.4000	            -1174
  783.6000	            -1145
  783.8000	            -1169
  784.0000	            -1166
  784.2000	            -1175
  784.4000	            -1100
  784.6000	            -1118
  784.8000	            -1121
  785.0000	            -1090
  785.2000	            -1118
  785.4000	            -1138
  785.6000	            -1124
  785.8000	            -1129
  786.0000	            -1159
  786.2000	            -1160
  786.4000	            -1107
  786.6000	            -1113
  786.8000	            -1148
  787.0000	            -1175
  787.2000	            -1130
  787.4000	            -1129
  787.6000	            -1139
  787.8000	            -1115
  788.0000	            -1145
  788.2000	            -1143
  788.4000	            -1128
  788.6000	            -1159
  788.8000	            -1156
  789.0000	            -1104
  789.2000	            -1129
  789.4000	            -1155
  789.6000	            -1127
  789.8000	            -1118
  790.0000	            -1125
  790.2000	            -1088
  790.4000	            -1100
  790.6000	            -1107
  790.8000	            -1139
  791.0000	            -1161
  791.2000	            -1143
  791.4000	            -1156
  791.6000	            -1118
  791.8000	            -1161
  792.0000	            -1110
  792.2000	            -1103
  792.4000	            -1120
  792.6000	            -1122
  792.8000	            -1139
  793.0000	            -1142
  793.2000	            -1118
  793.4000	            -1162
  793.6000	            -1118
  793.8000	            -1097
  794.0000	            -1134
  794.2000	            -1099
  794.4000	            -1151
  794.6000	            -1100
  794.8000	            -1051
  795.0000	            -1123
  795.2000	            -1156
  795.4000	            -1127
  795.6000	            -1143
  795.8000	            -1118
  796.0000	            -1139
  796.2000	            -1132
  796.4000	            -1141
  796.6000	            -1166
  796.8000	            -1150
  797.0000	            -1146
  797.2000	            -1117
  797.4000	            -1168
  797.6000	            -1104
  797.8000	            -1154
  798.0000	            -1116
  798.2000	            -1151
  798.4000	            -1145
  798.6000	            -1175
  798.8000	            -1119
  799.0000	            -1117
  799.2000	            -1114
  799.4000	            -1154
  799.6000	            -1142
  799.8000	            -1175
  800.0000	            -1159
  800.2000	            -1162
  800.4000	            -1117
  800.6000	            -1088
  800.8000	            -1127
  801.0000	            -1159
  801.2000	            -1106
  801.4000	            -1022
  801.6000	            -1156
  801.8000	            -1129
  802.0000	            -1115
  802.2000	            -1115
  802.4000	            -1123
  802.6000	            -1118
  802.8000	            -1166
  803.0000	            -1104
  803.2000	            -1104
  803.4000	            -1142
  803.6000	            -1114
  803.8000	            -1128
  804.0000	            -1095
  804.2000	            -1130
  804.4000	            -1120
  804.6000	            -1164
  804.8000	            -1132
  805.0000	            -1104
