  600.0000	            -1170
  600.2000	            -1084
  600.4000	            -1118
  600.6000	            -1142
  600.8000	            -1123
  601.0000	            -1111
  601.2000	            -1082
  601.4000	            -1128
  601.6000	            -1186
  601.8000	            -1118
  602.0000	            -1104
  602.2000	            -1112
  602.4000	            -1115
  602.6000	            -1100
  602.8000	            -1129
  603.0000	            -1120
  603.2000	            -1116
  603.4000	            -1113
  603.6000	            -1097
  603.8000	            -1091
  604.0000	            -1126
  604.2000	            -1095
  604.4000	            -1128
  604.6000	            -1104
  604.8000	            -1116
  605.0000	            -1091
  605.2000	            -1115
  605.4000	            -1120
  605.6000	            -1176
  605.8000	            -1106
  606.0000	            -1126
  606.2000	            -1151
  606.4000	            -1144
  606.6000	            -1161
  606.8000	            -1118
  607.0000	            -1139
  607.2000	            -1143
  607.4000	            -1142
  607.6000	            -1164
  607.8000	            -1105
  608.0000	            -1138
  608.2000	            -1104
  608.4000	            -1159
  608.6000	            -1126
  608.8000	            -1143
  609.0000	            -1127
  609.2000	            -1143
  609.4000	            -1143
  609.6000	            -1129
  609.8000	            -1082
  610.0000	            -1125
  610.2000	            -1087
  610.4000	            -1107
  610.6000	            -1118
  610.8000	            -1127
  611.0000	            -1159
  611.2000	            -1114
  611.4000	            -1101
  611.6000	            -1117
  611.8000	            -1143
  612.0000	            -1119
  612.2000	            -1121
  612.4000	            -1155
  612.6000	            -1101
  612.8000	            -1117
  613.0000	            -1143
  613.2000	            -1130
  613.4000	            -1132
  613.6000	            -1164
  613.8000	            -1127
  614.0000	            -1115
  614.2000	            -1123
  614.4000	            -1145
  614.6000	            -1159
  614.8000	            -1134
  615.0000	            -1115
  615.2000	            -1125
  615.4000	            -1088
  615.6000	            -1118
  615.8000	            -1176
  616.0000	            -1156
  616.2000	            -1141
  616.4000	            -1159
  616.6000	            -1082
  616.8000	            -1156
  617.0000	            -1145
  617.2000	            -1130
  617.4000	            -1105
  617.6000	            -1134
  617.8000	            -1143
  618.0000	            -1175
  618.2000	            -1111
  618.4000	            -1117
  618.6000	            -1111
  618.8000	            -1110
  619.0000	            -1095
  619.2000	            -1128
  619.4000	            -1118
  619.6000	            -1142
  619.8000	            -1110
  620.0000	            -1139
  620.2000	            -1134
  620.4000	            -1142
  620.6000	            -1152
  620.8000	            -1159
  621.0000	            -1124
  621.2000	            -1115
  621.4000	            -1156
  621.6000	            -1168
  621.8000	            -1104
  622.0000	            -1107
  622.2000	            -1156
  622.4000	            -1128
  622.6000	            -1127
  622.8000	            -1097
  623.0000	            -1138
  623.2000	            -1118
  623.4000	            -1143
  623.6000	            -1166
  623.8000	            -1155
  624.0000	            -1148
  624.2000	            -1118
  624.4000	            -1119
  624.6000	            -1115
  624.8000	            -1141
  625.0000	            -1162
  625.2000	            -1136
  625.4000	            -1114
  625.6000	            -1156
  625.8000	            -1115
  626.0000	            -1143
  626.2000	            -1104
  626.4000	            -1145
  626.6000	            -1088
  626.8000	            -1118
  627.0000	            -1166
  627.2000	            -1155
  627.4000	            -1125
  627.6000	            -1113
  627.8000	            -1145
  628.0000	            -1156
  628.2000	            -1156
  628.4000	            -1138
  628.6000	            -1115
  628.8000	            -1115
  629.0000	            -1130
  629.2000	            -1159
  629.4000	            -1168
  629.6000	            -1154
  629.8000	            -1117
  630.0000	            -1119
  630.2000	            -1152
  630.4000	            -1153
  630.6000	            -1134
  630.8000	            -1111
  631.0000	            -1128
  631.2000	            -1156
  631.4000	            -1156
  631.6000	            -1171
  631.8000	            -1143
  632.0000	            -1156
  632.2000	            -1120
  632.4000	            -1126
  632.6000	            -1156
  632.8000	            -1168
  633.0000	            -1153
  633.2000	            -1105
  633.4000	            -1138
  633.6000	            -1110
  633.8000	            -1143
  634.0000	            -1177
  634.2000	            -1156
  634.4000	            -1091
  634.6000	            -1156
  634.8000	            -1127
  635.0000	            -1124
  635.2000	            -1101
  635.4000	            -1162
  635.6000	            -1121
  635.8000	            -1086
  636.0000	            -1143
  636.2000	            -1118
  636.4000	            -1177
  636.6000	            -1115
  636.8000	            -1116
  637.0000	            -1107
  637.2000	            -1159
  637.4000	            -1119
  637.6000	            -1115
  637.8000	            -1138
  638.0000	            -1129
  638.2000	            -1112
  638.4000	            -1138
  638.6000	            -1143
  638.8000	            -1097
  639.0000	            -1162
  639.2000	            -1142
  639.4000	            -1116
  639.6000	            -1143
  639.8000	            -1169
  640.0000	            -1142
  640.2000	            -1130
  640.4000	            -1109
  640.6000	            -1120
  640.8000	            -1117
  641.0000	            -1161
  641.2000	            -1143
  641.4000	            -1123
  641.6000	            -1162
  641.8000	            -1127
  642.0000	            -1101
  642.2000	            -1161
  642.4000	            -1143
  642.6000	            -1101
  642.8000	            -1130
  643.0000	            -1172
  643.2000	            -1142
  643.4000	            -1125
  643.6000	            -1114
  643.8000	            -1133
  644.0000	            -1109
  644.2000	            -1156
  644.4000	            -1136
  644.6000	            -1143
  644.8000	            -1117
  645.0000	            -1118
  645.2000	            -1122
  645.4000	            -1168
  645.6000	            -1102
  645.8000	            -1128
  646.0000	            -1118
  646.2000	            -1129
  646.4000	            -1082
  646.6000	            -1104
  646.8000	            -1143
  647.0000	            -1159
  647.2000	            -1164
  647.4000	            -1118
  647.6000	            -1138
  647.8000	            -1100
  648.0000	            -1115
  648.2000	            -1104
  648.4000	            -1139
  648.6000	            -1106
  648.8000	            -1117
  649.0000	            -1104
  649.2000	            -1121
  649.4000	            -1134
  649.6000	            -1154
  649.8000	            -1112
  650.0000	            -1140
  650.2000	            -1117
  650.4000	            -1118
  650.6000	            -1120
  650.8000	            -1110
  651.0000	            -1147
  651.2000	            -1145
  651.4000	            -1104
  651.6000	            -1114
  651.8000	            -1125
  652.0000	            -1130
  652.2000	            -1138
  652.4000	            -1134
  652.6000	            -1131
  652.8000	            -1112
  653.0000	            -1120
  653.2000	            -1154
  653.4000	            -1144
  653.6000	            -1115
  653.8000	            -1145
  654.0000	            -1143
  654.2000	            -1104
  654.4000	            -1143
  654.6000	            -1162
  654.8000	            -1100
  655.0000	            -1130
  655.2000	            -1100
  655.4000	            -1130
  655.6000	            -1127
  655.8000	            -1118
  656.0000	            -1120
  656.2000	            -1122
  656.4000	            -1115
  656.6000	            -1108
  656.8000	            -1142
  657.0000	            -1106
  657.2000	            -1114
  657.4000	            -1110
  657.6000	            -1115
  657.8000	            -1129
  658.0000	            -1156
  658.2000	            -1113
  658.4000	            -1120
  658.6000	            -1129
  658.8000	            -1124
  659.0000	            -1127
  659.2000	            -1136
  659.4000	            -1161
  659.6000	            -1115
  659.8000	            -1118
  660.0000	            -1129
  660.2000	            -1124
  660.4000	            -1110
  660.6000	            -1117
  660.8000	            -1088
  661.0000	            -1083
  661.2000	            -1108
  661.4000	            -1129
  661.6000	            -1119
  661.8000	            -1159
  662.0000	            -1096
  662.2000	            -1106
  662.4000	            -1117
  662.6000	            -1168
  662.8000	            -1118
  663.0000	            -1115
  663.2000	            -1160
  663.4000	            -1113
  663.6000	            -1159
  663.8000	            -1130
  664.0000	            -1143
  664.2000	            -1137
  664.4000	            -1173
  664.6000	            -1107
  664.8000	            -1143
  665.0000	            -1112
  665.2000	            -1143
  665.4000	            -1108
  665.6000	            -1102
  665.8000	            -1099
  666.0000	            -1128
  666.2000	            -1130
  666.4000	            -1100
  666.6000	            -1160
  666.8000	            -1150
  667.0000	            -1108
  667.2000	            -1136
  667.4000	            -1131
  667.6000	            -1065
  667.8000	            -1129
  668.0000	            -1143
  668.2000	            -1112
  668.4000	            -1097
  668.6000	            -1148
  668.8000	            -1100
  669.0000	            -1117
  669.2000	            -1143
  669.4000	            -1104
  669.6000	            -1106
  669.8000	            -1101
  670.0000	            -1147
  670.2000	            -1090
  670.4000	            -1117
  670.6000	            -1100
  670.8000	            -1110
  671.0000	            -1142
  671.2000	            -1128
  671.4000	            -1100
  671.6000	            -1151
  671.8000	            -1117
  672.0000	            -1114
  672.2000	            -1134
  672.4000	            -1130
  672.6000	            -1166
  672.8000	            -1156
  673.0000	            -1177
  673.2000	            -1121
  673.4000	            -1115
  673.6000	            -1118
  673.8000	            -1149
  674.0000	            -1097
  674.2000	            -1118
  674.4000	            -1144
  674.6000	            -1104
  674.8000	            -1107
  675.0000	            -1100
  675.2000	            -1110
  675.4000	            -1174
  675.6000	            -1091
  675.8000	            -1129
  676.0000	            -1142
  676.2000	            -1174
  676.4000	            -1127
  676.6000	            -1090
  676.8000	            -1115
  677.0000	            -1152
  677.2000	            -1125
  677.4000	            -1156
  677.6000	            -1143
  677.8000	            -1122
  678.0000	            -1143
  678.2000	            -1131
  678.4000	            -1138
  678.6000	            -1159
  678.8000	            -1166
  679.0000	            -1114
  679.2000	            -1100
  679.4000	            -1097
  679.6000	            -1118
  679.8000	            -1095
  680.0000	            -1118
  680.2000	            -1117
  680.4000	            -1112
  680.6000	            -1142
  680.8000	            -1115
  681.0000	            -1159
  681.2000	            -1145
  681.4000	            -1118
  681.6000	            -1168
  681.8000	            -1101
  682.0000	            -1097
  682.2000	            -1155
  682.4000	            -1166
  682.6000	            -1096
  682.8000	            -1082
  683.0000	            -1159
  683.2000	            -1115
  683.4000	            -1130
  683.6000	            -1143
  683.8000	            -1163
  684.0000	            -1156
  684.2000	            -1130
  684.4000	            -1105
  684.6000	            -1082
  684.8000	            -1156
  685.0000	            -1139
  685.2000	            -1117
  685.4000	            -1112
  685.6000	            -1160
  685.8000	            -1138
  686.0000	            -1129
  686.2000	            -1145
  686.4000	            -1114
  686.6000	            -1100
  686.8000	            -1099
  687.0000	            -1109
  687.2000	            -1166
  687.4000	            -1168
  687.6000	            -1144
  687.8000	            -1132
  688.0000	            -1143
  688.2000	            -1099
  688.4000	            -1143
  688.6000	            -1156
  688.8000	            -1100
  689.0000	            -1117
  689.2000	            -1130
  689.4000	            -1130
  689.6000	            -1121
  689.8000	            -1119
  690.0000	            -1168
  690.2000	            -1143
  690.4000	            -1127
  690.6000	            -1099
  690.8000	            -1166
  691.0000	            -1106
  691.2000	            -1088
  691.4000	            -1129
  691.6000	            -1128
  691.8000	            -1175
  692.0000	            -1110
  692.2000	            -1120
  692.4000	            -1143
  692.6000	            -1134
  692.8000	            -1104
  693.0000	            -1138
  693.2000	            -1175
  693.4000	            -1163
  693.6000	            -1115
  693.8000	            -1115
  694.0000	            -1118
  694.2000	            -1156
  694.4000	            -1175
  694.6000	            -1159
  694.8000	            -1115
  695.0000	            -1143
  695.2000	            -1137
  695.4000	            -1127
  695.6000	            -1118
  695.8000	            -1159
  696.0000	            -1174
  696.2000	            -1127
  696.4000	             -957
  696.6000	            -1124
  696.8000	            -1097
  697.0000	            -1094
  697.2000	            -1130
  697.4000	            -1118
  697.6000	            -1125
  697.8000	            -1114
  698.0000	            -1120
  698.2000	            -1117
  698.4000	            -1126
  698.6000	            -1118
  698.8000	            -1115
  699.0000	            -1143
  699.2000	            -1121
  699.4000	            -1154
  699.6000	            -1156
  699.8000	            -1091
  700.0000	            -1121
  700.2000	            -1090
  700.4000	            -1175
  700.6000	            -1104
  700.8000	            -1177
  701.0000	            -1156
  701.2000	            -1143
  701.4000	            -1112
  701.6000	            -1142
  701.8000	            -1117
  702.0000	            -1140
  702.2000	            -1113
  702.4000	            -1123
  702.6000	            -1146
  702.8000	            -1143
  703.0000	            -1142
  703.2000	            -1131
  703.4000	            -1129
  703.6000	            -1167
  703.8000	            -1175
  704.0000	            -1109
  704.2000	            -1110
  704.4000	            -1118
  704.6000	            -1148
  704.8000	            -1124
  705.0000	            -1130
  705.2000	            -1143
  705.4000	            -1091
  705.6000	            -1154
  705.8000	            -1110
  706.0000	            -1110
  706.2000	            -1154
  706.4000	            -1084
  706.6000	             -913
  706.8000	            -1106
  707.0000	            -1086
  707.2000	            -1100
  707.4000	            -1121
  707.6000	            -1149
  707.8000	            -1118
  708.0000	            -1115
  708.2000	            -1139
  708.4000	            -1134
  708.6000	            -1142
  708.8000	            -1127
  709.0000	            -1156
  709.2000	            -1162
  709.4000	            -1121
  709.6000	            -1140
  709.8000	            -1107
  710.0000	            -1159
  710.2000	            -1159
  710.4000	            -1172
  710.6000	            -1111
  710.8000	            -1099
  711.0000	            -1107
  711.2000	            -1156
  711.4000	            -1110
  711.6000	            -1184
  711.8000	            -1138
  712.0000	            -1184
  712.2000	            -1122
  712.4000	            -1120
  712.6000	            -1114
  712.8000	            -1091
  713.0000	            -1162
  713.2000	            -1164
  713.4000	            -1110
  713.6000	            -1130
  713.8000	            -1120
  714.0000	            -1115
  714.2000	            -1126
  714.4000	            -1166
  714.6000	            -1108
  714.8000	            -1124
  715.0000	            -1117
  715.2000	            -1098
  715.4000	            -1091
  715.6000	            -1125
  715.8000	            -1083
  716.0000	            -1139
  716.2000	            -1123
  716.4000	            -1151
  716.6000	            -1116
  716.8000	            -1143
  717.0000	            -1155
  717.2000	            -1168
  717.4000	            -1144
  717.6000	            -1130
  717.8000	            -1137
  718.0000	            -1143
  718.2000	            -1100
  718.4000	            -1118
  718.6000	            -1159
  718.8000	            -1143
  719.0000	            -1115
  719.2000	            -1142
  719.4000	            -1168
  719.6000	            -1129
  719.8000	            -1156
  720.0000	            -1100
  720.2000	            -1082
  720.4000	            -1135
  720.6000	            -1106
  720.8000	            -1132
  721.0000	            -1142
  721.2000	            -1175
  721.4000	            -1130
  721.6000	            -1118
  721.8000	            -1100
  722.0000	            -1159
  722.2000	            -1156
  722.4000	            -1143
  722.6000	            -1113
  722.8000	            -1117
  723.0000	            -1132
  723.2000	            -1100
  723.4000	            -1115
  723.6000	            -1125
  723.8000	            -1121
  724.0000	            -1115
  724.2000	            -1113
  724.4000	            -1097
  724.6000	            -1120
  724.8000	            -1104
  725.0000	            -1099
  725.2000	            -1095
  725.4000	            -1093
  725.6000	            -1150
  725.8000	            -1118
  726.0000	            -1162
  726.2000	            -1115
  726.4000	            -1133
  726.6000	            -1139
  726.8000	            -1111
  727.0000	            -1118
  727.2000	            -1082
  727.4000	            -1104
  727.6000	            -1106
  727.8000	            -1111
  728.0000	            -1162
  728.2000	            -1168
  728.4000	            -1130
  728.6000	            -1138
  728.8000	            -1118
  729.0000	            -1110
  729.2000	            -1119
  729.4000	            -1090
  729.6000	            -1121
  729.8000	            -1143
  730.0000	            -1115
  730.2000	            -1140
  730.4000	            -1097
  730.6000	            -1143
  730.8000	            -1138
  731.0000	            -1115
  731.2000	            -1127
  731.4000	            -1117
  731.6000	            -1110
  731.8000	            -1168
  732.0000	            -1156
  732.2000	            -1089
  732.4000	            -1133
  732.6000	            -1143
  732.8000	            -1115
  733.0000	            -1143
  733.2000	            -1107
  733.4000	            -1088
  733.6000	            -1123
  733.8000	            -1147
  734.0000	            -1169
  734.2000	            -1117
  734.4000	            -1100
  734.6000	            -1156
  734.8000	            -1161
  735.0000	            -1108
  735.2000	            -1114
  735.4000	            -1126
  735.6000	            -1107
  735.8000	            -1156
  736.0000	            -1143
  736.2000	            -1129
  736.4000	            -1142
  736.6000	            -1130
  736.8000	            -1104
  737.0000	            -1124
  737.2000	            -1165
  737.4000	            -1101
  737.6000	            -1090
  737.8000	            -1116
  738.0000	            -1118
  738.2000	            -1097
  738.4000	            -1038
  738.6000	            -1134
  738.8000	            -1145
  739.0000	            -1115
  739.2000	            -1124
  739.4000	            -1126
  739.6000	            -1106
  739.8000	            -1175
  740.0000	            -1087
  740.2000	            -1143
  740.4000	            -1139
  740.6000	            -1137
  740.8000	            -1118
  741.0000	            -1159
  741.2000	            -1124
  741.4000	            -1150
  741.6000	            -1141
  741.8000	            -1149
  742.0000	            -1088
  742.2000	            -1108
  742.4000	            -1175
  742.6000	            -1151
  742.8000	            -1107
  743.0000	            -1078
  743.2000	            -1107
  743.4000	            -1175
  743.6000	            -1118
  743.8000	            -1088
  744.0000	            -1119
  744.2000	            -1135
  744.4000	            -1129
  744.6000	            -1115
  744.8000	            -1097
  745.0000	            -1169
  745.2000	            -1114
  745.4000	            -1110
  745.6000	            -1117
  745.8000	            -1156
  746.0000	            -1129
  746.2000	            -1161
  746.4000	            -1115
  746.6000	            -1155
  746.8000	            -1115
  747.0000	            -1119
  747.2000	            -1126
  747.4000	            -1118
  747.6000	            -1135
  747.8000	            -1091
  748.0000	            -1143
  748.2000	            -1104
  748.4000	            -1127
  748.6000	            -1155
  748.8000	            -1115
  749.0000	            -1117
  749.2000	            -1145
  749.4000	            -1139
  749.6000	            -1097
  749.8000	            -1129
  750.0000	            -1127
  750.2000	             -575
  750.4000	             -946
  750.6000	            -1121
  750.8000	            -1115
  751.0000	            -1143
  751.2000	            -1097
  751.4000	             -724
  751.6000	            -1118
  751.8000	            -1128
  752.0000	            -1134
  752.2000	            -1161
  752.4000	            -1119
  752.6000	            -1128
  752.8000	            -1134
  753.0000	            -1175
  753.2000	            -1115
  753.4000	            -1115
  753.6000	            -1138
  753.8000	            -1108
  754.0000	            -1108
  754.2000	            -1121
  754.4000	            -1097
  754.6000	            -1115
  754.8000	            -1123
  755.0000	            -1082
  755.2000	            -1159
  755.4000	            -1118
  755.6000	            -1090
  755.8000	            -1151
  756.0000	            -1100
  756.2000	            -1122
  756.4000	            -1173
  756.6000	            -1142
  756.8000	            -1118
  757.0000	            -1123
  757.2000	            -1118
  757.4000	            -1120
  757.6000	            -1115
  757.8000	            -1115
  758.0000	            -1111
  758.2000	            -1099
  758.4000	            -1139
  758.6000	            -1160
  758.8000	            -1151
  759.0000	            -1117
  759.2000	            -1097
  759.4000	            -1115
  759.6000	            -1086
  759.8000	            -1130
  760.0000	            -1174
  760.2000	            -1104
  760.4000	            -1087
  760.6000	            -1107
  760.8000	            -1144
  761.0000	            -1117
  761.2000	            -1107
  761.4000	            -1175
  761.6000	            -1129
  761.8000	            -1145
  762.0000	            -1115
  762.2000	            -1108
  762.4000	            -1126
  762.6000	            -1118
  762.8000	            -1113
  763.0000	            -1118
  763.2000	            -1116
  763.4000	             -392
  763.6000	            -1090
  763.8000	            -1113
  764.0000	            -1118
  764.2000	            -1110
  764.4000	            -1082
  764.6000	            -1154
  764.8000	            -1143
  765.0000	            -1160
  765.2000	            -1120
  765.4000	            -1095
  765.6000	            -1114
  765.8000	            -1147
  766.0000	            -1161
  766.2000	            -1098
  766.4000	            -1100
  766.6000	            -1144
  766.8000	            -1142
  767.0000	            -1142
  767.2000	            -1142
  767.4000	            -1143
  767.6000	            -1159
  767.8000	            -1106
  768.0000	            -1115
  768.2000	            -1142
  768.4000	            -1099
  768.6000	            -1107
  768.8000	            -1121
  769.0000	            -1107
  769.2000	            -1128
  769.4000	            -1117
  769.6000	            -1106
  769.8000	            -1095
  770.0000	            -1117
  770.2000	            -1116
  770.4000	            -1153
  770.6000	            -1145
  770.8000	            -1138
  771.0000	            -1139
  771.2000	            -1115
  771.4000	            -1119
  771.6000	            -1109
  771.8000	            -1168
  772.0000	            -1119
  772.2000	            -1072
  772.4000	            -1091
  772.6000	            -1115
  772.8000	            -1115
  773.0000	            -1111
  773.2000	            -1161
  773.4000	            -1127
  773.6000	            -1104
  773.8000	            -1104
  774.0000	            -1126
  774.2000	            -1143
  774.4000	            -1082
  774.6000	            -1151
  774.8000	            -1115
  775.0000	            -1114
  775.2000	            -1129
  775.4000	            -1128
  775.6000	            -1104
  775.8000	            -1156
  776.0000	            -1163
  776.2000	            -1110
  776.4000	            -1120
  776.6000	            -1116
  776.8000	            -1143
  777.0000	            -1156
  777.2000	            -1118
  777.4000	            -1130
  777.6000	            -1127
  777.8000	            -1115
  778.0000	            -1100
  778.2000	            -1104
  778.4000	            -1134
  778.6000	            -1175
  778.8000	            -1163
  779.0000	            -1142
  779.2000	            -1119
  779.4000	            -1168
  779.6000	            -1131
  779.8000	            -1126
  780.0000	            -1107
  780.2000	            -1119
  780.4000	            -1165
  780.6000	            -1105
  780.8000	            -1115
  781.0000	            -1155
  781.2000	            -1130
  781.4000	            -1142
  781.6000	            -1117
  781.8000	            -1091
  782.0000	            -1160
  782.2000	            -1143
  782.4000	            -1140
  782.6000	            -1151
  782.8000	            -1134
  783.0000	            -1171
  783.2000	            -1175
  783.4000	            -1145
  783.6000	            -1115
  783.8000	            -1174
  784.0000	            -1142
  784.2000	            -1119
  784.4000	            -1126
  784.6000	            -1142
  784.8000	            -1139
  785.0000	            -1088
  785.2000	            -1138
  785.4000	            -1136
  785.6000	            -1136
  785.8000	            -1116
  786.0000	            -1165
  786.2000	            -1090
  786.4000	            -1126
  786.6000	            -1098
  786.8000	            -1106
  787.0000	            -1108
  787.2000	            -1161
  787.4000	            -1171
  787.6000	            -1175
  787.8000	            -1143
  788.0000	            -1105
  788.2000	            -1154
  788.4000	            -1114
  788.6000	            -1166
  788.8000	            -1100
  789.0000	            -1151
  789.2000	            -1100
  789.4000	            -1090
  789.6000	            -1190
  789.8000	            -1071
  790.0000	            -1161
  790.2000	            -1114
  790.4000	            -1114
  790.6000	            -1173
  790.8000	            -1175
  791.0000	            -1127
  791.2000	            -1136
  791.4000	            -1116
  791.6000	            -1114
  791.8000	            -1118
  792.0000	            -1159
  792.2000	            -1156
  792.4000	            -1117
  792.6000	            -1159
  792.8000	            -1133
  793.0000	            -1143
  793.2000	            -1088
  793.4000	            -1165
  793.6000	            -1144
  793.8000	            -1105
  794.0000	            -1090
  794.2000	            -1121
  794.4000	            -1138
  794.6000	            -1116
  794.8000	            -1042
  795.0000	            -1134
  795.2000	            -1154
  795.4000	            -1149
  795.6000	            -1115
  795.8000	            -1090
  796.0000	            -1129
  796.2000	            -1162
  796.4000	            -1164
  796.6000	            -1095
  796.8000	            -1110
  797.0000	            -1134
  797.2000	            -1164
  797.4000	            -1127
  797.6000	            -1130
  797.8000	            -1143
  798.0000	            -1121
  798.2000	            -1156
  798.4000	            -1118
  798.6000	            -1119
  798.8000	            -1154
  799.0000	            -1101
  799.2000	            -1098
  799.4000	            -1117
  799.6000	            -1174
  799.8000	            -1177
  800.0000	            -1156
  800.2000	            -1166
  800.4000	            -1112
  800.6000	            -1143
  800.8000	            -1125
  801.0000	            -1115
  801.2000	            -1090
  801.4000	             -998
  801.6000	            -1095
  801.8000	            -1143
  802.0000	            -1167
  802.2000	            -1101
  802.4000	            -1123
  802.6000	            -1168
  802.8000	            -1106
  803.0000	            -1119
  803.2000	            -1114
  803.4000	            -1095
  803.6000	            -1142
  803.8000	            -1131
  804.0000	            -1117
  804.2000	            -1139
  804.4000	            -1138
  804.6000	            -1110
  804.8000	            -1143
  805.0000	            -1100
