  200.0000	            -1236
  200.2000	            -1173
  200.4000	            -1209
  200.6000	            -1173
  200.8000	            -1214
  201.0000	            -1216
  201.2000	            -1215
  201.4000	            -1182
  201.6000	            -1204
  201.8000	            -1147
  202.0000	            -1181
  202.2000	            -1200
  202.4000	            -1201
  202.6000	            -1212
  202.8000	            -1184
  203.0000	            -1185
  203.2000	            -1173
  203.4000	            -1185
  203.6000	            -1185
  203.8000	            -1191
  204.0000	            -1191
  204.2000	            -1201
  204.4000	            -1191
  204.6000	            -1217
  204.8000	            -1195
  205.0000	            -1206
  205.2000	            -1200
  205.4000	            -1204
  205.6000	            -1225
  205.8000	            -1200
  206.0000	            -1213
  206.2000	            -1206
  206.4000	            -1208
  206.6000	            -1236
  206.8000	            -1201
  207.0000	            -1212
  207.2000	            -1183
  207.4000	            -1215
  207.6000	            -1191
  207.8000	            -1184
  208.0000	            -1229
  208.2000	            -1185
  208.4000	            -1183
  208.6000	            -1216
  208.8000	            -1203
  209.0000	            -1171
  209.2000	            -1195
  209.4000	            -1178
  209.6000	            -1222
  209.8000	            -1236
  210.0000	            -1183
  210.2000	            -1187
  210.4000	            -1184
  210.6000	            -1178
  210.8000	            -1203
  211.0000	            -1192
  211.2000	            -1159
  211.4000	            -1206
  211.6000	            -1212
  211.8000	            -1201
  212.0000	            -1200
  212.2000	            -1208
  212.4000	            -1172
  212.6000	            -1212
  212.8000	            -1208
  213.0000	            -1177
  213.2000	            -1199
  213.4000	            -1195
  213.6000	            -1222
  213.8000	            -1244
  214.0000	            -1191
  214.2000	            -1212
  214.4000	            -1195
  214.6000	            -1208
  214.8000	            -1181
  215.0000	            -1220
  215.2000	            -1180
  215.4000	            -1216
  215.6000	            -1204
  215.8000	            -1236
  216.0000	            -1206
  216.2000	            -1212
  216.4000	            -1181
  216.6000	            -1206
  216.8000	            -1191
  217.0000	            -1214
  217.2000	            -1197
  217.4000	            -1197
  217.6000	            -1187
  217.8000	            -1183
  218.0000	            -1218
  218.2000	            -1222
  218.4000	            -1206
  218.6000	            -1203
  218.8000	            -1195
  219.0000	            -1218
  219.2000	            -1199
  219.4000	            -1193
  219.6000	            -1208
  219.8000	            -1189
  220.0000	            -1205
  220.2000	            -1191
  220.4000	            -1218
  220.6000	            -1219
  220.8000	            -1214
  221.0000	            -1171
  221.2000	            -1221
  221.4000	            -1195
  221.6000	            -1155
  221.8000	            -1206
  222.0000	            -1182
  222.2000	            -1212
  222.4000	            -1180
  222.6000	            -1213
  222.8000	            -1238
  223.0000	            -1191
  223.2000	            -1185
  223.4000	            -1218
  223.6000	            -1195
  223.8000	            -1206
  224.0000	            -1225
  224.2000	            -1200
  224.4000	            -1197
  224.6000	            -1215
  224.8000	            -1191
  225.0000	            -1203
  225.2000	            -1183
  225.4000	            -1196
  225.6000	            -1181
  225.8000	            -1212
  226.0000	            -1215
  226.2000	            -1200
  226.4000	            -1200
  226.6000	            -1183
  226.8000	            -1195
  227.0000	            -1206
  227.2000	            -1183
  227.4000	            -1192
  227.6000	            -1214
  227.8000	            -1191
  228.0000	            -1201
  228.2000	            -1208
  228.4000	            -1195
  228.6000	            -1208
  228.8000	            -1216
  229.0000	            -1206
  229.2000	            -1211
  229.4000	            -1212
  229.6000	            -1190
  229.8000	            -1212
  230.0000	            -1197
  230.2000	            -1191
  230.4000	            -1194
  230.6000	            -1217
  230.8000	            -1209
  231.0000	            -1212
  231.2000	            -1230
  231.4000	            -1216
  231.6000	            -1192
  231.8000	            -1193
  232.0000	            -1208
  232.2000	            -1206
  232.4000	            -1192
  232.6000	            -1147
  232.8000	            -1197
  233.0000	            -1178
  233.2000	            -1195
  233.4000	            -1147
  233.6000	            -1155
  233.8000	            -1203
  234.0000	            -1180
  234.2000	            -1203
  234.4000	            -1206
  234.6000	            -1180
  234.8000	            -1211
  235.0000	            -1215
  235.2000	            -1197
  235.4000	            -1205
  235.6000	            -1191
  235.8000	            -1184
  236.0000	            -1214
  236.2000	            -1206
  236.4000	            -1200
  236.6000	            -1184
  236.8000	            -1212
  237.0000	            -1232
  237.2000	            -1206
  237.4000	            -1204
  237.6000	            -1236
  237.8000	            -1225
  238.0000	            -1212
  238.2000	            -1208
  238.4000	            -1209
  238.6000	            -1214
  238.8000	            -1177
  239.0000	            -1197
  239.2000	            -1147
  239.4000	            -1231
  239.6000	            -1181
  239.8000	            -1191
  240.0000	            -1197
  240.2000	            -1191
  240.4000	            -1197
  240.6000	            -1206
  240.8000	            -1199
  241.0000	            -1184
  241.2000	            -1192
  241.4000	            -1222
  241.6000	            -1172
  241.8000	            -1187
  242.0000	            -1212
  242.2000	            -1147
  242.4000	            -1212
  242.6000	            -1211
  242.8000	            -1212
  243.0000	            -1212
  243.2000	            -1205
  243.4000	            -1199
  243.6000	            -1225
  243.8000	            -1194
  244.0000	            -1147
  244.2000	            -1203
  244.4000	            -1214
  244.6000	            -1185
  244.8000	            -1173
  245.0000	            -1192
  245.2000	            -1218
  245.4000	            -1183
  245.6000	            -1193
  245.8000	            -1180
  246.0000	            -1208
  246.2000	            -1218
  246.4000	            -1191
  246.6000	            -1189
  246.8000	            -1223
  247.0000	            -1206
  247.2000	            -1202
  247.4000	            -1216
  247.6000	            -1206
  247.8000	            -1202
  248.0000	            -1204
  248.2000	            -1213
  248.4000	            -1217
  248.6000	            -1181
  248.8000	            -1236
  249.0000	            -1192
  249.2000	            -1191
  249.4000	            -1200
  249.6000	            -1207
  249.8000	            -1171
  250.0000	            -1199
  250.2000	            -1178
  250.4000	            -1206
  250.6000	            -1215
  250.8000	            -1189
  251.0000	            -1200
  251.2000	            -1209
  251.4000	            -1202
  251.6000	            -1189
  251.8000	            -1164
  252.0000	            -1195
  252.2000	            -1215
  252.4000	            -1206
  252.6000	            -1188
  252.8000	            -1181
  253.0000	            -1194
  253.2000	            -1195
  253.4000	            -1171
  253.6000	            -1214
  253.8000	            -1171
  254.0000	            -1225
  254.2000	            -1228
  254.4000	            -1225
  254.6000	            -1190
  254.8000	            -1211
  255.0000	            -1195
  255.2000	            -1187
  255.4000	            -1203
  255.6000	            -1201
  255.8000	            -1225
  256.0000	            -1167
  256.2000	            -1230
  256.4000	            -1191
  256.6000	            -1192
  256.8000	            -1248
  257.0000	            -1215
  257.2000	            -1181
  257.4000	            -1168
  257.6000	            -1186
  257.8000	            -1207
  258.0000	            -1192
  258.2000	            -1199
  258.4000	            -1195
  258.6000	            -1212
  258.8000	            -1168
  259.0000	            -1171
  259.2000	            -1215
  259.4000	            -1168
  259.6000	            -1214
  259.8000	            -1236
  260.0000	            -1229
  260.2000	            -1215
  260.4000	            -1209
  260.6000	            -1240
  260.8000	            -1197
  261.0000	            -1169
  261.2000	            -1181
  261.4000	            -1195
  261.6000	            -1222
  261.8000	            -1192
  262.0000	            -1205
  262.2000	            -1188
  262.4000	            -1212
  262.6000	            -1213
  262.8000	            -1201
  263.0000	            -1197
  263.2000	            -1217
  263.4000	            -1209
  263.6000	            -1206
  263.8000	            -1212
  264.0000	            -1197
  264.2000	            -1192
  264.4000	            -1214
  264.6000	            -1191
  264.8000	            -1169
  265.0000	            -1208
  265.2000	            -1191
  265.4000	            -1180
  265.6000	            -1218
  265.8000	            -1194
  266.0000	            -1214
  266.2000	            -1216
  266.4000	            -1211
  266.6000	            -1185
  266.8000	            -1212
  267.0000	            -1209
  267.2000	            -1222
  267.4000	            -1208
  267.6000	            -1216
  267.8000	            -1202
  268.0000	            -1202
  268.2000	            -1199
  268.4000	            -1239
  268.6000	            -1206
  268.8000	            -1191
  269.0000	            -1183
  269.2000	            -1195
  269.4000	            -1178
  269.6000	            -1171
  269.8000	            -1188
  270.0000	            -1181
  270.2000	            -1192
  270.4000	            -1234
  270.6000	            -1222
  270.8000	            -1199
  271.0000	            -1197
  271.2000	            -1147
  271.4000	            -1217
  271.6000	            -1191
  271.8000	            -1216
  272.0000	            -1199
  272.2000	            -1218
  272.4000	            -1184
  272.6000	            -1212
  272.8000	            -1212
  273.0000	            -1191
  273.2000	            -1217
  273.4000	            -1183
  273.6000	            -1206
  273.8000	            -1217
  274.0000	            -1199
  274.2000	            -1193
  274.4000	            -1147
  274.6000	            -1172
  274.8000	            -1212
  275.0000	            -1181
  275.2000	            -1214
  275.4000	            -1206
  275.6000	            -1184
  275.8000	            -1155
  276.0000	            -1213
  276.2000	            -1222
  276.4000	            -1194
  276.6000	            -1188
  276.8000	            -1147
  277.0000	            -1209
  277.2000	            -1194
  277.4000	            -1147
  277.6000	            -1191
  277.8000	            -1204
  278.0000	            -1191
  278.2000	            -1171
  278.4000	            -1194
  278.6000	            -1206
  278.8000	            -1147
  279.0000	            -1196
  279.2000	            -1147
  279.4000	            -1225
  279.6000	            -1185
  279.8000	            -1155
  280.0000	            -1218
  280.2000	            -1209
  280.4000	            -1214
  280.6000	            -1179
  280.8000	            -1216
  281.0000	            -1187
  281.2000	            -1236
  281.4000	            -1196
  281.6000	            -1225
  281.8000	            -1206
  282.0000	            -1206
  282.2000	            -1170
  282.4000	            -1214
  282.6000	            -1206
  282.8000	            -1200
  283.0000	            -1212
  283.2000	            -1192
  283.4000	            -1147
  283.6000	            -1206
  283.8000	            -1195
  284.0000	            -1236
  284.2000	            -1222
  284.4000	            -1201
  284.6000	            -1195
  284.8000	            -1197
  285.0000	            -1199
  285.2000	            -1220
  285.4000	            -1204
  285.6000	            -1207
  285.8000	            -1218
  286.0000	            -1201
  286.2000	            -1204
  286.4000	            -1192
  286.6000	            -1209
  286.8000	            -1191
  287.0000	            -1147
  287.2000	            -1191
  287.4000	            -1206
  287.6000	            -1211
  287.8000	            -1197
  288.0000	            -1189
  288.2000	            -1192
  288.4000	            -1225
  288.6000	            -1191
  288.8000	            -1216
  289.0000	            -1222
  289.2000	            -1193
  289.4000	            -1215
  289.6000	            -1199
  289.8000	            -1208
  290.0000	            -1195
  290.2000	            -1168
  290.4000	            -1193
  290.6000	            -1185
  290.8000	            -1199
  291.0000	            -1202
  291.2000	            -1172
  291.4000	            -1200
  291.6000	            -1195
  291.8000	            -1201
  292.0000	            -1206
  292.2000	            -1147
  292.4000	            -1199
  292.6000	            -1205
  292.8000	            -1171
  293.0000	            -1218
  293.2000	            -1225
  293.4000	            -1177
  293.6000	            -1191
  293.8000	            -1184
  294.0000	            -1192
  294.2000	            -1221
  294.4000	            -1147
  294.6000	            -1191
  294.8000	            -1194
  295.0000	            -1193
  295.2000	            -1203
  295.4000	            -1202
  295.6000	            -1195
  295.8000	            -1229
  296.0000	            -1192
  296.2000	            -1163
  296.4000	            -1199
  296.6000	            -1169
  296.8000	            -1202
  297.0000	            -1201
  297.2000	            -1185
  297.4000	            -1212
  297.6000	            -1183
  297.8000	            -1206
  298.0000	            -1171
  298.2000	            -1209
  298.4000	            -1202
  298.6000	            -1200
  298.8000	            -1211
  299.0000	            -1202
  299.2000	            -1206
  299.4000	            -1183
  299.6000	            -1204
  299.8000	            -1191
  300.0000	            -1212
  300.2000	            -1206
  300.4000	            -1185
  300.6000	            -1199
  300.8000	            -1195
  301.0000	            -1184
  301.2000	            -1215
  301.4000	            -1200
  301.6000	            -1191
  301.8000	            -1195
  302.0000	            -1177
  302.2000	            -1214
  302.4000	            -1181
  302.6000	            -1202
  302.8000	            -1208
  303.0000	            -1155
  303.2000	            -1217
  303.4000	            -1209
  303.6000	            -1222
  303.8000	            -1209
  304.0000	            -1182
  304.2000	            -1206
  304.4000	            -1170
  304.6000	            -1184
  304.8000	            -1195
  305.0000	            -1201
  305.2000	            -1199
  305.4000	            -1185
  305.6000	            -1155
  305.8000	            -1185
  306.0000	            -1189
  306.2000	            -1197
  306.4000	              -18
  306.6000	             -701
  306.8000	              286
  307.0000	             -198
  307.2000	             -284
  307.4000	             -930
  307.6000	            -1022
  307.8000	              446
  308.0000	             1026
  308.2000	             1201
  308.4000	             -434
  308.6000	              460
  308.8000	             -967
  309.0000	             3801
  309.2000	              183
  309.4000	             -175
  309.6000	             1789
  309.8000	             -569
  310.0000	               88
  310.2000	              638
  310.4000	             -731
  310.6000	              989
  310.8000	             -586
  311.0000	             -163
  311.2000	               48
  311.4000	             -478
  311.6000	            -1051
  311.8000	             -191
  312.0000	             -636
  312.2000	              166
  312.4000	             -234
  312.6000	             -512
  312.8000	              212
  313.0000	              -42
  313.2000	             -780
  313.4000	              316
  313.6000	              407
  313.8000	               34
  314.0000	             -148
  314.2000	              -61
  314.4000	             -169
  314.6000	              314
  314.8000	              -18
  315.0000	              343
  315.2000	              477
  315.4000	              144
  315.6000	              210
  315.8000	             1723
  316.0000	             -204
  316.2000	             -586
  316.4000	             -302
  316.6000	             -589
  316.8000	             -728
  317.0000	             -569
  317.2000	            -1105
  317.4000	             -411
  317.6000	            -1148
  317.8000	             -684
  318.0000	             -886
  318.2000	             -969
  318.4000	            -1057
  318.6000	             -512
  318.8000	            -1006
  319.0000	            -1104
  319.2000	             -698
  319.4000	             -827
  319.6000	            -1129
  319.8000	            -1049
  320.0000	             -914
  320.2000	             -850
  320.4000	             -881
  320.6000	             -926
  320.8000	            -1141
  321.0000	             -638
  321.2000	            -1087
  321.4000	             -874
  321.6000	            -1192
  321.8000	            -1010
  322.0000	            -1027
  322.2000	            -1033
  322.4000	            -1137
  322.6000	            -1019
  322.8000	            -1209
  323.0000	             -965
  323.2000	            -1180
  323.4000	            -1082
  323.6000	            -1153
  323.8000	            -1057
  324.0000	            -1169
  324.2000	            -1158
  324.4000	             -952
  324.6000	            -1216
  324.8000	            -1153
  325.0000	            -1197
  325.2000	            -1140
  325.4000	            -1158
  325.6000	            -1189
  325.8000	            -1172
  326.0000	            -1199
  326.2000	            -1192
  326.4000	            -1151
  326.6000	            -1201
  326.8000	            -1192
  327.0000	            -1192
  327.2000	            -1213
  327.4000	            -1181
  327.6000	            -1119
  327.8000	            -1118
  328.0000	            -1153
  328.2000	            -1200
  328.4000	            -1116
  328.6000	            -1197
  328.8000	            -1112
  329.0000	            -1168
  329.2000	            -1159
  329.4000	            -1122
  329.6000	            -1082
  329.8000	            -1143
  330.0000	            -1140
  330.2000	            -1109
  330.4000	            -1116
  330.6000	            -1090
  330.8000	            -1007
  331.0000	             -975
  331.2000	            -1014
  331.4000	             -846
  331.6000	             -934
  331.8000	             -871
  332.0000	             -903
  332.2000	             -881
  332.4000	             -898
  332.6000	             -686
  332.8000	             -719
  333.0000	             -579
  333.2000	             -619
  333.4000	             -582
  333.6000	             -633
  333.8000	             -438
  334.0000	             -224
  334.2000	             -188
  334.4000	             -169
  334.6000	              172
  334.8000	              292
  335.0000	              338
  335.2000	              601
  335.4000	              706
  335.6000	              920
  335.8000	             1239
  336.0000	             1570
  336.2000	             2007
  336.4000	             2557
  336.6000	             3071
  336.8000	             3478
  337.0000	             9452
  337.2000	             -640
  337.4000	            -1168
  337.6000	            -1142
  337.8000	            -1187
  338.0000	            -1165
  338.2000	            -1182
  338.4000	            -1192
  338.6000	            -1208
  338.8000	            -1167
  339.0000	            -1199
  339.2000	            -1188
  339.4000	            -1164
  339.6000	            -1200
  339.8000	            -1222
  340.0000	            -1181
  340.2000	            -1168
  340.4000	            -1212
  340.6000	            -1208
  340.8000	            -1168
  341.0000	            -1168
  341.2000	            -1206
  341.4000	            -1197
  341.6000	            -1207
  341.8000	            -1212
  342.0000	            -1212
  342.2000	            -1195
  342.4000	            -1175
  342.6000	            -1207
  342.8000	            -1170
  343.0000	            -1173
  343.2000	            -1163
  343.4000	            -1185
  343.6000	            -1176
  343.8000	            -1153
  344.0000	            -1215
  344.2000	            -1175
  344.4000	            -1193
  344.6000	            -1201
  344.8000	            -1168
  345.0000	            -1178
  345.2000	            -1201
  345.4000	            -1188
  345.6000	            -1188
  345.8000	            -1135
  346.0000	            -1130
  346.2000	            -1119
  346.4000	            -1131
  346.6000	            -1120
  346.8000	            -1105
  347.0000	            -1183
  347.2000	            -1090
  347.4000	            -1145
  347.6000	            -1168
  347.8000	            -1090
  348.0000	            -1088
  348.2000	            -1187
  348.4000	            -1060
  348.6000	            -1116
  348.8000	            -1074
  349.0000	             -997
  349.2000	            -1004
  349.4000	            -1053
  349.6000	             -963
  349.8000	             -846
  350.0000	             -923
  350.2000	            -1019
  350.4000	             -897
  350.6000	             -933
  350.8000	            -1065
  351.0000	             -957
  351.2000	             -803
  351.4000	             -698
  351.6000	             -785
  351.8000	             -880
  352.0000	             -763
  352.2000	             -673
  352.4000	             -380
  352.6000	             -376
  352.8000	             -220
  353.0000	             -258
  353.2000	             -193
  353.4000	              -55
  353.6000	             1199
  353.8000	             -616
  354.0000	             -448
  354.2000	             -395
  354.4000	             -163
  354.6000	               61
  354.8000	               13
  355.0000	              -18
  355.2000	               94
  355.4000	              430
  355.6000	              335
  355.8000	              447
  356.0000	              759
  356.2000	              955
  356.4000	             1084
  356.6000	             1509
  356.8000	             1869
  357.0000	             2283
  357.2000	             2552
  357.4000	             2822
  357.6000	             8188
  357.8000	             -956
  358.0000	            -1146
  358.2000	            -1113
  358.4000	            -1176
  358.6000	            -1185
  358.8000	            -1159
  359.0000	            -1220
  359.2000	            -1163
  359.4000	            -1218
  359.6000	            -1229
  359.8000	            -1186
  360.0000	            -1186
  360.2000	            -1194
  360.4000	            -1201
  360.6000	            -1097
  360.8000	            -1169
  361.0000	            -1185
  361.2000	            -1169
  361.4000	            -1205
  361.6000	            -1192
  361.8000	            -1205
  362.0000	            -1179
  362.2000	            -1203
  362.4000	            -1171
  362.6000	            -1186
  362.8000	            -1206
  363.0000	            -1185
  363.2000	            -1168
  363.4000	            -1165
  363.6000	            -1194
  363.8000	            -1170
  364.0000	            -1167
  364.2000	            -1187
  364.4000	            -1187
  364.6000	            -1202
  364.8000	            -1212
  365.0000	            -1187
  365.2000	            -1197
  365.4000	            -1169
  365.6000	            -1209
  365.8000	            -1192
  366.0000	            -1187
  366.2000	            -1159
  366.4000	            -1170
  366.6000	            -1180
  366.8000	            -1144
  367.0000	            -1106
  367.2000	            -1125
  367.4000	            -1156
  367.6000	            -1197
  367.8000	            -1169
  368.0000	            -1153
  368.2000	            -1132
  368.4000	            -1181
  368.6000	            -1120
  368.8000	            -1124
  369.0000	            -1121
  369.2000	            -1129
  369.4000	            -1089
  369.6000	            -1112
  369.8000	            -1066
  370.0000	            -1022
  370.2000	             -992
  370.4000	             -947
  370.6000	            -1079
  370.8000	             -890
  371.0000	             -696
  371.2000	            -1138
  371.4000	             -981
  371.6000	            -1066
  371.8000	             -996
  372.0000	             -979
  372.2000	            -1001
  372.4000	             -902
  372.6000	             -947
  372.8000	            -1016
  373.0000	             -835
  373.2000	             -858
  373.4000	             -959
  373.6000	             -781
  373.8000	             -659
  374.0000	             -827
  374.2000	             -691
  374.4000	             -473
  374.6000	             -534
  374.8000	             -638
  375.0000	             -485
  375.2000	             -131
  375.4000	              817
  375.6000	             -962
  375.8000	            -1076
  376.0000	             -976
  376.2000	             -765
  376.4000	             -673
  376.6000	             -557
  376.8000	             -615
  377.0000	             -526
  377.2000	             -649
  377.4000	             -559
  377.6000	             -512
  377.8000	             -435
  378.0000	             -449
  378.2000	             -389
  378.4000	             -450
  378.6000	             -399
  378.8000	             -201
  379.0000	             -133
  379.2000	              -24
  379.4000	              119
  379.6000	              247
  379.8000	              318
  380.0000	              448
  380.2000	              840
  380.4000	             2565
  380.6000	            -1181
  380.8000	            -1169
  381.0000	            -1194
  381.2000	            -1188
  381.4000	            -1185
  381.6000	            -1191
  381.8000	            -1188
  382.0000	            -1197
  382.2000	            -1188
  382.4000	            -1192
  382.6000	            -1203
  382.8000	            -1208
  383.0000	            -1197
  383.2000	            -1192
  383.4000	            -1076
  383.6000	            -1195
  383.8000	            -1204
  384.0000	            -1156
  384.2000	            -1182
  384.4000	            -1187
  384.6000	            -1176
  384.8000	            -1194
  385.0000	            -1148
  385.2000	            -1197
  385.4000	            -1135
  385.6000	            -1166
  385.8000	            -1194
  386.0000	            -1165
  386.2000	            -1187
  386.4000	            -1185
  386.6000	            -1179
  386.8000	            -1171
  387.0000	            -1179
  387.2000	            -1209
  387.4000	            -1153
  387.6000	            -1181
  387.8000	            -1153
  388.0000	            -1185
  388.2000	            -1170
  388.4000	            -1151
  388.6000	            -1198
  388.8000	            -1132
  389.0000	            -1139
  389.2000	            -1110
  389.4000	            -1133
  389.6000	            -1143
  389.8000	            -1132
  390.0000	            -1170
  390.2000	            -1200
  390.4000	            -1184
  390.6000	            -1193
  390.8000	            -1181
  391.0000	            -1187
  391.2000	            -1133
  391.4000	            -1119
  391.6000	            -1169
  391.8000	            -1173
  392.0000	            -1159
  392.2000	            -1177
  392.4000	            -1140
  392.6000	            -1103
  392.8000	            -1088
  393.0000	            -1130
  393.2000	            -1088
  393.4000	            -1084
  393.6000	            -1068
  393.8000	            -1060
  394.0000	             -941
  394.2000	             -872
  394.4000	            -1183
  394.6000	            -1075
  394.8000	             -954
  395.0000	            -1102
  395.2000	            -1184
  395.4000	            -1066
  395.6000	            -1121
  395.8000	            -1108
  396.0000	            -1187
  396.2000	            -1121
  396.4000	            -1112
  396.6000	            -1132
  396.8000	            -1071
  397.0000	            -1090
  397.2000	            -1048
  397.4000	            -1081
  397.6000	            -1046
  397.8000	            -1052
  398.0000	             -998
  398.2000	             -997
  398.4000	            -1006
  398.6000	             -956
  398.8000	             -966
  399.0000	             -861
  399.2000	             -885
  399.4000	             -891
  399.6000	             -558
  399.8000	             -835
  400.0000	            -1154
  400.2000	            -1084
  400.4000	            -1125
  400.6000	            -1125
  400.8000	            -1084
  401.0000	             -998
  401.2000	            -1157
  401.4000	            -1115
  401.6000	            -1054
  401.8000	             -990
  402.0000	            -1066
  402.2000	            -1105
  402.4000	            -1084
  402.6000	            -1019
  402.8000	             -972
  403.0000	             -934
  403.2000	             -934
  403.4000	             -918
  403.6000	             -953
  403.8000	             -889
  404.0000	             -919
  404.2000	             -883
  404.4000	             -521
  404.6000	             -829
  404.8000	             -817
  405.0000	             -769
  405.2000	             -764
  405.4000	             -741
  405.6000	             -722
  405.8000	             -155
  406.0000	            -1097
  406.2000	            -1185
  406.4000	            -1199
  406.6000	            -1201
  406.8000	            -1192
  407.0000	            -1201
  407.2000	            -1010
  407.4000	            -1172
  407.6000	            -1153
  407.8000	            -1169
  408.0000	            -1108
  408.2000	            -1185
  408.4000	            -1173
  408.6000	            -1201
  408.8000	            -1172
  409.0000	            -1216
  409.2000	            -1173
  409.4000	            -1195
  409.6000	            -1184
  409.8000	            -1181
  410.0000	            -1200
  410.2000	            -1208
  410.4000	            -1136
  410.6000	            -1216
  410.8000	            -1228
  411.0000	            -1147
  411.2000	            -1205
  411.4000	            -1193
  411.6000	            -1170
  411.8000	            -1164
  412.0000	            -1203
  412.2000	            -1188
  412.4000	            -1203
  412.6000	            -1208
  412.8000	            -1159
  413.0000	            -1172
  413.2000	            -1026
  413.4000	            -1169
  413.6000	            -1196
  413.8000	            -1152
  414.0000	            -1174
  414.2000	            -1184
  414.4000	            -1181
  414.6000	            -1168
  414.8000	            -1179
  415.0000	            -1209
  415.2000	            -1173
  415.4000	            -1182
  415.6000	            -1177
  415.8000	              643
  416.0000	            -1147
  416.2000	            -1178
  416.4000	             -872
  416.6000	            -1177
  416.8000	            -1191
  417.0000	            -1198
  417.2000	            -1182
  417.4000	            -1185
  417.6000	            -1189
  417.8000	            -1185
  418.0000	            -1193
  418.2000	             -843
  418.4000	            -1115
  418.6000	            -1111
  418.8000	            -1158
  419.0000	             -653
  419.2000	            -1154
  419.4000	            -1105
  419.6000	            -1116
  419.8000	              739
  420.0000	              494
  420.2000	            -1137
  420.4000	            -1130
  420.6000	            -1169
  420.8000	            -1203
  421.0000	            -1122
  421.2000	            -1173
  421.4000	            -1153
  421.6000	            -1192
  421.8000	            -1187
  422.0000	            -1185
  422.2000	            -1134
  422.4000	            -1206
  422.6000	            -1170
  422.8000	            -1128
  423.0000	            -1122
  423.2000	            -1128
  423.4000	            -1120
  423.6000	            -1101
  423.8000	            -1159
  424.0000	            -1158
  424.2000	            -1124
  424.4000	            -1119
  424.6000	            -1089
  424.8000	            -1139
  425.0000	            -1107
  425.2000	            -1128
  425.4000	            -1082
  425.6000	            -1075
  425.8000	             -761
  426.0000	             -996
  426.2000	            -1078
  426.4000	            -1051
  426.6000	             -538
  426.8000	             -931
  427.0000	            -1170
  427.2000	             -447
  427.4000	            -1185
  427.6000	            -1071
  427.8000	            -1106
  428.0000	            -1142
  428.2000	            -1131
  428.4000	            -1198
  428.6000	            -1133
  428.8000	            -1198
  429.0000	            -1130
  429.2000	            -1115
  429.4000	            -1209
  429.6000	            -1129
  429.8000	            -1122
  430.0000	             -727
  430.2000	            -1181
  430.4000	            -1116
  430.6000	            -1173
  430.8000	            -1179
  431.0000	            -1182
  431.2000	            -1121
  431.4000	            -1133
  431.6000	            -1154
  431.8000	            -1117
  432.0000	            -1115
  432.2000	            -1118
  432.4000	            -1108
  432.6000	            -1060
  432.8000	            -1127
  433.0000	            -1054
  433.2000	             -934
  433.4000	             -933
  433.6000	            -1035
  433.8000	            -1064
  434.0000	            -1049
  434.2000	            -1016
  434.4000	             -930
  434.6000	            -1194
  434.8000	            -1111
  435.0000	            -1191
  435.2000	            -1209
  435.4000	            -1222
  435.6000	            -1182
  435.8000	            -1185
  436.0000	            -1216
  436.2000	            -1178
  436.4000	            -1169
  436.6000	            -1203
  436.8000	            -1194
  437.0000	            -1074
  437.2000	            -1185
  437.4000	            -1197
  437.6000	            -1194
  437.8000	            -1154
  438.0000	            -1153
  438.2000	            -1169
  438.4000	            -1190
  438.6000	            -1204
  438.8000	            -1168
  439.0000	            -1197
  439.2000	            -1192
  439.4000	            -1181
  439.6000	            -1206
  439.8000	            -1208
  440.0000	            -1154
  440.2000	            -1190
  440.4000	            -1208
  440.6000	            -1189
  440.8000	            -1178
  441.0000	            -1186
  441.2000	            -1215
  441.4000	            -1134
  441.6000	            -1201
  441.8000	            -1209
  442.0000	            -1169
  442.2000	            -1172
  442.4000	            -1178
  442.6000	            -1119
  442.8000	            -1191
  443.0000	            -1082
  443.2000	            -1185
  443.4000	            -1169
  443.6000	            -1202
  443.8000	            -1176
  444.0000	            -1172
  444.2000	            -1208
  444.4000	            -1222
  444.6000	            -1185
  444.8000	            -1132
  445.0000	            -1147
  445.2000	            -1202
  445.4000	            -1201
  445.6000	            -1181
  445.8000	            -1181
  446.0000	            -1162
  446.2000	            -1181
  446.4000	            -1191
  446.6000	            -1195
  446.8000	            -1191
  447.0000	            -1141
  447.2000	            -1168
  447.4000	            -1114
  447.6000	            -1154
  447.8000	            -1170
  448.0000	            -1190
  448.2000	            -1117
  448.4000	            -1182
  448.6000	            -1180
  448.8000	            -1169
  449.0000	            -1159
  449.2000	            -1185
  449.4000	            -1168
  449.6000	            -1192
  449.8000	            -1187
  450.0000	            -1160
  450.2000	            -1201
  450.4000	            -1195
  450.6000	            -1168
  450.8000	            -1195
  451.0000	             -425
  451.2000	            -1203
  451.4000	            -1182
  451.6000	            -1203
  451.8000	            -1168
  452.0000	            -1200
  452.2000	            -1087
  452.4000	            -1168
  452.6000	            -1186
  452.8000	            -1138
  453.0000	            -1185
  453.2000	            -1170
  453.4000	            -1185
  453.6000	            -1168
  453.8000	            -1159
  454.0000	            -1183
  454.2000	            -1159
  454.4000	             -962
  454.6000	            -1168
  454.8000	            -1187
  455.0000	            -1159
  455.2000	            -1201
  455.4000	            -1170
  455.6000	            -1163
  455.8000	            -1201
  456.0000	            -1144
  456.2000	            -1177
  456.4000	            -1190
  456.6000	            -1153
  456.8000	            -1184
  457.0000	            -1170
  457.2000	            -1116
  457.4000	            -1184
  457.6000	            -1147
  457.8000	            -1175
  458.0000	            -1133
  458.2000	            -1163
  458.4000	            -1187
  458.6000	            -1209
  458.8000	            -1138
  459.0000	            -1054
  459.2000	            -1204
  459.4000	            -1206
  459.6000	            -1048
  459.8000	            -1173
  460.0000	            -1156
  460.2000	            -1189
  460.4000	            -1198
  460.6000	            -1197
  460.8000	            -1153
  461.0000	            -1075
  461.2000	            -1165
  461.4000	            -1215
  461.6000	            -1187
  461.8000	            -1190
  462.0000	            -1205
  462.2000	            -1175
  462.4000	            -1184
  462.6000	            -1207
  462.8000	            -1104
  463.0000	            -1178
  463.2000	            -1149
  463.4000	            -1181
  463.6000	            -1145
  463.8000	            -1187
  464.0000	            -1194
  464.2000	            -1150
  464.4000	            -1168
  464.6000	            -1178
  464.8000	            -1194
  465.0000	            -1191
  465.2000	            -1185
  465.4000	            -1169
  465.6000	            -1177
  465.8000	             -968
  466.0000	            -1133
  466.2000	            -1143
  466.4000	            -1119
  466.6000	            -1149
  466.8000	            -1201
  467.0000	            -1199
  467.2000	            -1189
  467.4000	            -1207
  467.6000	            -1210
  467.8000	            -1187
  468.0000	            -1192
  468.2000	            -1197
  468.4000	            -1199
  468.6000	            -1197
  468.8000	            -1187
  469.0000	            -1194
  469.2000	            -1192
  469.4000	            -1201
  469.6000	            -1201
  469.8000	            -1201
  470.0000	            -1189
  470.2000	            -1089
  470.4000	            -1216
  470.6000	            -1215
  470.8000	            -1215
  471.0000	            -1185
  471.2000	            -1200
  471.4000	            -1208
  471.6000	            -1201
  471.8000	            -1200
  472.0000	            -1201
  472.2000	            -1169
  472.4000	            -1171
  472.6000	            -1095
  472.8000	            -1201
  473.0000	            -1185
  473.2000	            -1132
  473.4000	            -1147
  473.6000	            -1147
  473.8000	            -1209
  474.0000	            -1182
  474.2000	            -1168
  474.4000	            -1199
  474.6000	            -1215
  474.8000	            -1159
  475.0000	            -1194
  475.2000	            -1181
  475.4000	            -1184
  475.6000	            -1191
  475.8000	            -1213
  476.0000	            -1197
  476.2000	            -1156
  476.4000	             -899
  476.6000	            -1198
  476.8000	            -1122
  477.0000	            -1153
  477.2000	            -1203
  477.4000	            -1197
  477.6000	            -1215
  477.8000	            -1182
  478.0000	            -1194
  478.2000	            -1215
  478.4000	            -1182
  478.6000	            -1201
  478.8000	            -1197
  479.0000	            -1187
  479.2000	            -1163
  479.4000	            -1197
  479.6000	            -1186
  479.8000	            -1212
  480.0000	            -1218
  480.2000	            -1200
  480.4000	            -1192
  480.6000	            -1105
  480.8000	            -1194
  481.0000	            -1166
  481.2000	            -1185
  481.4000	            -1190
  481.6000	            -1197
  481.8000	            -1194
  482.0000	            -1201
  482.2000	            -1185
  482.4000	            -1206
  482.6000	            -1181
  482.8000	            -1186
  483.0000	            -1212
  483.2000	            -1208
  483.4000	            -1203
  483.6000	            -1194
  483.8000	            -1185
  484.0000	            -1209
  484.2000	            -1204
  484.4000	            -1192
  484.6000	            -1187
  484.8000	            -1188
  485.0000	            -1181
  485.2000	            -1187
  485.4000	            -1200
  485.6000	            -1197
  485.8000	            -1145
  486.0000	            -1182
  486.2000	            -1172
  486.4000	            -1177
  486.6000	            -1198
  486.8000	            -1179
  487.0000	            -1194
  487.2000	            -1209
  487.4000	            -1192
  487.6000	            -1157
  487.8000	            -1153
  488.0000	            -1092
  488.2000	            -1216
  488.4000	            -1190
  488.6000	            -1185
  488.8000	            -1119
  489.0000	            -1200
  489.2000	            -1192
  489.4000	            -1162
  489.6000	            -1186
  489.8000	            -1189
  490.0000	            -1222
  490.2000	            -1181
  490.4000	            -1132
  490.6000	            -1169
  490.8000	            -1194
  491.0000	            -1185
  491.2000	            -1201
  491.4000	            -1173
  491.6000	            -1170
  491.8000	            -1169
  492.0000	            -1203
  492.2000	            -1192
  492.4000	            -1192
  492.6000	            -1199
  492.8000	            -1147
  493.0000	            -1193
  493.2000	            -1153
  493.4000	            -1189
  493.6000	            -1181
  493.8000	            -1185
  494.0000	            -1212
  494.2000	            -1168
  494.4000	            -1208
  494.6000	            -1201
  494.8000	            -1194
  495.0000	            -1201
  495.2000	            -1192
  495.4000	            -1169
  495.6000	            -1153
  495.8000	            -1203
  496.0000	            -1217
  496.2000	            -1218
  496.4000	            -1121
  496.6000	            -1204
  496.8000	            -1203
  497.0000	            -1197
  497.2000	            -1154
  497.4000	            -1195
  497.6000	            -1195
  497.8000	            -1168
  498.0000	            -1195
  498.2000	            -1168
  498.4000	            -1200
  498.6000	            -1209
  498.8000	            -1220
  499.0000	            -1191
  499.2000	            -1229
  499.4000	            -1185
  499.6000	            -1218
  499.8000	            -1200
  500.0000	            -1197
