  200.0000	            -1134
  200.2000	            -1115
  200.4000	            -1125
  200.6000	            -1159
  200.8000	            -1152
  201.0000	            -1189
  201.2000	            -1190
  201.4000	            -1185
  201.6000	            -1179
  201.8000	            -1174
  202.0000	            -1159
  202.2000	            -1176
  202.4000	            -1173
  202.6000	            -1182
  202.8000	            -1145
  203.0000	            -1156
  203.2000	            -1164
  203.4000	            -1153
  203.6000	            -1194
  203.8000	            -1185
  204.0000	            -1138
  204.2000	            -1163
  204.4000	            -1190
  204.6000	            -1122
  204.8000	            -1132
  205.0000	            -1188
  205.2000	            -1169
  205.4000	            -1149
  205.6000	            -1181
  205.8000	            -1145
  206.0000	            -1188
  206.2000	            -1125
  206.4000	            -1176
  206.6000	            -1132
  206.8000	            -1115
  207.0000	            -1201
  207.2000	            -1158
  207.4000	            -1135
  207.6000	            -1176
  207.8000	            -1122
  208.0000	            -1143
  208.2000	            -1182
  208.4000	            -1177
  208.6000	            -1132
  208.8000	            -1188
  209.0000	            -1177
  209.2000	            -1128
  209.4000	            -1153
  209.6000	            -1190
  209.8000	            -1115
  210.0000	            -1185
  210.2000	            -1170
  210.4000	            -1173
  210.6000	            -1132
  210.8000	            -1170
  211.0000	            -1159
  211.2000	            -1138
  211.4000	            -1175
  211.6000	            -1178
  211.8000	            -1119
  212.0000	            -1149
  212.2000	            -1145
  212.4000	            -1177
  212.6000	            -1134
  212.8000	            -1105
  213.0000	            -1117
  213.2000	            -1191
  213.4000	            -1168
  213.6000	            -1132
  213.8000	            -1171
  214.0000	            -1166
  214.2000	            -1171
  214.4000	            -1183
  214.6000	            -1132
  214.8000	            -1132
  215.0000	            -1158
  215.2000	            -1153
  215.4000	            -1160
  215.6000	            -1191
  215.8000	            -1135
  216.0000	            -1178
  216.2000	            -1157
  216.4000	            -1143
  216.6000	            -1164
  216.8000	            -1157
  217.0000	            -1187
  217.2000	            -1180
  217.4000	            -1144
  217.6000	            -1167
  217.8000	            -1131
  218.0000	            -1153
  218.2000	            -1173
  218.4000	            -1188
  218.6000	            -1187
  218.8000	            -1170
  219.0000	            -1184
  219.2000	            -1187
  219.4000	            -1115
  219.6000	            -1172
  219.8000	            -1159
  220.0000	            -1182
  220.2000	            -1191
  220.4000	            -1194
  220.6000	            -1152
  220.8000	            -1187
  221.0000	            -1203
  221.2000	            -1171
  221.4000	            -1175
  221.6000	            -1212
  221.8000	            -1169
  222.0000	            -1187
  222.2000	            -1178
  222.4000	            -1176
  222.6000	            -1170
  222.8000	            -1177
  223.0000	            -1187
  223.2000	            -1173
  223.4000	            -1195
  223.6000	            -1197
  223.8000	            -1138
  224.0000	            -1158
  224.2000	            -1185
  224.4000	            -1187
  224.6000	            -1209
  224.8000	            -1167
  225.0000	            -1159
  225.2000	            -1163
  225.4000	            -1187
  225.6000	            -1192
  225.8000	            -1185
  226.0000	            -1211
  226.2000	            -1187
  226.4000	            -1175
  226.6000	            -1189
  226.8000	            -1184
  227.0000	            -1195
  227.2000	            -1209
  227.4000	            -1181
  227.6000	            -1187
  227.8000	            -1185
  228.0000	            -1216
  228.2000	            -1169
  228.4000	            -1183
  228.6000	            -1204
  228.8000	            -1200
  229.0000	            -1193
  229.2000	            -1185
  229.4000	            -1181
  229.6000	            -1192
  229.8000	            -1169
  230.0000	            -1185
  230.2000	            -1201
  230.4000	            -1177
  230.6000	            -1181
  230.8000	            -1155
  231.0000	            -1189
  231.2000	            -1200
  231.4000	            -1199
  231.6000	            -1181
  231.8000	            -1154
  232.0000	            -1181
  232.2000	            -1215
  232.4000	            -1194
  232.6000	            -1192
  232.8000	            -1184
  233.0000	            -1134
  233.2000	            -1154
  233.4000	            -1172
  233.6000	            -1172
  233.8000	            -1159
  234.0000	            -1181
  234.2000	            -1154
  234.4000	            -1153
  234.6000	            -1164
  234.8000	            -1154
  235.0000	            -1184
  235.2000	            -1192
  235.4000	            -1189
  235.6000	            -1191
  235.8000	            -1194
  236.0000	            -1192
  236.2000	            -1159
  236.4000	            -1142
  236.6000	            -1185
  236.8000	            -1185
  237.0000	            -1200
  237.2000	            -1182
  237.4000	            -1138
  237.6000	            -1189
  237.8000	            -1192
  238.0000	            -1134
  238.2000	            -1181
  238.4000	            -1174
  238.6000	            -1178
  238.8000	            -1175
  239.0000	            -1194
  239.2000	            -1173
  239.4000	            -1196
  239.6000	            -1178
  239.8000	            -1166
  240.0000	            -1181
  240.2000	            -1169
  240.4000	            -1187
  240.6000	            -1187
  240.8000	            -1161
  241.0000	            -1185
  241.2000	            -1169
  241.4000	            -1187
  241.6000	            -1164
  241.8000	            -1192
  242.0000	            -1194
  242.2000	            -1187
  242.4000	            -1200
  242.6000	            -1188
  242.8000	            -1138
  243.0000	            -1168
  243.2000	            -1176
  243.4000	            -1181
  243.6000	            -1135
  243.8000	            -1185
  244.0000	            -1194
  244.2000	            -1203
  244.4000	            -1159
  244.6000	            -1185
  244.8000	            -1181
  245.0000	            -1183
  245.2000	            -1163
  245.4000	            -1201
  245.6000	            -1177
  245.8000	            -1154
  246.0000	            -1209
  246.2000	            -1212
  246.4000	            -1143
  246.6000	            -1190
  246.8000	            -1170
  247.0000	            -1169
  247.2000	            -1192
  247.4000	            -1178
  247.6000	            -1184
  247.8000	            -1188
  248.0000	            -1166
  248.2000	            -1165
  248.4000	            -1209
  248.6000	            -1132
  248.8000	            -1203
  249.0000	            -1132
  249.2000	            -1153
  249.4000	            -1201
  249.6000	            -1184
  249.8000	            -1177
  250.0000	            -1181
  250.2000	            -1147
  250.4000	            -1182
  250.6000	            -1195
  250.8000	            -1153
  251.0000	            -1185
  251.2000	            -1181
  251.4000	            -1185
  251.6000	            -1200
  251.8000	            -1150
  252.0000	            -1186
  252.2000	            -1147
  252.4000	            -1216
  252.6000	            -1200
  252.8000	            -1181
  253.0000	            -1187
  253.2000	            -1188
  253.4000	            -1166
  253.6000	            -1181
  253.8000	            -1132
  254.0000	            -1206
  254.2000	            -1187
  254.4000	            -1139
  254.6000	            -1212
  254.8000	            -1185
  255.0000	            -1176
  255.2000	            -1179
  255.4000	            -1169
  255.6000	            -1211
  255.8000	            -1115
  256.0000	            -1185
  256.2000	            -1186
  256.4000	            -1185
  256.6000	            -1144
  256.8000	            -1192
  257.0000	            -1185
  257.2000	            -1188
  257.4000	            -1181
  257.6000	            -1169
  257.8000	            -1138
  258.0000	            -1181
  258.2000	            -1185
  258.4000	            -1182
  258.6000	            -1186
  258.8000	            -1188
  259.0000	            -1165
  259.2000	            -1169
  259.4000	            -1200
  259.6000	            -1185
  259.8000	            -1144
  260.0000	            -1216
  260.2000	            -1135
  260.4000	            -1169
  260.6000	            -1154
  260.8000	            -1124
  261.0000	            -1195
  261.2000	            -1133
  261.4000	            -1184
  261.6000	            -1140
  261.8000	            -1161
  262.0000	            -1142
  262.2000	            -1138
  262.4000	            -1181
  262.6000	            -1175
  262.8000	            -1144
  263.0000	            -1180
  263.2000	            -1132
  263.4000	            -1194
  263.6000	            -1192
  263.8000	            -1201
  264.0000	            -1185
  264.2000	            -1170
  264.4000	            -1173
  264.6000	            -1185
  264.8000	            -1162
  265.0000	            -1170
  265.2000	            -1185
  265.4000	            -1162
  265.6000	            -1169
  265.8000	            -1181
  266.0000	            -1181
  266.2000	            -1164
  266.4000	            -1146
  266.6000	            -1153
  266.8000	            -1138
  267.0000	            -1153
  267.2000	            -1212
  267.4000	            -1132
  267.6000	            -1167
  267.8000	            -1178
  268.0000	            -1181
  268.2000	            -1184
  268.4000	            -1192
  268.6000	            -1134
  268.8000	            -1184
  269.0000	            -1177
  269.2000	            -1165
  269.4000	            -1153
  269.6000	            -1175
  269.8000	            -1165
  270.0000	            -1178
  270.2000	            -1168
  270.4000	            -1173
  270.6000	            -1187
  270.8000	            -1165
  271.0000	            -1132
  271.2000	            -1211
  271.4000	            -1181
  271.6000	            -1175
  271.8000	            -1184
  272.0000	            -1171
  272.2000	            -1153
  272.4000	            -1176
  272.6000	            -1168
  272.8000	            -1125
  273.0000	            -1164
  273.2000	            -1203
  273.4000	            -1191
  273.6000	            -1175
  273.8000	            -1166
  274.0000	            -1175
  274.2000	            -1170
  274.4000	            -1173
  274.6000	            -1185
  274.8000	            -1153
  275.0000	            -1134
  275.2000	            -1167
  275.4000	            -1182
  275.6000	            -1138
  275.8000	            -1173
  276.0000	            -1129
  276.2000	            -1141
  276.4000	            -1138
  276.6000	            -1177
  276.8000	            -1132
  277.0000	            -1187
  277.2000	            -1179
  277.4000	            -1181
  277.6000	            -1185
  277.8000	            -1159
  278.0000	            -1181
  278.2000	            -1144
  278.4000	            -1153
  278.6000	            -1180
  278.8000	            -1188
  279.0000	            -1187
  279.2000	            -1187
  279.4000	            -1174
  279.6000	            -1168
  279.8000	            -1175
  280.0000	            -1184
  280.2000	            -1142
  280.4000	            -1187
  280.6000	            -1135
  280.8000	            -1201
  281.0000	            -1162
  281.2000	            -1135
  281.4000	            -1174
  281.6000	            -1173
  281.8000	            -1185
  282.0000	            -1166
  282.2000	            -1156
  282.4000	            -1152
  282.6000	            -1132
  282.8000	            -1209
  283.0000	            -1165
  283.2000	            -1177
  283.4000	            -1181
  283.6000	            -1183
  283.8000	            -1153
  284.0000	            -1153
  284.2000	            -1136
  284.4000	            -1179
  284.6000	            -1132
  284.8000	            -1187
  285.0000	            -1174
  285.2000	            -1183
  285.4000	            -1135
  285.6000	            -1144
  285.8000	            -1158
  286.0000	            -1185
  286.2000	            -1141
  286.4000	            -1187
  286.6000	            -1138
  286.8000	            -1187
  287.0000	            -1166
  287.2000	            -1187
  287.4000	            -1166
  287.6000	            -1154
  287.8000	            -1174
  288.0000	            -1185
  288.2000	            -1180
  288.4000	            -1154
  288.6000	            -1144
  288.8000	            -1178
  289.0000	            -1192
  289.2000	            -1138
  289.4000	            -1187
  289.6000	            -1181
  289.8000	            -1169
  290.0000	            -1185
  290.2000	            -1187
  290.4000	            -1187
  290.6000	            -1182
  290.8000	            -1171
  291.0000	            -1154
  291.2000	            -1134
  291.4000	            -1184
  291.6000	            -1153
  291.8000	            -1169
  292.0000	            -1185
  292.2000	            -1178
  292.4000	            -1173
  292.6000	            -1138
  292.8000	            -1178
  293.0000	            -1169
  293.2000	            -1153
  293.4000	            -1125
  293.6000	            -1203
  293.8000	            -1189
  294.0000	            -1153
  294.2000	            -1124
  294.4000	            -1097
  294.6000	            -1157
  294.8000	            -1109
  295.0000	            -1092
  295.2000	            -1030
  295.4000	            -1057
  295.6000	            -1073
  295.8000	            -1049
  296.0000	             -951
  296.2000	             -797
  296.4000	            -1068
  296.6000	            -1028
  296.8000	            -1016
  297.0000	             -985
  297.2000	             -861
  297.4000	             -930
  297.6000	             -120
  297.8000	            -1150
  298.0000	            -1135
  298.2000	            -1133
  298.4000	            -1156
  298.6000	            -1158
  298.8000	            -1181
  299.0000	            -1176
  299.2000	            -1187
  299.4000	            -1122
  299.6000	            -1158
  299.8000	            -1134
  300.0000	            -1153
  300.2000	            -1142
  300.4000	            -1182
  300.6000	            -1112
  300.8000	            -1122
  301.0000	            -1144
  301.2000	            -1153
  301.4000	            -1159
  301.6000	            -1132
  301.8000	            -1153
  302.0000	            -1106
  302.2000	            -1132
  302.4000	            -1171
  302.6000	            -1066
  302.8000	            -1133
  303.0000	            -1153
  303.2000	            -1130
  303.4000	            -1104
  303.6000	            -1109
  303.8000	            -1118
  304.0000	            -1103
  304.2000	            -1101
  304.4000	            -1126
  304.6000	            -1129
  304.8000	            -1126
  305.0000	            -1122
  305.2000	            -1113
  305.4000	            -1103
  305.6000	            -1115
  305.8000	            -1133
  306.0000	            -1119
  306.2000	            -1125
  306.4000	             -584
  306.6000	             -816
  306.8000	             -356
  307.0000	             -476
  307.2000	             -605
  307.4000	             -914
  307.6000	             -979
  307.8000	             -228
  308.0000	              203
  308.2000	              166
  308.4000	             -563
  308.6000	             -189
  308.8000	             -883
  309.0000	             2221
  309.2000	              -18
  309.4000	             -228
  309.6000	              838
  309.8000	             -453
  310.0000	             -184
  310.2000	              429
  310.4000	             -307
  310.6000	              742
  310.8000	              115
  311.0000	              282
  311.2000	             1147
  311.4000	              690
  311.6000	             2991
  311.8000	              320
  312.0000	              262
  312.2000	              660
  312.4000	             1438
  312.6000	             1920
  312.8000	             3481
  313.0000	             4421
  313.2000	             3572
  313.4000	            10470
  313.6000	             5360
  313.8000	              731
  314.0000	             1164
  314.2000	             1814
  314.4000	             3079
  314.6000	             4455
  314.8000	             7313
  315.0000	            10384
  315.2000	            13560
  315.4000	            15403
  315.6000	            14123
  315.8000	            69911
  316.0000	              208
  316.2000	             -313
  316.4000	             -773
  316.6000	             -773
  316.8000	             -896
  317.0000	             -844
  317.2000	             -997
  317.4000	             -695
  317.6000	            -1062
  317.8000	             -935
  318.0000	             -965
  318.2000	             -969
  318.4000	            -1048
  318.6000	             -790
  318.8000	             -994
  319.0000	            -1055
  319.2000	             -928
  319.4000	             -921
  319.6000	            -1081
  319.8000	             -968
  320.0000	             -938
  320.2000	             -927
  320.4000	             -855
  320.6000	             -962
  320.8000	             -990
  321.0000	             -876
  321.2000	             -985
  321.4000	             -963
  321.6000	            -1096
  321.8000	            -1027
  322.0000	             -965
  322.2000	             -998
  322.4000	            -1123
  322.6000	            -1056
  322.8000	            -1102
  323.0000	            -1021
  323.2000	            -1096
  323.4000	            -1061
  323.6000	            -1054
  323.8000	            -1048
  324.0000	             -986
  324.2000	            -1057
  324.4000	             -885
  324.6000	            -1021
  324.8000	            -1041
  325.0000	             -979
  325.2000	             -885
  325.4000	             -920
  325.6000	             -862
  325.8000	             -673
  326.0000	             -733
  326.2000	             -542
  326.4000	             -572
  326.6000	               47
  326.8000	             -546
  327.0000	             -790
  327.2000	             -489
  327.4000	             -577
  327.6000	             -333
  327.8000	               10
  328.0000	              107
  328.2000	              100
  328.4000	             2131
  328.6000	             -592
  328.8000	             -658
  329.0000	             -763
  329.2000	             -662
  329.4000	             -448
  329.6000	             -220
  329.8000	             -182
  330.0000	             -150
  330.2000	             -167
  330.4000	              -74
  330.6000	              117
  330.8000	             2228
  331.0000	              595
  331.2000	              359
  331.4000	              710
  331.6000	              600
  331.8000	              812
  332.0000	             1141
  332.2000	             1287
  332.4000	             1462
  332.6000	             2265
  332.8000	             2491
  333.0000	             3328
  333.2000	             3283
  333.4000	             3643
  333.6000	             4584
  333.8000	             8815
  334.0000	             5132
  334.2000	             5737
  334.4000	             6451
  334.6000	             8477
  334.8000	            10143
  335.0000	            13232
  335.2000	            15623
  335.4000	            22618
  335.6000	            28917
  335.8000	            44151
  336.0000	            58027
  336.2000	            62103
  336.4000	            76327
  336.6000	            83631
  336.8000	            80143
  337.0000	           322266
  337.2000	            10732
  337.4000	              124
  337.6000	              443
  337.8000	              183
  338.0000	             -120
  338.2000	              123
  338.4000	             -136
  338.6000	              -99
  338.8000	               79
  339.0000	             -800
  339.2000	             -502
  339.4000	             -812
  339.6000	             -774
  339.8000	             -874
  340.0000	             -931
  340.2000	             -861
  340.4000	            -1003
  340.6000	             -831
  340.8000	             -995
  341.0000	             -902
  341.2000	            -1023
  341.4000	             -987
  341.6000	             -904
  341.8000	            -1079
  342.0000	             -883
  342.2000	            -1081
  342.4000	            -1018
  342.6000	            -1021
  342.8000	            -1029
  343.0000	             -959
  343.2000	             -982
  343.4000	             -985
  343.6000	            -1012
  343.8000	             -957
  344.0000	             -836
  344.2000	             -971
  344.4000	             -920
  344.6000	             -949
  344.8000	             -958
  345.0000	             -978
  345.2000	             -923
  345.4000	             -919
  345.6000	             -875
  345.8000	             -845
  346.0000	             -824
  346.2000	             -631
  346.4000	             -826
  346.6000	             -459
  346.8000	             -585
  347.0000	             -848
  347.2000	             -601
  347.4000	             -593
  347.6000	             -320
  347.8000	               18
  348.0000	             -409
  348.2000	             -632
  348.4000	              -31
  348.6000	              -43
  348.8000	              192
  349.0000	             1239
  349.2000	             1685
  349.4000	             1149
  349.6000	             1824
  349.8000	             2820
  350.0000	             5170
  350.2000	              -11
  350.4000	              893
  350.6000	              975
  350.8000	              665
  351.0000	             1881
  351.2000	             2014
  351.4000	             3155
  351.6000	             3295
  351.8000	             4033
  352.0000	             4898
  352.2000	             6750
  352.4000	             8616
  352.6000	            11461
  352.8000	            14776
  353.0000	            16645
  353.2000	            18069
  353.4000	            23226
  353.6000	            69818
  353.8000	             3092
  354.0000	             3275
  354.2000	             3774
  354.4000	             4982
  354.6000	             6529
  354.8000	             6374
  355.0000	             6975
  355.2000	             8314
  355.4000	            11688
  355.6000	            13744
  355.8000	            17794
  356.0000	            24699
  356.2000	            29932
  356.4000	            34953
  356.6000	            43777
  356.8000	            55992
  357.0000	            66016
  357.2000	            73619
  357.4000	            79437
  357.6000	           296916
  357.8000	             2884
  358.0000	              175
  358.2000	             1157
  358.4000	             -724
  358.6000	             -931
  358.8000	             -218
  359.0000	             -985
  359.2000	            -1028
  359.4000	            -1052
  359.6000	            -1031
  359.8000	            -1019
  360.0000	            -1045
  360.2000	            -1059
  360.4000	            -1060
  360.6000	             -985
  360.8000	            -1003
  361.0000	            -1048
  361.2000	            -1010
  361.4000	            -1013
  361.6000	            -1043
  361.8000	             -998
  362.0000	            -1046
  362.2000	             -975
  362.4000	            -1004
  362.6000	            -1016
  362.8000	             -982
  363.0000	             -869
  363.2000	             -886
  363.4000	             -768
  363.6000	             -706
  363.8000	             -636
  364.0000	             -434
  364.2000	             -459
  364.4000	             -794
  364.6000	             -905
  364.8000	             -744
  365.0000	             -716
  365.2000	             -662
  365.4000	             -616
  365.6000	             -427
  365.8000	             -302
  366.0000	               -1
  366.2000	              195
  366.4000	              201
  366.6000	              267
  366.8000	              276
  367.0000	             3137
  367.2000	              311
  367.4000	             -524
  367.6000	             -760
  367.8000	             -460
  368.0000	             -228
  368.2000	             -262
  368.4000	             -432
  368.6000	              169
  368.8000	             -100
  369.0000	             -271
  369.2000	              658
  369.4000	             1424
  369.6000	             1668
  369.8000	             1974
  370.0000	             3170
  370.2000	             4137
  370.4000	             5071
  370.6000	             3871
  370.8000	             9573
  371.0000	            13029
  371.2000	             -307
  371.4000	              448
  371.6000	              248
  371.8000	              905
  372.0000	             1246
  372.2000	              666
  372.4000	             1465
  372.6000	             1712
  372.8000	             1501
  373.0000	             2385
  373.2000	             2811
  373.4000	             3233
  373.6000	             4834
  373.8000	             6549
  374.0000	             6871
  374.2000	             9648
  374.4000	            11984
  374.6000	            14160
  374.8000	            15892
  375.0000	            19072
  375.2000	            22315
  375.4000	            67088
  375.6000	             1488
  375.8000	             -224
  376.0000	              -64
  376.2000	              914
  376.4000	             1612
  376.6000	             2433
  376.8000	             2112
  377.0000	             2694
  377.2000	             2766
  377.4000	             3287
  377.6000	             3819
  377.8000	             4884
  378.0000	             5526
  378.2000	             6278
  378.4000	             7586
  378.6000	             8973
  378.8000	            12321
  379.0000	            15587
  379.2000	            18979
  379.4000	            22470
  379.6000	            26956
  379.8000	            29129
  380.0000	            32726
  380.2000	            47881
  380.4000	           127105
  380.6000	             -380
  380.8000	             -640
  381.0000	             -954
  381.2000	             -873
  381.4000	            -1028
  381.6000	            -1003
  381.8000	             -981
  382.0000	             -955
  382.2000	            -1043
  382.4000	            -1007
  382.6000	             -869
  382.8000	            -1041
  383.0000	             -990
  383.2000	             -950
  383.4000	             -908
  383.6000	             -985
  383.8000	             -973
  384.0000	             -772
  384.2000	             -850
  384.4000	             -724
  384.6000	             -743
  384.8000	             -600
  385.0000	             -217
  385.2000	             -521
  385.4000	             -161
  385.6000	              426
  385.8000	             -756
  386.0000	             -819
  386.2000	             -898
  386.4000	             -732
  386.6000	             -728
  386.8000	             -293
  387.0000	             -453
  387.2000	             -595
  387.4000	             -449
  387.6000	             -181
  387.8000	             -189
  388.0000	              205
  388.2000	              558
  388.4000	             1406
  388.6000	              624
  388.8000	              782
  389.0000	             1413
  389.2000	             3029
  389.4000	             2761
  389.6000	              652
  389.8000	             1175
  390.0000	             1331
  390.2000	             1450
  390.4000	             1853
  390.6000	             1545
  390.8000	             1251
  391.0000	              460
  391.2000	             6279
  391.4000	            12609
  391.6000	             -310
  391.8000	             -489
  392.0000	             -232
  392.2000	              353
  392.4000	              374
  392.6000	              672
  392.8000	             1576
  393.0000	             1574
  393.2000	             2349
  393.4000	             2852
  393.6000	             2970
  393.8000	             3664
  394.0000	             7260
  394.2000	             9742
  394.4000	             -793
  394.6000	               96
  394.8000	             -476
  395.0000	             -769
  395.2000	             -804
  395.4000	             -299
  395.6000	             -369
  395.8000	             -472
  396.0000	             -665
  396.2000	             -480
  396.4000	             -370
  396.6000	              -94
  396.8000	              283
  397.0000	              430
  397.2000	              921
  397.4000	              935
  397.6000	             1349
  397.8000	             2133
  398.0000	             2834
  398.2000	             3092
  398.4000	             3787
  398.6000	             5465
  398.8000	             5929
  399.0000	             6981
  399.2000	             7738
  399.4000	             8609
  399.6000	            21903
  399.8000	            12029
  400.0000	             -900
  400.2000	             -410
  400.4000	             -670
  400.6000	             -998
  400.8000	             -512
  401.0000	             -268
  401.2000	             -825
  401.4000	             -788
  401.6000	             -309
  401.8000	               72
  402.0000	             -225
  402.2000	             -583
  402.4000	             -486
  402.6000	              -35
  402.8000	              443
  403.0000	              919
  403.2000	             1267
  403.4000	             1600
  403.6000	             2223
  403.8000	             2404
  404.0000	             2921
  404.2000	             3669
  404.4000	             4821
  404.6000	             5700
  404.8000	             6476
  405.0000	             7834
  405.2000	             8396
  405.4000	            10254
  405.6000	            13152
  405.8000	            38563
  406.0000	             -217
  406.2000	             -896
  406.4000	             -985
  406.6000	            -1020
  406.8000	            -1030
  407.0000	            -1020
  407.2000	               74
  407.4000	             -926
  407.6000	             -667
  407.8000	             -871
  408.0000	             -497
  408.2000	             -769
  408.4000	             -703
  408.6000	             -659
  408.8000	             -654
  409.0000	             -621
  409.2000	              -18
  409.4000	             -267
  409.6000	            -1059
  409.8000	             -985
  410.0000	             -943
  410.2000	             -982
  410.4000	             -364
  410.6000	             -991
  410.8000	             -957
  411.0000	             -919
  411.2000	             -928
  411.4000	             -878
  411.6000	             -867
  411.8000	             -808
  412.0000	             -704
  412.2000	             -489
  412.4000	             -471
  412.6000	             -427
  412.8000	             -179
  413.0000	             -149
  413.2000	              911
  413.4000	             -109
  413.6000	              109
  413.8000	              446
  414.0000	             3016
  414.2000	             -174
  414.4000	            -1004
  414.6000	             -989
  414.8000	             -900
  415.0000	            -1071
  415.2000	             -926
  415.4000	             -915
  415.6000	             -829
  415.8000	             -581
  416.0000	             -890
  416.2000	             -829
  416.4000	             -868
  416.6000	             -685
  416.8000	             -771
  417.0000	             -618
  417.2000	             -652
  417.4000	             -530
  417.6000	             -440
  417.8000	             -198
  418.0000	              -95
  418.2000	              352
  418.4000	              411
  418.6000	              662
  418.8000	              445
  419.0000	             1193
  419.2000	             1016
  419.4000	             1389
  419.6000	             1814
  419.8000	             4221
  420.0000	             8140
  420.2000	             -806
  420.4000	             -647
  420.6000	             -923
  420.8000	             -795
  421.0000	             -745
  421.2000	             -967
  421.4000	             -780
  421.6000	             -692
  421.8000	             -709
  422.0000	             -651
  422.2000	             -320
  422.4000	             -804
  422.6000	             -341
  422.8000	             -229
  423.0000	             -589
  423.2000	             -605
  423.4000	             -152
  423.6000	             1048
  423.8000	             -292
  424.0000	             -223
  424.2000	             -160
  424.4000	              291
  424.6000	              109
  424.8000	              519
  425.0000	              822
  425.2000	             1217
  425.4000	             1194
  425.6000	             1775
  425.8000	             2065
  426.0000	             2671
  426.2000	             3154
  426.4000	             3834
  426.6000	             5474
  426.8000	            12067
  427.0000	             -215
  427.2000	             -199
  427.4000	             -375
  427.6000	             2649
  427.8000	             2291
  428.0000	             -991
  428.2000	             -928
  428.4000	            -1063
  428.6000	             -911
  428.8000	            -1027
  429.0000	            -1012
  429.2000	             -888
  429.4000	            -1111
  429.6000	             -848
  429.8000	             -716
  430.0000	             -842
  430.2000	             -858
  430.4000	             -606
  430.6000	             -788
  430.8000	             -705
  431.0000	             -647
  431.2000	             -436
  431.4000	             -350
  431.6000	             -368
  431.8000	             -361
  432.0000	             -222
  432.2000	              121
  432.4000	              288
  432.6000	              435
  432.8000	              772
  433.0000	             1062
  433.2000	             1206
  433.4000	             1453
  433.6000	             2057
  433.8000	             2112
  434.0000	             2456
  434.2000	             6420
  434.4000	             3760
  434.6000	             -821
  434.8000	             -350
  435.0000	             -812
  435.2000	             -733
  435.4000	             -331
  435.6000	             -637
  435.8000	            -1078
  436.0000	            -1066
  436.2000	            -1040
  436.4000	            -1088
  436.6000	            -1065
  436.8000	            -1052
  437.0000	             -397
  437.2000	            -1057
  437.4000	            -1012
  437.6000	             -899
  437.8000	             -915
  438.0000	             -859
  438.2000	             -981
  438.4000	             -945
  438.6000	             -997
  438.8000	            -1007
  439.0000	             -997
  439.2000	             -967
  439.4000	             -916
  439.6000	             -881
  439.8000	             -809
  440.0000	             -489
  440.2000	             -665
  440.4000	             -701
  440.6000	             -673
  440.8000	             -552
  441.0000	             -460
  441.2000	             -277
  441.4000	              744
  441.6000	             -605
  441.8000	            -1102
  442.0000	            -1089
  442.2000	            -1092
  442.4000	            -1032
  442.6000	             -751
  442.8000	            -1127
  443.0000	             -758
  443.2000	            -1008
  443.4000	             -957
  443.6000	             -999
  443.8000	             -874
  444.0000	             -985
  444.2000	            -1064
  444.4000	             -983
  444.6000	             -914
  444.8000	             -633
  445.0000	             -980
  445.2000	             -867
  445.4000	             -912
  445.6000	            -1023
  445.8000	             -881
  446.0000	             -835
  446.2000	             -828
  446.4000	             -786
  446.6000	             -688
  446.8000	             -664
  447.0000	             -595
  447.2000	             -564
  447.4000	             -187
  447.6000	             -510
  447.8000	             -330
  448.0000	             -264
  448.2000	               18
  448.4000	              -33
  448.6000	              128
  448.8000	             1815
  449.0000	             -623
  449.2000	            -1092
  449.4000	            -1063
  449.6000	            -1073
  449.8000	            -1044
  450.0000	            -1070
  450.2000	             -997
  450.4000	            -1064
  450.6000	            -1065
  450.8000	            -1092
  451.0000	             -821
  451.2000	            -1068
  451.4000	            -1033
  451.6000	            -1104
  451.8000	            -1002
  452.0000	            -1125
  452.2000	             -985
  452.4000	            -1054
  452.6000	            -1081
  452.8000	             -989
  453.0000	             -963
  453.2000	            -1002
  453.4000	             -909
  453.6000	             -979
  453.8000	             -986
  454.0000	             -871
  454.2000	             -888
  454.4000	              767
  454.6000	             -736
  454.8000	             -698
  455.0000	             -782
  455.2000	             -733
  455.4000	             -621
  455.6000	             -575
  455.8000	             -510
  456.0000	             -316
  456.2000	             -198
  456.4000	             -158
  456.6000	               23
  456.8000	              148
  457.0000	              264
  457.2000	             2339
  457.4000	             -309
  457.6000	            -1068
  457.8000	             -623
  458.0000	             -990
  458.2000	            -1116
  458.4000	            -1084
  458.6000	            -1116
  458.8000	            -1057
  459.0000	             -502
  459.2000	            -1032
  459.4000	            -1107
  459.6000	             -985
  459.8000	             -861
  460.0000	             -964
  460.2000	            -1131
  460.4000	            -1080
  460.6000	            -1080
  460.8000	             -912
  461.0000	             -653
  461.2000	             -990
  461.4000	            -1080
  461.6000	            -1035
  461.8000	            -1031
  462.0000	            -1021
  462.2000	             -950
  462.4000	            -1016
  462.6000	             -950
  462.8000	             -895
  463.0000	             -918
  463.2000	             -846
  463.4000	             -849
  463.6000	             -755
  463.8000	             -748
  464.0000	             -693
  464.2000	             -680
  464.4000	             -678
  464.6000	             -478
  464.8000	             -530
  465.0000	             -505
  465.2000	             -479
  465.4000	             -600
  465.6000	             -494
  465.8000	              443
  466.0000	             -394
  466.2000	             -381
  466.4000	              224
  466.6000	              564
  466.8000	            -1054
  467.0000	            -1098
  467.2000	            -1060
  467.4000	            -1117
  467.6000	            -1076
  467.8000	            -1065
  468.0000	            -1090
  468.2000	            -1012
  468.4000	            -1068
  468.6000	             -985
  468.8000	            -1003
  469.0000	             -968
  469.2000	             -997
  469.4000	             -966
  469.6000	             -884
  469.8000	             -943
  470.0000	             -983
  470.2000	             -859
  470.4000	             -931
  470.6000	             -824
  470.8000	             -193
  471.0000	             -953
  471.2000	             -950
  471.4000	             -923
  471.6000	             -931
  471.8000	             -826
  472.0000	             -652
  472.2000	             -685
  472.4000	            -1092
  472.6000	             -578
  472.8000	            -1122
  473.0000	            -1096
  473.2000	             -940
  473.4000	            -1101
  473.6000	             -851
  473.8000	            -1066
  474.0000	            -1101
  474.2000	            -1118
  474.4000	            -1049
  474.6000	            -1074
  474.8000	            -1043
  475.0000	            -1092
  475.2000	            -1033
  475.4000	            -1086
  475.6000	            -1043
  475.8000	            -1106
  476.0000	            -1068
  476.2000	            -1074
  476.4000	              894
  476.6000	            -1066
  476.8000	            -1104
  477.0000	            -1071
  477.2000	            -1076
  477.4000	            -1110
  477.6000	            -1084
  477.8000	            -1082
  478.0000	            -1054
  478.2000	            -1062
  478.4000	            -1049
  478.6000	            -1030
  478.8000	            -1002
  479.0000	            -1059
  479.2000	             -975
  479.4000	             -947
  479.6000	             -985
  479.8000	             -980
  480.0000	            -1033
  480.2000	             -947
  480.4000	             -851
  480.6000	             -509
  480.8000	             -756
  481.0000	             -742
  481.2000	             -259
  481.4000	             -786
  481.6000	            -1114
  481.8000	            -1105
  482.0000	            -1111
  482.2000	            -1102
  482.4000	            -1082
  482.6000	            -1131
  482.8000	            -1133
  483.0000	            -1101
  483.2000	            -1082
  483.4000	            -1078
  483.6000	            -1137
  483.8000	            -1093
  484.0000	            -1148
  484.2000	            -1108
  484.4000	            -1126
  484.6000	            -1033
  484.8000	            -1007
  485.0000	            -1103
  485.2000	            -1105
  485.4000	            -1081
  485.6000	            -1068
  485.8000	            -1146
  486.0000	            -1066
  486.2000	            -1084
  486.4000	            -1075
  486.6000	            -1084
  486.8000	            -1068
  487.0000	            -1111
  487.2000	            -1080
  487.4000	            -1064
  487.6000	            -1075
  487.8000	             -850
  488.0000	             -633
  488.2000	             -985
  488.4000	            -1047
  488.6000	            -1016
  488.8000	             -802
  489.0000	            -1016
  489.2000	            -1049
  489.4000	             -959
  489.6000	             -955
  489.8000	             -934
  490.0000	             -967
  490.2000	             -887
  490.4000	             -834
  490.6000	             -818
  490.8000	             -850
  491.0000	             -809
  491.2000	             -787
  491.4000	             -758
  491.6000	             -222
  491.8000	             -842
  492.0000	            -1087
  492.2000	            -1048
  492.4000	            -1131
  492.6000	            -1126
  492.8000	            -1119
  493.0000	            -1105
  493.2000	            -1045
  493.4000	            -1096
  493.6000	            -1102
  493.8000	            -1084
  494.0000	            -1144
  494.2000	            -1069
  494.4000	            -1111
  494.6000	            -1098
  494.8000	            -1103
  495.0000	            -1082
  495.2000	            -1107
  495.4000	            -1078
  495.6000	            -1096
  495.8000	            -1074
  496.0000	            -1104
  496.2000	            -1063
  496.4000	             -686
  496.6000	            -1057
  496.8000	            -1080
  497.0000	            -1084
  497.2000	             -934
  497.4000	            -1051
  497.6000	            -1076
  497.8000	            -1119
  498.0000	            -1128
  498.2000	            -1133
  498.4000	            -1122
  498.6000	            -1062
  498.8000	            -1131
  499.0000	            -1110
  499.2000	            -1104
  499.4000	            -1076
  499.6000	            -1092
  499.8000	            -1064
  500.0000	            -1088
