  200.0000	            -1069
  200.2000	            -1054
  200.4000	            -1086
  200.6000	            -1031
  200.8000	            -1049
  201.0000	            -1073
  201.2000	            -1045
  201.4000	            -1081
  201.6000	            -1033
  201.8000	            -1054
  202.0000	            -1087
  202.2000	            -1053
  202.4000	            -1062
  202.6000	            -1048
  202.8000	            -1057
  203.0000	            -1062
  203.2000	            -1070
  203.4000	            -1060
  203.6000	            -1093
  203.8000	             -993
  204.0000	            -1048
  204.2000	            -1024
  204.4000	            -1065
  204.6000	            -1067
  204.8000	            -1077
  205.0000	            -1048
  205.2000	            -1033
  205.4000	            -1042
  205.6000	            -1060
  205.8000	            -1003
  206.0000	            -1048
  206.2000	            -1031
  206.4000	            -1065
  206.6000	            -1056
  206.8000	            -1051
  207.0000	            -1048
  207.2000	            -1045
  207.4000	            -1084
  207.6000	            -1099
  207.8000	            -1013
  208.0000	            -1058
  208.2000	            -1056
  208.4000	            -1030
  208.6000	             -999
  208.8000	            -1058
  209.0000	            -1075
  209.2000	            -1069
  209.4000	            -1054
  209.6000	            -1054
  209.8000	            -1062
  210.0000	            -1062
  210.2000	            -1080
  210.4000	            -1079
  210.6000	            -1016
  210.8000	            -1068
  211.0000	            -1042
  211.2000	            -1083
  211.4000	            -1049
  211.6000	            -1040
  211.8000	            -1061
  212.0000	            -1048
  212.2000	            -1057
  212.4000	            -1040
  212.6000	            -1057
  212.8000	            -1086
  213.0000	            -1071
  213.2000	            -1046
  213.4000	            -1068
  213.6000	            -1042
  213.8000	            -1013
  214.0000	            -1054
  214.2000	            -1055
  214.4000	            -1030
  214.6000	            -1057
  214.8000	            -1066
  215.0000	            -1075
  215.2000	            -1080
  215.4000	            -1068
  215.6000	            -1054
  215.8000	            -1060
  216.0000	            -1081
  216.2000	            -1054
  216.4000	            -1071
  216.6000	            -1077
  216.8000	            -1042
  217.0000	            -1081
  217.2000	            -1031
  217.4000	            -1069
  217.6000	            -1071
  217.8000	            -1076
  218.0000	            -1077
  218.2000	            -1057
  218.4000	            -1080
  218.6000	            -1031
  218.8000	            -1041
  219.0000	            -1057
  219.2000	            -1087
  219.4000	            -1049
  219.6000	            -1010
  219.8000	            -1038
  220.0000	            -1035
  220.2000	            -1027
  220.4000	            -1064
  220.6000	            -1049
  220.8000	            -1048
  221.0000	            -1075
  221.2000	            -1032
  221.4000	            -1064
  221.6000	            -1044
  221.8000	            -1034
  222.0000	            -1047
  222.2000	            -1084
  222.4000	            -1035
  222.6000	            -1058
  222.8000	            -1066
  223.0000	            -1077
  223.2000	            -1025
  223.4000	            -1018
  223.6000	            -1049
  223.8000	            -1030
  224.0000	            -1046
  224.2000	            -1057
  224.4000	            -1042
  224.6000	            -1042
  224.8000	            -1054
  225.0000	            -1078
  225.2000	            -1103
  225.4000	            -1040
  225.6000	            -1034
  225.8000	            -1074
  226.0000	            -1068
  226.2000	            -1048
  226.4000	            -1058
  226.6000	            -1065
  226.8000	            -1003
  227.0000	            -1067
  227.2000	            -1079
  227.4000	            -1040
  227.6000	            -1069
  227.8000	            -1018
  228.0000	            -1038
  228.2000	            -1079
  228.4000	            -1060
  228.6000	            -1040
  228.8000	            -1051
  229.0000	            -1080
  229.2000	            -1011
  229.4000	            -1032
  229.6000	            -1057
  229.8000	            -1075
  230.0000	            -1056
  230.2000	            -1042
  230.4000	            -1049
  230.6000	            -1068
  230.8000	            -1031
  231.0000	            -1080
  231.2000	            -1048
  231.4000	            -1026
  231.6000	            -1058
  231.8000	            -1054
  232.0000	            -1065
  232.2000	            -1049
  232.4000	            -1040
  232.6000	            -1068
  232.8000	            -1013
  233.0000	            -1048
  233.2000	            -1049
  233.4000	            -1056
  233.6000	            -1086
  233.8000	            -1068
  234.0000	            -1053
  234.2000	            -1069
  234.4000	            -1042
  234.6000	            -1057
  234.8000	            -1042
  235.0000	            -1082
  235.2000	            -1042
  235.4000	            -1067
  235.6000	            -1051
  235.8000	            -1043
  236.0000	            -1079
  236.2000	             -998
  236.4000	            -1031
  236.6000	            -1043
  236.8000	            -1045
  237.0000	            -1061
  237.2000	            -1021
  237.4000	            -1086
  237.6000	            -1056
  237.8000	            -1065
  238.0000	            -1057
  238.2000	            -1058
  238.4000	            -1084
  238.6000	            -1073
  238.8000	            -1052
  239.0000	            -1016
  239.2000	            -1092
  239.4000	            -1049
  239.6000	            -1088
  239.8000	            -1049
  240.0000	            -1104
  240.2000	            -1078
  240.4000	            -1048
  240.6000	            -1051
  240.8000	            -1056
  241.0000	            -1031
  241.2000	            -1048
  241.4000	            -1040
  241.6000	            -1051
  241.8000	            -1064
  242.0000	            -1068
  242.2000	            -1032
  242.4000	            -1069
  242.6000	            -1068
  242.8000	            -1040
  243.0000	            -1064
  243.2000	            -1054
  243.4000	            -1049
  243.6000	            -1049
  243.8000	            -1041
  244.0000	            -1072
  244.2000	            -1080
  244.4000	            -1073
  244.6000	            -1040
  244.8000	            -1056
  245.0000	            -1058
  245.2000	            -1054
  245.4000	            -1033
  245.6000	            -1016
  245.8000	            -1075
  246.0000	            -1048
  246.2000	            -1032
  246.4000	            -1062
  246.6000	            -1056
  246.8000	            -1042
  247.0000	            -1051
  247.2000	            -1032
  247.4000	            -1054
  247.6000	            -1048
  247.8000	            -1048
  248.0000	            -1048
  248.2000	            -1031
  248.4000	            -1033
  248.6000	            -1056
  248.8000	            -1068
  249.0000	            -1052
  249.2000	            -1076
  249.4000	            -1053
  249.6000	            -1057
  249.8000	            -1046
  250.0000	            -1048
  250.2000	            -1090
  250.4000	            -1067
  250.6000	            -1048
  250.8000	            -1013
  251.0000	            -1048
  251.2000	            -1054
  251.4000	            -1031
  251.6000	            -1084
  251.8000	            -1084
  252.0000	            -1012
  252.2000	            -1048
  252.4000	            -1086
  252.6000	            -1065
  252.8000	            -1033
  253.0000	            -1058
  253.2000	            -1048
  253.4000	            -1031
  253.6000	            -1075
  253.8000	            -1036
  254.0000	            -1045
  254.2000	            -1075
  254.4000	            -1054
  254.6000	            -1048
  254.8000	            -1063
  255.0000	            -1069
  255.2000	            -1049
  255.4000	            -1054
  255.6000	            -1054
  255.8000	            -1031
  256.0000	            -1079
  256.2000	            -1058
  256.4000	            -1062
  256.6000	            -1044
  256.8000	            -1056
  257.0000	            -1068
  257.2000	            -1054
  257.4000	            -1055
  257.6000	            -1083
  257.8000	            -1031
  258.0000	            -1057
  258.2000	            -1048
  258.4000	            -1057
  258.6000	            -1061
  258.8000	            -1079
  259.0000	            -1070
  259.2000	            -1037
  259.4000	            -1053
  259.6000	            -1049
  259.8000	            -1062
  260.0000	            -1057
  260.2000	            -1049
  260.4000	            -1058
  260.6000	            -1084
  260.8000	            -1038
  261.0000	            -1016
  261.2000	            -1013
  261.4000	            -1062
  261.6000	            -1052
  261.8000	            -1067
  262.0000	            -1013
  262.2000	            -1031
  262.4000	            -1100
  262.6000	            -1075
  262.8000	            -1068
  263.0000	            -1068
  263.2000	            -1056
  263.4000	            -1062
  263.6000	            -1002
  263.8000	            -1042
  264.0000	             -998
  264.2000	            -1045
  264.4000	            -1043
  264.6000	            -1071
  264.8000	            -1042
  265.0000	            -1060
  265.2000	            -1052
  265.4000	            -1058
  265.6000	            -1070
  265.8000	            -1017
  266.0000	            -1056
  266.2000	            -1068
  266.4000	            -1087
  266.6000	            -1055
  266.8000	            -1048
  267.0000	            -1041
  267.2000	            -1057
  267.4000	            -1056
  267.6000	            -1068
  267.8000	            -1049
  268.0000	            -1049
  268.2000	            -1054
  268.4000	            -1060
  268.6000	            -1035
  268.8000	            -1056
  269.0000	            -1057
  269.2000	            -1033
  269.4000	            -1077
  269.6000	            -1070
  269.8000	            -1102
  270.0000	            -1084
  270.2000	            -1084
  270.4000	            -1030
  270.6000	            -1074
  270.8000	            -1051
  271.0000	            -1056
  271.2000	            -1034
  271.4000	            -1062
  271.6000	            -1040
  271.8000	            -1057
  272.0000	            -1068
  272.2000	            -1031
  272.4000	            -1067
  272.6000	            -1048
  272.8000	            -1083
  273.0000	            -1062
  273.2000	            -1057
  273.4000	            -1065
  273.6000	            -1054
  273.8000	            -1031
  274.0000	            -1054
  274.2000	            -1003
  274.4000	            -1084
  274.6000	            -1083
  274.8000	             -998
  275.0000	            -1049
  275.2000	            -1079
  275.4000	            -1072
  275.6000	            -1057
  275.8000	            -1025
  276.0000	            -1034
  276.2000	            -1069
  276.4000	            -1071
  276.6000	            -1068
  276.8000	            -1079
  277.0000	            -1005
  277.2000	            -1077
  277.4000	            -1041
  277.6000	            -1039
  277.8000	            -1042
  278.0000	            -1013
  278.2000	            -1084
  278.4000	            -1042
  278.6000	            -1022
  278.8000	            -1054
  279.0000	            -1062
  279.2000	            -1054
  279.4000	            -1046
  279.6000	            -1035
  279.8000	            -1032
  280.0000	             -990
  280.2000	            -1057
  280.4000	            -1049
  280.6000	            -1072
  280.8000	            -1065
  281.0000	            -1049
  281.2000	            -1049
  281.4000	            -1075
  281.6000	            -1061
  281.8000	            -1084
  282.0000	            -1049
  282.2000	            -1046
  282.4000	            -1061
  282.6000	            -1030
  282.8000	            -1056
  283.0000	            -1051
  283.2000	            -1030
  283.4000	            -1048
  283.6000	            -1060
  283.8000	            -1030
  284.0000	            -1049
  284.2000	            -1051
  284.4000	            -1034
  284.6000	            -1057
  284.8000	            -1056
  285.0000	            -1008
  285.2000	            -1031
  285.4000	            -1013
  285.6000	            -1045
  285.8000	            -1044
  286.0000	            -1073
  286.2000	            -1044
  286.4000	            -1066
  286.6000	            -1069
  286.8000	            -1067
  287.0000	            -1048
  287.2000	            -1051
  287.4000	            -1037
  287.6000	            -1051
  287.8000	            -1049
  288.0000	            -1041
  288.2000	            -1032
  288.4000	            -1079
  288.6000	            -1002
  288.8000	            -1030
  289.0000	            -1058
  289.2000	            -1054
  289.4000	            -1084
  289.6000	            -1060
  289.8000	            -1055
  290.0000	            -1048
  290.2000	            -1040
  290.4000	            -1054
  290.6000	            -1057
  290.8000	            -1047
  291.0000	            -1013
  291.2000	            -1058
  291.4000	            -1042
  291.6000	            -1086
  291.8000	            -1068
  292.0000	            -1065
  292.2000	            -1088
  292.4000	            -1042
  292.6000	            -1027
  292.8000	            -1060
  293.0000	            -1079
  293.2000	            -1049
  293.4000	            -1054
  293.6000	            -1080
  293.8000	            -1045
  294.0000	            -1041
  294.2000	            -1031
  294.4000	            -1057
  294.6000	            -1063
  294.8000	            -1057
  295.0000	            -1029
  295.2000	             -997
  295.4000	            -1009
  295.6000	            -1043
  295.8000	             -983
  296.0000	            -1035
  296.2000	             -934
  296.4000	            -1038
  296.6000	            -1057
  296.8000	            -1048
  297.0000	            -1011
  297.2000	             -995
  297.4000	            -1030
  297.6000	             -847
  297.8000	             -993
  298.0000	            -1029
  298.2000	            -1087
  298.4000	            -1062
  298.6000	            -1095
  298.8000	            -1067
  299.0000	            -1049
  299.2000	            -1064
  299.4000	            -1057
  299.6000	            -1025
  299.8000	            -1073
  300.0000	            -1048
  300.2000	            -1052
  300.4000	            -1042
  300.6000	            -1017
  300.8000	            -1064
  301.0000	            -1045
  301.2000	            -1083
  301.4000	            -1065
  301.6000	            -1033
  301.8000	            -1008
  302.0000	            -1051
  302.2000	            -1049
  302.4000	            -1070
  302.6000	            -1040
  302.8000	            -1057
  303.0000	            -1029
  303.2000	            -1051
  303.4000	            -1013
  303.6000	             -979
  303.8000	            -1053
  304.0000	            -1079
  304.2000	            -1001
  304.4000	            -1014
  304.6000	            -1001
  304.8000	             -996
  305.0000	            -1002
  305.2000	             -989
  305.4000	            -1067
  305.6000	            -1058
  305.8000	            -1041
  306.0000	            -1051
  306.2000	             -991
  306.4000	            -1004
  306.6000	             -984
  306.8000	             -964
  307.0000	             -980
  307.2000	             -985
  307.4000	            -1057
  307.6000	            -1041
  307.8000	             -986
  308.0000	             -898
  308.2000	             -889
  308.4000	             -962
  308.6000	             -934
  308.8000	             -981
  309.0000	             -769
  309.2000	             -917
  309.4000	             -847
  309.6000	             -884
  309.8000	             -925
  310.0000	             -835
  310.2000	             -833
  310.4000	             -776
  310.6000	             -820
  310.8000	             -812
  311.0000	             -754
  311.2000	             -728
  311.4000	             -713
  311.6000	              -97
  311.8000	             -779
  312.0000	             -783
  312.2000	             -728
  312.4000	             -595
  312.6000	             -420
  312.8000	             -203
  313.0000	              -18
  313.2000	              -18
  313.4000	              663
  313.6000	             1332
  313.8000	             -727
  314.0000	             -662
  314.2000	             -527
  314.4000	             -359
  314.6000	              -84
  314.8000	              307
  315.0000	              895
  315.2000	             1524
  315.4000	             2006
  315.6000	             1710
  315.8000	             9614
  316.0000	             -203
  316.2000	             -849
  316.4000	            -1021
  316.6000	             -994
  316.8000	             -985
  317.0000	             -956
  317.2000	            -1040
  317.4000	            -1058
  317.6000	            -1058
  317.8000	            -1007
  318.0000	             -994
  318.2000	            -1023
  318.4000	            -1051
  318.6000	            -1016
  318.8000	            -1028
  319.0000	            -1052
  319.2000	             -989
  319.4000	            -1024
  319.6000	            -1049
  319.8000	             -961
  320.0000	             -975
  320.2000	             -982
  320.4000	            -1030
  320.6000	            -1000
  320.8000	             -908
  321.0000	             -949
  321.2000	             -961
  321.4000	             -969
  321.6000	             -963
  321.8000	             -977
  322.0000	             -991
  322.2000	             -985
  322.4000	            -1022
  322.6000	            -1017
  322.8000	            -1049
  323.0000	             -995
  323.2000	            -1014
  323.4000	            -1050
  323.6000	             -994
  323.8000	             -998
  324.0000	            -1014
  324.2000	            -1000
  324.4000	             -948
  324.6000	             -985
  324.8000	            -1011
  325.0000	             -992
  325.2000	             -973
  325.4000	             -985
  325.6000	             -944
  325.8000	             -945
  326.0000	             -915
  326.2000	             -877
  326.4000	             -897
  326.6000	             -701
  326.8000	             -779
  327.0000	             -916
  327.2000	             -931
  327.4000	             -905
  327.6000	             -840
  327.8000	             -843
  328.0000	             -809
  328.2000	             -752
  328.4000	             -262
  328.6000	             -931
  328.8000	             -996
  329.0000	             -985
  329.2000	             -896
  329.4000	             -858
  329.6000	             -891
  329.8000	             -855
  330.0000	             -907
  330.2000	             -858
  330.4000	             -829
  330.6000	             -756
  330.8000	             -454
  331.0000	             -667
  331.2000	             -850
  331.4000	             -839
  331.6000	             -864
  331.8000	             -862
  332.0000	             -809
  332.2000	             -791
  332.4000	             -739
  332.6000	             -575
  332.8000	             -558
  333.0000	             -446
  333.2000	             -318
  333.4000	             -223
  333.6000	             -252
  333.8000	              529
  334.0000	             -238
  334.2000	             -141
  334.4000	               51
  334.6000	              239
  334.8000	              536
  335.0000	             1219
  335.2000	             1900
  335.4000	             2876
  335.6000	             3509
  335.8000	             6085
  336.0000	             7751
  336.2000	             9043
  336.4000	            12505
  336.6000	            14309
  336.8000	            13950
  337.0000	            45904
  337.2000	             8472
  337.4000	             -709
  337.6000	             -737
  337.8000	             -815
  338.0000	             -825
  338.2000	             -864
  338.4000	             -903
  338.6000	             -795
  338.8000	             -840
  339.0000	             -916
  339.2000	             -869
  339.4000	             -946
  339.6000	             -945
  339.8000	             -969
  340.0000	             -959
  340.2000	             -979
  340.4000	             -956
  340.6000	             -947
  340.8000	             -997
  341.0000	             -972
  341.2000	             -994
  341.4000	             -973
  341.6000	             -990
  341.8000	             -979
  342.0000	             -993
  342.2000	             -985
  342.4000	            -1002
  342.6000	            -1051
  342.8000	             -984
  343.0000	             -994
  343.2000	             -996
  343.4000	            -1016
  343.6000	             -984
  343.8000	             -979
  344.0000	            -1016
  344.2000	             -976
  344.4000	             -972
  344.6000	            -1012
  344.8000	             -985
  345.0000	             -979
  345.2000	            -1012
  345.4000	            -1014
  345.6000	            -1002
  345.8000	             -956
  346.0000	             -962
  346.2000	             -967
  346.4000	            -1018
  346.6000	             -940
  346.8000	             -957
  347.0000	             -948
  347.2000	             -943
  347.4000	             -914
  347.6000	             -933
  347.8000	             -905
  348.0000	             -934
  348.2000	             -891
  348.4000	             -827
  348.6000	             -832
  348.8000	             -725
  349.0000	             -595
  349.2000	             -511
  349.4000	             -504
  349.6000	             -455
  349.8000	             -410
  350.0000	              469
  350.2000	             -780
  350.4000	             -728
  350.6000	             -781
  350.8000	             -785
  351.0000	             -462
  351.2000	             -292
  351.4000	             -370
  351.6000	             -386
  351.8000	              106
  352.0000	              148
  352.2000	              532
  352.4000	              990
  352.6000	             1513
  352.8000	             1969
  353.0000	             2364
  353.2000	             2748
  353.4000	             3040
  353.6000	            12599
  353.8000	             -123
  354.0000	             -438
  354.2000	             -344
  354.4000	             -180
  354.6000	              107
  354.8000	              222
  355.0000	              208
  355.2000	              372
  355.4000	              963
  355.6000	             1506
  355.8000	             2026
  356.0000	             3139
  356.2000	             4311
  356.4000	             5664
  356.6000	             7546
  356.8000	             9470
  357.0000	            11463
  357.2000	            15001
  357.4000	            13054
  357.6000	            47128
  357.8000	             3112
  358.0000	             -622
  358.2000	             -401
  358.4000	             -773
  358.6000	             -858
  358.8000	             -881
  359.0000	             -934
  359.2000	             -957
  359.4000	             -980
  359.6000	             -999
  359.8000	             -982
  360.0000	             -987
  360.2000	             -957
  360.4000	             -989
  360.6000	             -985
  360.8000	             -972
  361.0000	             -996
  361.2000	             -979
  361.4000	            -1012
  361.6000	            -1002
  361.8000	             -982
  362.0000	            -1007
  362.2000	             -982
  362.4000	             -970
  362.6000	             -962
  362.8000	             -959
  363.0000	             -934
  363.2000	             -985
  363.4000	             -925
  363.6000	             -924
  363.8000	             -893
  364.0000	             -891
  364.2000	             -777
  364.4000	             -952
  364.6000	             -938
  364.8000	             -860
  365.0000	             -910
  365.2000	             -919
  365.4000	             -912
  365.6000	             -858
  365.8000	             -817
  366.0000	             -772
  366.2000	             -705
  366.4000	             -644
  366.6000	             -600
  366.8000	             -639
  367.0000	             -147
  367.2000	             -418
  367.4000	             -887
  367.6000	             -924
  367.8000	             -849
  368.0000	             -911
  368.2000	             -899
  368.4000	             -812
  368.6000	             -702
  368.8000	             -789
  369.0000	             -777
  369.2000	             -594
  369.4000	             -537
  369.6000	             -381
  369.8000	             -319
  370.0000	               91
  370.2000	              266
  370.4000	              314
  370.6000	               84
  370.8000	             1024
  371.0000	             3901
  371.2000	             -781
  371.4000	             -591
  371.6000	             -777
  371.8000	             -602
  372.0000	             -621
  372.2000	             -721
  372.4000	             -457
  372.6000	             -552
  372.8000	             -515
  373.0000	             -170
  373.2000	             -344
  373.4000	             -192
  373.6000	              158
  373.8000	              319
  374.0000	              614
  374.2000	              954
  374.4000	             1571
  374.6000	             1750
  374.8000	             2699
  375.0000	             2969
  375.2000	             3604
  375.4000	            11935
  375.6000	              801
  375.8000	             -804
  376.0000	             -703
  376.2000	             -566
  376.4000	             -542
  376.6000	             -556
  376.8000	             -642
  377.0000	             -532
  377.2000	             -588
  377.4000	             -427
  377.6000	             -347
  377.8000	             -119
  378.0000	              246
  378.2000	              447
  378.4000	              624
  378.6000	              943
  378.8000	             1460
  379.0000	             2146
  379.2000	             2948
  379.4000	             4735
  379.6000	             5037
  379.8000	             5470
  380.0000	             6359
  380.2000	             7939
  380.4000	            29129
  380.6000	             -686
  380.8000	             -789
  381.0000	             -847
  381.2000	             -931
  381.4000	             -968
  381.6000	             -929
  381.8000	             -929
  382.0000	             -947
  382.2000	             -930
  382.4000	             -957
  382.6000	             -942
  382.8000	             -969
  383.0000	             -953
  383.2000	             -915
  383.4000	             -967
  383.6000	             -908
  383.8000	             -891
  384.0000	             -841
  384.2000	             -850
  384.4000	             -856
  384.6000	             -841
  384.8000	             -826
  385.0000	             -698
  385.2000	             -759
  385.4000	             -701
  385.6000	             -498
  385.8000	             -696
  386.0000	             -866
  386.2000	             -872
  386.4000	             -786
  386.6000	             -817
  386.8000	             -763
  387.0000	             -680
  387.2000	             -731
  387.4000	             -613
  387.6000	             -723
  387.8000	             -653
  388.0000	             -605
  388.2000	             -421
  388.4000	              115
  388.6000	             -428
  388.8000	             -438
  389.0000	             -216
  389.2000	              -18
  389.4000	              485
  389.6000	             -401
  389.8000	             -535
  390.0000	             -434
  390.2000	             -499
  390.4000	             -442
  390.6000	             -334
  390.8000	             -292
  391.0000	             -520
  391.2000	              251
  391.4000	             2875
  391.6000	             -776
  391.8000	             -832
  392.0000	             -779
  392.2000	             -673
  392.4000	             -583
  392.6000	             -542
  392.8000	             -434
  393.0000	             -356
  393.2000	             -152
  393.4000	             -115
  393.6000	              -99
  393.8000	              156
  394.0000	              468
  394.2000	             2429
  394.4000	             -879
  394.6000	             -751
  394.8000	             -983
  395.0000	             -959
  395.2000	             -888
  395.4000	             -730
  395.6000	             -885
  395.8000	             -916
  396.0000	             -915
  396.2000	             -777
  396.4000	             -700
  396.6000	             -758
  396.8000	             -650
  397.0000	             -552
  397.2000	             -568
  397.4000	             -558
  397.6000	             -472
  397.8000	             -391
  398.0000	             -221
  398.2000	              -80
  398.4000	               97
  398.6000	              494
  398.8000	              506
  399.0000	              878
  399.2000	             1138
  399.4000	             1372
  399.6000	             3591
  399.8000	             4951
  400.0000	             -937
  400.2000	             -902
  400.4000	            -1017
  400.6000	             -926
  400.8000	             -893
  401.0000	             -916
  401.2000	             -997
  401.4000	             -875
  401.6000	             -863
  401.8000	             -902
  402.0000	             -961
  402.2000	             -922
  402.4000	             -840
  402.6000	             -740
  402.8000	             -630
  403.0000	             -572
  403.2000	             -473
  403.4000	             -403
  403.6000	             -303
  403.8000	             -264
  404.0000	             -204
  404.2000	              107
  404.4000	              308
  404.6000	              546
  404.8000	              586
  405.0000	              840
  405.2000	             1348
  405.4000	             1610
  405.6000	             2184
  405.8000	             7409
  406.0000	              242
  406.2000	             -972
  406.4000	             -934
  406.6000	            -1021
  406.8000	             -957
  407.0000	             -973
  407.2000	             -841
  407.4000	             -915
  407.6000	             -914
  407.8000	             -914
  408.0000	             -918
  408.2000	             -850
  408.4000	             -860
  408.6000	             -859
  408.8000	             -801
  409.0000	             -789
  409.2000	             -629
  409.4000	             -654
  409.6000	             -985
  409.8000	             -981
  410.0000	             -948
  410.2000	            -1014
  410.4000	             -810
  410.6000	             -959
  410.8000	             -960
  411.0000	             -914
  411.2000	             -927
  411.4000	             -903
  411.6000	             -902
  411.8000	             -931
  412.0000	             -889
  412.2000	             -758
  412.4000	             -758
  412.6000	             -713
  412.8000	             -741
  413.0000	             -600
  413.2000	             -412
  413.4000	             -572
  413.6000	             -533
  413.8000	             -507
  414.0000	              415
  414.2000	             -481
  414.4000	             -981
  414.6000	             -972
  414.8000	             -960
  415.0000	             -968
  415.2000	             -931
  415.4000	             -950
  415.6000	             -943
  415.8000	             -883
  416.0000	             -878
  416.2000	             -864
  416.4000	             -937
  416.6000	             -697
  416.8000	             -851
  417.0000	             -774
  417.2000	             -758
  417.4000	             -704
  417.6000	             -708
  417.8000	             -656
  418.0000	             -582
  418.2000	             -564
  418.4000	             -537
  418.6000	             -448
  418.8000	             -459
  419.0000	             -290
  419.2000	             -250
  419.4000	             -221
  419.6000	             -163
  419.8000	              400
  420.0000	             1893
  420.2000	             -715
  420.4000	             -915
  420.6000	             -898
  420.8000	             -924
  421.0000	             -943
  421.2000	             -817
  421.4000	             -823
  421.6000	             -852
  421.8000	             -881
  422.0000	             -731
  422.2000	             -627
  422.4000	             -751
  422.6000	             -575
  422.8000	             -381
  423.0000	             -746
  423.2000	             -558
  423.4000	             -459
  423.6000	              161
  423.8000	             -806
  424.0000	             -795
  424.2000	             -788
  424.4000	             -754
  424.6000	             -652
  424.8000	             -637
  425.0000	             -523
  425.2000	             -361
  425.4000	             -235
  425.6000	             -160
  425.8000	             -119
  426.0000	             -139
  426.2000	              245
  426.4000	              160
  426.6000	              257
  426.8000	             2465
  427.0000	             -353
  427.2000	             -674
  427.4000	             -874
  427.6000	             -353
  427.8000	              926
  428.0000	            -1044
  428.2000	            -1058
  428.4000	            -1069
  428.6000	             -995
  428.8000	            -1034
  429.0000	            -1044
  429.2000	            -1028
  429.4000	            -1054
  429.6000	             -955
  429.8000	             -985
  430.0000	             -994
  430.2000	             -944
  430.4000	             -985
  430.6000	             -985
  430.8000	             -905
  431.0000	             -885
  431.2000	             -829
  431.4000	             -836
  431.6000	             -842
  431.8000	             -825
  432.0000	             -764
  432.2000	             -715
  432.4000	             -642
  432.6000	             -474
  432.8000	             -435
  433.0000	             -405
  433.2000	             -387
  433.4000	             -235
  433.6000	             -238
  433.8000	             -134
  434.0000	              -48
  434.2000	              690
  434.4000	             1412
  434.6000	             -847
  434.8000	             -422
  435.0000	             -915
  435.2000	             -878
  435.4000	             -784
  435.6000	             -845
  435.8000	            -1071
  436.0000	            -1054
  436.2000	            -1013
  436.4000	            -1068
  436.6000	            -1048
  436.8000	             -991
  437.0000	             -905
  437.2000	             -984
  437.4000	            -1001
  437.6000	             -950
  437.8000	            -1013
  438.0000	             -869
  438.2000	            -1041
  438.4000	             -885
  438.6000	            -1037
  438.8000	            -1055
  439.0000	            -1033
  439.2000	             -967
  439.4000	             -990
  439.6000	             -991
  439.8000	             -943
  440.0000	             -861
  440.2000	             -869
  440.4000	             -903
  440.6000	             -953
  440.8000	             -875
  441.0000	             -872
  441.2000	             -797
  441.4000	             -377
  441.6000	             -808
  441.8000	            -1076
  442.0000	            -1034
  442.2000	            -1080
  442.4000	            -1064
  442.6000	             -786
  442.8000	            -1057
  443.0000	             -924
  443.2000	            -1076
  443.4000	             -982
  443.6000	            -1079
  443.8000	             -965
  444.0000	             -990
  444.2000	            -1037
  444.4000	             -985
  444.6000	            -1008
  444.8000	             -943
  445.0000	             -933
  445.2000	             -948
  445.4000	            -1012
  445.6000	             -996
  445.8000	             -924
  446.0000	             -896
  446.2000	             -867
  446.4000	             -928
  446.6000	             -806
  446.8000	             -947
  447.0000	             -912
  447.2000	             -811
  447.4000	             -819
  447.6000	             -834
  447.8000	             -881
  448.0000	             -696
  448.2000	             -560
  448.4000	             -702
  448.6000	             -568
  448.8000	             -130
  449.0000	             -743
  449.2000	            -1001
  449.4000	            -1054
  449.6000	             -985
  449.8000	            -1077
  450.0000	             -991
  450.2000	             -997
  450.4000	             -983
  450.6000	            -1049
  450.8000	             -976
  451.0000	             -976
  451.2000	            -1033
  451.4000	             -997
  451.6000	             -960
  451.8000	            -1040
  452.0000	            -1051
  452.2000	             -988
  452.4000	            -1047
  452.6000	             -980
  452.8000	             -983
  453.0000	            -1010
  453.2000	             -985
  453.4000	             -985
  453.6000	             -997
  453.8000	             -925
  454.0000	             -922
  454.2000	             -939
  454.4000	             -416
  454.6000	             -799
  454.8000	             -875
  455.0000	             -899
  455.2000	             -739
  455.4000	             -731
  455.6000	             -863
  455.8000	             -827
  456.0000	             -816
  456.2000	             -679
  456.4000	             -579
  456.6000	             -666
  456.8000	             -651
  457.0000	             -476
  457.2000	              -37
  457.4000	             -476
  457.6000	             -991
  457.8000	            -1049
  458.0000	             -862
  458.2000	            -1043
  458.4000	             -996
  458.6000	            -1002
  458.8000	            -1007
  459.0000	             -761
  459.2000	            -1038
  459.4000	            -1024
  459.6000	             -985
  459.8000	             -894
  460.0000	             -776
  460.2000	             -989
  460.4000	            -1043
  460.6000	            -1028
  460.8000	            -1030
  461.0000	             -641
  461.2000	             -981
  461.4000	            -1002
  461.6000	            -1023
  461.8000	            -1066
  462.0000	            -1037
  462.2000	             -927
  462.4000	            -1007
  462.6000	             -918
  462.8000	             -927
  463.0000	             -920
  463.2000	             -915
  463.4000	             -902
  463.6000	             -935
  463.8000	             -901
  464.0000	             -870
  464.2000	             -860
  464.4000	             -854
  464.6000	             -779
  464.8000	             -732
  465.0000	             -782
  465.2000	             -647
  465.4000	             -964
  465.6000	             -960
  465.8000	             -707
  466.0000	             -884
  466.2000	             -915
  466.4000	             -745
  466.6000	             -451
  466.8000	            -1002
  467.0000	            -1038
  467.2000	            -1072
  467.4000	            -1075
  467.6000	            -1021
  467.8000	            -1027
  468.0000	            -1004
  468.2000	            -1033
  468.4000	            -1050
  468.6000	             -981
  468.8000	            -1059
  469.0000	             -990
  469.2000	            -1017
  469.4000	             -950
  469.6000	            -1004
  469.8000	            -1035
  470.0000	            -1002
  470.2000	             -959
  470.4000	             -982
  470.6000	             -947
  470.8000	             -850
  471.0000	             -869
  471.2000	            -1012
  471.4000	            -1039
  471.6000	             -972
  471.8000	            -1012
  472.0000	             -921
  472.2000	             -844
  472.4000	            -1046
  472.6000	             -998
  472.8000	            -1093
  473.0000	            -1013
  473.2000	            -1036
  473.4000	            -1058
  473.6000	             -874
  473.8000	            -1051
  474.0000	            -1061
  474.2000	            -1060
  474.4000	            -1058
  474.6000	            -1013
  474.8000	            -1047
  475.0000	            -1034
  475.2000	            -1063
  475.4000	            -1048
  475.6000	            -1084
  475.8000	            -1042
  476.0000	            -1049
  476.2000	            -1034
  476.4000	             -868
  476.6000	            -1023
  476.8000	            -1013
  477.0000	            -1054
  477.2000	            -1062
  477.4000	            -1066
  477.6000	            -1051
  477.8000	            -1058
  478.0000	            -1049
  478.2000	            -1068
  478.4000	             -994
  478.6000	            -1021
  478.8000	            -1055
  479.0000	            -1067
  479.2000	             -986
  479.4000	             -994
  479.6000	            -1007
  479.8000	             -983
  480.0000	             -984
  480.2000	             -980
  480.4000	             -977
  480.6000	             -657
  480.8000	             -907
  481.0000	             -956
  481.2000	             -808
  481.4000	             -867
  481.6000	            -1100
  481.8000	            -1048
  482.0000	            -1090
  482.2000	            -1057
  482.4000	            -1049
  482.6000	            -1068
  482.8000	            -1061
  483.0000	            -1057
  483.2000	            -1041
  483.4000	            -1049
  483.6000	            -1048
  483.8000	            -1071
  484.0000	            -1014
  484.2000	            -1049
  484.4000	            -1068
  484.6000	            -1051
  484.8000	             -777
  485.0000	            -1017
  485.2000	            -1034
  485.4000	            -1051
  485.6000	            -1006
  485.8000	            -1046
  486.0000	             -994
  486.2000	             -997
  486.4000	            -1030
  486.6000	            -1025
  486.8000	            -1030
  487.0000	            -1069
  487.2000	             -980
  487.4000	             -998
  487.6000	            -1001
  487.8000	             -985
  488.0000	              -94
  488.2000	             -960
  488.4000	             -996
  488.6000	             -985
  488.8000	             -955
  489.0000	             -985
  489.2000	             -968
  489.4000	            -1000
  489.6000	            -1008
  489.8000	            -1004
  490.0000	             -972
  490.2000	             -990
  490.4000	             -878
  490.6000	             -926
  490.8000	             -896
  491.0000	             -889
  491.2000	             -931
  491.4000	             -878
  491.6000	             -773
  491.8000	             -887
  492.0000	             -996
  492.2000	            -1010
  492.4000	            -1045
  492.6000	            -1048
  492.8000	            -1049
  493.0000	            -1038
  493.2000	            -1036
  493.4000	            -1057
  493.6000	             -994
  493.8000	            -1013
  494.0000	            -1026
  494.2000	            -1026
  494.4000	            -1057
  494.6000	            -1046
  494.8000	            -1073
  495.0000	            -1026
  495.2000	            -1068
  495.4000	            -1023
  495.6000	            -1038
  495.8000	             -931
  496.0000	            -1049
  496.2000	            -1040
  496.4000	             -809
  496.6000	            -1040
  496.8000	            -1054
  497.0000	            -1058
  497.2000	             -990
  497.4000	            -1007
  497.6000	            -1031
  497.8000	            -1084
  498.0000	            -1048
  498.2000	            -1067
  498.4000	            -1049
  498.6000	            -1044
  498.8000	            -1043
  499.0000	            -1032
  499.2000	             -994
  499.4000	            -1014
  499.6000	            -1027
  499.8000	            -1057
  500.0000	             -997
