  200.0000	            -1213
  200.2000	            -1247
  200.4000	            -1194
  200.6000	            -1223
  200.8000	            -1197
  201.0000	            -1214
  201.2000	            -1231
  201.4000	            -1241
  201.6000	            -1231
  201.8000	            -1233
  202.0000	            -1195
  202.2000	            -1255
  202.4000	            -1223
  202.6000	            -1238
  202.8000	            -1247
  203.0000	            -1228
  203.2000	            -1231
  203.4000	            -1234
  203.6000	            -1248
  203.8000	            -1254
  204.0000	            -1214
  204.2000	            -1210
  204.4000	            -1240
  204.6000	            -1255
  204.8000	            -1222
  205.0000	            -1210
  205.2000	            -1241
  205.4000	            -1245
  205.6000	            -1228
  205.8000	            -1223
  206.0000	            -1208
  206.2000	            -1220
  206.4000	            -1224
  206.6000	            -1200
  206.8000	            -1223
  207.0000	            -1217
  207.2000	            -1223
  207.4000	            -1219
  207.6000	            -1211
  207.8000	            -1225
  208.0000	            -1238
  208.2000	            -1237
  208.4000	            -1223
  208.6000	            -1231
  208.8000	            -1205
  209.0000	            -1232
  209.2000	            -1220
  209.4000	            -1210
  209.6000	            -1231
  209.8000	            -1235
  210.0000	            -1235
  210.2000	            -1235
  210.4000	            -1210
  210.6000	            -1205
  210.8000	            -1234
  211.0000	            -1214
  211.2000	            -1223
  211.4000	            -1238
  211.6000	            -1206
  211.8000	            -1214
  212.0000	            -1237
  212.2000	            -1223
  212.4000	            -1231
  212.6000	            -1247
  212.8000	            -1235
  213.0000	            -1222
  213.2000	            -1210
  213.4000	            -1247
  213.6000	            -1235
  213.8000	            -1219
  214.0000	            -1231
  214.2000	            -1201
  214.4000	            -1241
  214.6000	            -1217
  214.8000	            -1231
  215.0000	            -1213
  215.2000	            -1195
  215.4000	            -1223
  215.6000	            -1240
  215.8000	            -1252
  216.0000	            -1228
  216.2000	            -1210
  216.4000	            -1228
  216.6000	            -1235
  216.8000	            -1240
  217.0000	            -1226
  217.2000	            -1235
  217.4000	            -1186
  217.6000	            -1223
  217.8000	            -1215
  218.0000	            -1235
  218.2000	            -1238
  218.4000	            -1200
  218.6000	            -1240
  218.8000	            -1195
  219.0000	            -1240
  219.2000	            -1231
  219.4000	            -1210
  219.6000	            -1235
  219.8000	            -1244
  220.0000	            -1225
  220.2000	            -1211
  220.4000	            -1221
  220.6000	            -1190
  220.8000	            -1221
  221.0000	            -1234
  221.2000	            -1223
  221.4000	            -1240
  221.6000	            -1200
  221.8000	            -1208
  222.0000	            -1210
  222.2000	            -1215
  222.4000	            -1219
  222.6000	            -1220
  222.8000	            -1220
  223.0000	            -1239
  223.2000	            -1223
  223.4000	            -1255
  223.6000	            -1217
  223.8000	            -1240
  224.0000	            -1245
  224.2000	            -1222
  224.4000	            -1231
  224.6000	            -1201
  224.8000	            -1220
  225.0000	            -1240
  225.2000	            -1225
  225.4000	            -1200
  225.6000	            -1237
  225.8000	            -1247
  226.0000	            -1219
  226.2000	            -1240
  226.4000	            -1229
  226.6000	            -1219
  226.8000	            -1213
  227.0000	            -1225
  227.2000	            -1223
  227.4000	            -1231
  227.6000	            -1221
  227.8000	            -1223
  228.0000	            -1241
  228.2000	            -1236
  228.4000	            -1240
  228.6000	            -1235
  228.8000	            -1225
  229.0000	            -1199
  229.2000	            -1240
  229.4000	            -1244
  229.6000	            -1210
  229.8000	            -1222
  230.0000	            -1243
  230.2000	            -1223
  230.4000	            -1225
  230.6000	            -1240
  230.8000	            -1250
  231.0000	            -1226
  231.2000	            -1265
  231.4000	            -1237
  231.6000	            -1245
  231.8000	            -1215
  232.0000	            -1211
  232.2000	            -1231
  232.4000	            -1241
  232.6000	            -1201
  232.8000	            -1223
  233.0000	            -1219
  233.2000	            -1210
  233.4000	            -1240
  233.6000	            -1225
  233.8000	            -1223
  234.0000	            -1222
  234.2000	            -1214
  234.4000	            -1238
  234.6000	            -1210
  234.8000	            -1245
  235.0000	            -1225
  235.2000	            -1186
  235.4000	            -1226
  235.6000	            -1231
  235.8000	            -1222
  236.0000	            -1208
  236.2000	            -1219
  236.4000	            -1220
  236.6000	            -1221
  236.8000	            -1229
  237.0000	            -1200
  237.2000	            -1204
  237.4000	            -1240
  237.6000	            -1231
  237.8000	            -1233
  238.0000	            -1231
  238.2000	            -1238
  238.4000	            -1240
  238.6000	            -1228
  238.8000	            -1208
  239.0000	            -1244
  239.2000	            -1231
  239.4000	            -1223
  239.6000	            -1240
  239.8000	            -1214
  240.0000	            -1225
  240.2000	            -1228
  240.4000	            -1223
  240.6000	            -1225
  240.8000	            -1227
  241.0000	            -1221
  241.2000	            -1233
  241.4000	            -1214
  241.6000	            -1213
  241.8000	            -1213
  242.0000	            -1200
  242.2000	            -1216
  242.4000	            -1201
  242.6000	            -1225
  242.8000	            -1227
  243.0000	            -1247
  243.2000	            -1225
  243.4000	            -1223
  243.6000	            -1223
  243.8000	            -1215
  244.0000	            -1221
  244.2000	            -1233
  244.4000	            -1186
  244.6000	            -1200
  244.8000	            -1219
  245.0000	            -1237
  245.2000	            -1195
  245.4000	            -1234
  245.6000	            -1234
  245.8000	            -1241
  246.0000	            -1185
  246.2000	            -1225
  246.4000	            -1201
  246.6000	            -1186
  246.8000	            -1241
  247.0000	            -1225
  247.2000	            -1241
  247.4000	            -1220
  247.6000	            -1211
  247.8000	            -1220
  248.0000	            -1220
  248.2000	            -1231
  248.4000	            -1201
  248.6000	            -1215
  248.8000	            -1227
  249.0000	            -1214
  249.2000	            -1240
  249.4000	            -1249
  249.6000	            -1231
  249.8000	            -1240
  250.0000	            -1227
  250.2000	            -1243
  250.4000	            -1224
  250.6000	            -1217
  250.8000	            -1228
  251.0000	            -1240
  251.2000	            -1226
  251.4000	            -1242
  251.6000	            -1235
  251.8000	            -1235
  252.0000	            -1228
  252.2000	            -1203
  252.4000	            -1223
  252.6000	            -1225
  252.8000	            -1229
  253.0000	            -1219
  253.2000	            -1200
  253.4000	            -1225
  253.6000	            -1210
  253.8000	            -1250
  254.0000	            -1231
  254.2000	            -1222
  254.4000	            -1213
  254.6000	            -1242
  254.8000	            -1240
  255.0000	            -1194
  255.2000	            -1231
  255.4000	            -1229
  255.6000	            -1255
  255.8000	            -1223
  256.0000	            -1236
  256.2000	            -1237
  256.4000	            -1220
  256.6000	            -1220
  256.8000	            -1225
  257.0000	            -1223
  257.2000	            -1240
  257.4000	            -1259
  257.6000	            -1241
  257.8000	            -1244
  258.0000	            -1247
  258.2000	            -1226
  258.4000	            -1250
  258.6000	            -1223
  258.8000	            -1220
  259.0000	            -1231
  259.2000	            -1186
  259.4000	            -1231
  259.6000	            -1223
  259.8000	            -1237
  260.0000	            -1222
  260.2000	            -1201
  260.4000	            -1231
  260.6000	            -1210
  260.8000	            -1211
  261.0000	            -1211
  261.2000	            -1157
  261.4000	            -1218
  261.6000	            -1195
  261.8000	            -1240
  262.0000	            -1210
  262.2000	            -1203
  262.4000	            -1240
  262.6000	            -1246
  262.8000	            -1219
  263.0000	            -1223
  263.2000	            -1255
  263.4000	            -1210
  263.6000	            -1247
  263.8000	            -1247
  264.0000	            -1227
  264.2000	            -1249
  264.4000	            -1228
  264.6000	            -1241
  264.8000	            -1227
  265.0000	            -1222
  265.2000	            -1223
  265.4000	            -1240
  265.6000	            -1186
  265.8000	            -1240
  266.0000	            -1205
  266.2000	            -1247
  266.4000	            -1231
  266.6000	            -1247
  266.8000	            -1231
  267.0000	            -1240
  267.2000	            -1233
  267.4000	            -1219
  267.6000	            -1225
  267.8000	            -1240
  268.0000	            -1242
  268.2000	            -1235
  268.4000	            -1244
  268.6000	            -1231
  268.8000	            -1208
  269.0000	            -1242
  269.2000	            -1225
  269.4000	            -1247
  269.6000	            -1255
  269.8000	            -1229
  270.0000	            -1208
  270.2000	            -1205
  270.4000	            -1231
  270.6000	            -1247
  270.8000	            -1247
  271.0000	            -1213
  271.2000	            -1223
  271.4000	            -1232
  271.6000	            -1225
  271.8000	            -1205
  272.0000	            -1238
  272.2000	            -1240
  272.4000	            -1219
  272.6000	            -1240
  272.8000	            -1219
  273.0000	            -1241
  273.2000	            -1228
  273.4000	            -1231
  273.6000	            -1225
  273.8000	            -1195
  274.0000	            -1216
  274.2000	            -1247
  274.4000	            -1199
  274.6000	            -1247
  274.8000	            -1238
  275.0000	            -1219
  275.2000	            -1231
  275.4000	            -1235
  275.6000	            -1232
  275.8000	            -1213
  276.0000	            -1235
  276.2000	            -1249
  276.4000	            -1243
  276.6000	            -1197
  276.8000	            -1219
  277.0000	            -1201
  277.2000	            -1187
  277.4000	            -1231
  277.6000	            -1218
  277.8000	            -1241
  278.0000	            -1231
  278.2000	            -1214
  278.4000	            -1252
  278.6000	            -1210
  278.8000	            -1237
  279.0000	            -1208
  279.2000	            -1215
  279.4000	            -1212
  279.6000	            -1237
  279.8000	            -1208
  280.0000	            -1232
  280.2000	            -1235
  280.4000	            -1240
  280.6000	            -1223
  280.8000	            -1222
  281.0000	            -1215
  281.2000	            -1244
  281.4000	            -1219
  281.6000	            -1234
  281.8000	            -1218
  282.0000	            -1217
  282.2000	            -1220
  282.4000	            -1263
  282.6000	            -1264
  282.8000	            -1213
  283.0000	            -1227
  283.2000	            -1210
  283.4000	            -1234
  283.6000	            -1188
  283.8000	            -1259
  284.0000	            -1235
  284.2000	            -1200
  284.4000	            -1231
  284.6000	            -1235
  284.8000	            -1240
  285.0000	            -1231
  285.2000	            -1244
  285.4000	            -1225
  285.6000	            -1223
  285.8000	            -1241
  286.0000	            -1222
  286.2000	            -1247
  286.4000	            -1212
  286.6000	            -1241
  286.8000	            -1233
  287.0000	            -1227
  287.2000	            -1251
  287.4000	            -1250
  287.6000	            -1226
  287.8000	            -1243
  288.0000	            -1233
  288.2000	            -1238
  288.4000	            -1195
  288.6000	            -1241
  288.8000	            -1221
  289.0000	            -1233
  289.2000	            -1230
  289.4000	            -1228
  289.6000	            -1227
  289.8000	            -1230
  290.0000	            -1199
  290.2000	            -1231
  290.4000	            -1200
  290.6000	            -1240
  290.8000	            -1228
  291.0000	            -1215
  291.2000	            -1222
  291.4000	            -1208
  291.6000	            -1195
  291.8000	            -1208
  292.0000	            -1225
  292.2000	            -1235
  292.4000	            -1241
  292.6000	            -1243
  292.8000	            -1185
  293.0000	            -1240
  293.2000	            -1231
  293.4000	            -1197
  293.6000	            -1200
  293.8000	            -1199
  294.0000	            -1166
  294.2000	            -1184
  294.4000	            -1182
  294.6000	            -1184
  294.8000	            -1143
  295.0000	            -1162
  295.2000	            -1065
  295.4000	            -1056
  295.6000	            -1074
  295.8000	            -1051
  296.0000	            -1053
  296.2000	             -708
  296.4000	            -1187
  296.6000	            -1161
  296.8000	            -1061
  297.0000	            -1005
  297.2000	             -846
  297.4000	             -968
  297.6000	             -159
  297.8000	            -1151
  298.0000	            -1215
  298.2000	            -1195
  298.4000	            -1242
  298.6000	            -1223
  298.8000	            -1227
  299.0000	            -1240
  299.2000	            -1204
  299.4000	            -1177
  299.6000	            -1174
  299.8000	            -1203
  300.0000	            -1224
  300.2000	            -1232
  300.4000	            -1201
  300.6000	            -1219
  300.8000	            -1178
  301.0000	            -1245
  301.2000	            -1222
  301.4000	            -1231
  301.6000	            -1215
  301.8000	            -1242
  302.0000	            -1218
  302.2000	            -1223
  302.4000	            -1210
  302.6000	            -1177
  302.8000	            -1194
  303.0000	            -1184
  303.2000	            -1197
  303.4000	            -1177
  303.6000	            -1172
  303.8000	            -1169
  304.0000	            -1173
  304.2000	            -1174
  304.4000	            -1118
  304.6000	            -1169
  304.8000	            -1097
  305.0000	            -1162
  305.2000	            -1190
  305.4000	            -1197
  305.6000	            -1199
  305.8000	            -1129
  306.0000	            -1156
  306.2000	            -1193
  306.4000	             -242
  306.6000	             -626
  306.8000	              189
  307.0000	             -147
  307.2000	             -224
  307.4000	             -905
  307.6000	            -1015
  307.8000	              279
  308.0000	             1339
  308.2000	             2084
  308.4000	              159
  308.6000	              587
  308.8000	             -564
  309.0000	             4575
  309.2000	              858
  309.4000	              211
  309.6000	             2069
  309.8000	             -495
  310.0000	             1067
  310.2000	              946
  310.4000	              322
  310.6000	             1533
  310.8000	              645
  311.0000	             1119
  311.2000	             1647
  311.4000	              941
  311.6000	             3278
  311.8000	             1289
  312.0000	              695
  312.2000	              838
  312.4000	             1566
  312.6000	             2344
  312.8000	             4631
  313.0000	             5676
  313.2000	             5100
  313.4000	             9100
  313.6000	            13553
  313.8000	             1059
  314.0000	             1538
  314.2000	             1956
  314.4000	             3678
  314.6000	             5238
  314.8000	             8682
  315.0000	            13156
  315.2000	            18472
  315.4000	            22939
  315.6000	            18676
  315.8000	            76307
  316.0000	             4085
  316.2000	              367
  316.4000	             -712
  316.6000	             -475
  316.8000	             -868
  317.0000	             -425
  317.2000	            -1042
  317.4000	             -625
  317.6000	            -1099
  317.8000	             -607
  318.0000	             -984
  318.2000	             -989
  318.4000	            -1025
  318.6000	             -581
  318.8000	            -1014
  319.0000	            -1045
  319.2000	             -763
  319.4000	            -1007
  319.6000	            -1086
  319.8000	             -979
  320.0000	             -862
  320.2000	             -871
  320.4000	             -789
  320.6000	            -1001
  320.8000	             -971
  321.0000	             -682
  321.2000	            -1039
  321.4000	             -828
  321.6000	            -1051
  321.8000	            -1043
  322.0000	            -1049
  322.2000	            -1017
  322.4000	            -1090
  322.6000	            -1046
  322.8000	            -1143
  323.0000	            -1078
  323.2000	            -1167
  323.4000	            -1070
  323.6000	            -1186
  323.8000	            -1084
  324.0000	             -958
  324.2000	             -998
  324.4000	             -882
  324.6000	            -1104
  324.8000	            -1054
  325.0000	            -1039
  325.2000	             -580
  325.4000	             -772
  325.6000	             -747
  325.8000	              210
  326.0000	             -725
  326.2000	             -126
  326.4000	             -596
  326.6000	             -249
  326.8000	             -115
  327.0000	             -860
  327.2000	             -561
  327.4000	             -692
  327.6000	             -378
  327.8000	              151
  328.0000	              -94
  328.2000	             -156
  328.4000	             2493
  328.6000	             -491
  328.8000	             -793
  329.0000	             -843
  329.2000	             -508
  329.4000	             -291
  329.6000	             -114
  329.8000	             -196
  330.0000	             -175
  330.2000	              -57
  330.4000	              287
  330.6000	              898
  330.8000	             2894
  331.0000	             1954
  331.2000	              996
  331.4000	             1414
  331.6000	              863
  331.8000	             1088
  332.0000	             1538
  332.2000	             1444
  332.4000	             1993
  332.6000	             3109
  332.8000	             3631
  333.0000	             5147
  333.2000	             5813
  333.4000	             6909
  333.6000	             6586
  333.8000	            12670
  334.0000	             7485
  334.2000	             9032
  334.4000	            10643
  334.6000	            12974
  334.8000	            14362
  335.0000	            18451
  335.2000	            20225
  335.4000	            29705
  335.6000	            34686
  335.8000	            61924
  336.0000	            77987
  336.2000	            87040
  336.4000	           102581
  336.6000	           116290
  336.8000	           112558
  337.0000	           350869
  337.2000	            57623
  337.4000	             1345
  337.6000	             1410
  337.8000	              981
  338.0000	              426
  338.2000	             1196
  338.4000	              135
  338.6000	              443
  338.8000	               12
  339.0000	             -554
  339.2000	             -273
  339.4000	             -701
  339.6000	             -652
  339.8000	             -940
  340.0000	             -849
  340.2000	             -886
  340.4000	            -1039
  340.6000	             -745
  340.8000	            -1048
  341.0000	             -764
  341.2000	            -1125
  341.4000	             -915
  341.6000	             -966
  341.8000	            -1110
  342.0000	             -887
  342.2000	            -1166
  342.4000	             -883
  342.6000	            -1119
  342.8000	            -1007
  343.0000	             -940
  343.2000	            -1039
  343.4000	             -964
  343.6000	            -1042
  343.8000	            -1019
  344.0000	             -862
  344.2000	             -963
  344.4000	             -992
  344.6000	            -1037
  344.8000	             -988
  345.0000	            -1034
  345.2000	             -976
  345.4000	             -980
  345.6000	             -899
  345.8000	             -921
  346.0000	             -842
  346.2000	             -757
  346.4000	             -770
  346.6000	             -563
  346.8000	             -757
  347.0000	             -937
  347.2000	             -474
  347.4000	             -573
  347.6000	             -488
  347.8000	             -172
  348.0000	             -558
  348.2000	             -542
  348.4000	               18
  348.6000	             -125
  348.8000	              596
  349.0000	             1606
  349.2000	             1758
  349.4000	             1834
  349.6000	             2888
  349.8000	             2771
  350.0000	             7822
  350.2000	              879
  350.4000	             1775
  350.6000	             1027
  350.8000	              578
  351.0000	             2221
  351.2000	             3486
  351.4000	             3742
  351.6000	             3353
  351.8000	             4092
  352.0000	             5875
  352.2000	             8969
  352.4000	            11809
  352.6000	            14851
  352.8000	            18368
  353.0000	            21291
  353.2000	            23541
  353.4000	            24394
  353.6000	            89760
  353.8000	             4819
  354.0000	             4518
  354.2000	             4885
  354.4000	             6594
  354.6000	             8013
  354.8000	             9178
  355.0000	             9421
  355.2000	            10977
  355.4000	            13996
  355.6000	            16918
  355.8000	            20882
  356.0000	            28360
  356.2000	            36194
  356.4000	            44430
  356.6000	            59396
  356.8000	            75629
  357.0000	            89091
  357.2000	           102151
  357.4000	            97650
  357.6000	           356284
  357.8000	            19837
  358.0000	              660
  358.2000	              167
  358.4000	             -465
  358.6000	             -943
  358.8000	             -749
  359.0000	            -1038
  359.2000	            -1033
  359.4000	            -1092
  359.6000	            -1104
  359.8000	            -1098
  360.0000	            -1119
  360.2000	            -1049
  360.4000	            -1090
  360.6000	            -1069
  360.8000	            -1051
  361.0000	            -1077
  361.2000	            -1073
  361.4000	            -1129
  361.6000	            -1071
  361.8000	            -1063
  362.0000	            -1089
  362.2000	            -1060
  362.4000	            -1019
  362.6000	            -1063
  362.8000	             -970
  363.0000	             -960
  363.2000	            -1007
  363.4000	             -871
  363.6000	             -915
  363.8000	             -823
  364.0000	             -615
  364.2000	             -500
  364.4000	             -941
  364.6000	             -938
  364.8000	             -900
  365.0000	             -849
  365.2000	             -789
  365.4000	             -847
  365.6000	             -669
  365.8000	             -462
  366.0000	             -245
  366.2000	             -124
  366.4000	              -79
  366.6000	              118
  366.8000	                0
  367.0000	             1938
  367.2000	              828
  367.4000	             -575
  367.6000	             -825
  367.8000	             -471
  368.0000	             -382
  368.2000	             -434
  368.4000	             -406
  368.6000	              212
  368.8000	             -277
  369.0000	             -256
  369.2000	              512
  369.4000	             1323
  369.6000	             1351
  369.8000	             2220
  370.0000	             3723
  370.2000	             4481
  370.4000	             5467
  370.6000	             3945
  370.8000	             8151
  371.0000	            19793
  371.2000	              212
  371.4000	             1340
  371.6000	              560
  371.8000	             1520
  372.0000	             1414
  372.2000	              939
  372.4000	             2250
  372.6000	             1752
  372.8000	             1728
  373.0000	             3859
  373.2000	             3056
  373.4000	             3506
  373.6000	             5854
  373.8000	             6953
  374.0000	             7852
  374.2000	            11174
  374.4000	            14812
  374.6000	            16882
  374.8000	            19207
  375.0000	            22799
  375.2000	            24433
  375.4000	            80181
  375.6000	             6958
  375.8000	              375
  376.0000	             1435
  376.2000	             3003
  376.4000	             3063
  376.6000	             3301
  376.8000	             2704
  377.0000	             2847
  377.2000	             2862
  377.4000	             3444
  377.6000	             4291
  377.8000	             5936
  378.0000	             7213
  378.2000	             8611
  378.4000	             9767
  378.6000	            11906
  378.8000	            15203
  379.0000	            20253
  379.2000	            24410
  379.4000	            31004
  379.6000	            38571
  379.8000	            42001
  380.0000	            45848
  380.2000	            54828
  380.4000	           192463
  380.6000	              334
  380.8000	             -443
  381.0000	             -982
  381.2000	             -758
  381.4000	            -1107
  381.6000	            -1016
  381.8000	            -1091
  382.0000	            -1037
  382.2000	            -1142
  382.4000	            -1089
  382.6000	            -1009
  382.8000	            -1082
  383.0000	            -1069
  383.2000	            -1033
  383.4000	            -1033
  383.6000	            -1033
  383.8000	            -1065
  384.0000	             -942
  384.2000	             -961
  384.4000	             -938
  384.6000	             -900
  384.8000	             -784
  385.0000	             -546
  385.2000	             -728
  385.4000	             -630
  385.6000	                0
  385.8000	             -834
  386.0000	             -934
  386.2000	            -1030
  386.4000	             -915
  386.6000	             -926
  386.8000	             -681
  387.0000	             -684
  387.2000	             -825
  387.4000	             -640
  387.6000	             -601
  387.8000	             -468
  388.0000	             -254
  388.2000	                3
  388.4000	              525
  388.6000	              219
  388.8000	              456
  389.0000	              575
  389.2000	             1578
  389.4000	             3273
  389.6000	              121
  389.8000	              306
  390.0000	              411
  390.2000	              468
  390.4000	              711
  390.6000	              782
  390.8000	              657
  391.0000	             -115
  391.2000	             2996
  391.4000	             9708
  391.6000	             -412
  391.8000	             -634
  392.0000	             -387
  392.2000	              185
  392.4000	              204
  392.6000	              745
  392.8000	             1298
  393.0000	             1552
  393.2000	             2343
  393.4000	             2667
  393.6000	             2447
  393.8000	             3636
  394.0000	             5810
  394.2000	            13526
  394.4000	             -569
  394.6000	              127
  394.8000	             -691
  395.0000	             -598
  395.2000	             -573
  395.4000	               -3
  395.6000	             -466
  395.8000	             -468
  396.0000	             -763
  396.2000	             -159
  396.4000	             -170
  396.6000	              309
  396.8000	              432
  397.0000	              655
  397.2000	              984
  397.4000	             1000
  397.6000	             1579
  397.8000	             1738
  398.0000	             3074
  398.2000	             3248
  398.4000	             4108
  398.6000	             5932
  398.8000	             6200
  399.0000	             7885
  399.2000	             8982
  399.4000	             9574
  399.6000	            21519
  399.8000	            22792
  400.0000	             -712
  400.2000	             -113
  400.4000	             -790
  400.6000	             -860
  400.8000	              -13
  401.0000	             -319
  401.2000	            -1000
  401.4000	             -371
  401.6000	              283
  401.8000	              142
  402.0000	             -531
  402.2000	             -572
  402.4000	             -155
  402.6000	              557
  402.8000	             1151
  403.0000	             1371
  403.2000	             1634
  403.4000	             1997
  403.6000	             2360
  403.8000	             2773
  404.0000	             3370
  404.2000	             4636
  404.4000	             5859
  404.6000	             6802
  404.8000	             8167
  405.0000	             9497
  405.2000	            10825
  405.4000	            12300
  405.6000	            14026
  405.8000	            47702
  406.0000	             3660
  406.2000	             -909
  406.4000	            -1037
  406.6000	            -1086
  406.8000	            -1097
  407.0000	            -1105
  407.2000	             -526
  407.4000	            -1094
  407.6000	             -992
  407.8000	            -1004
  408.0000	             -805
  408.2000	             -891
  408.4000	             -942
  408.6000	             -869
  408.8000	             -866
  409.0000	             -857
  409.2000	             -423
  409.4000	             -538
  409.6000	            -1106
  409.8000	            -1067
  410.0000	            -1060
  410.2000	            -1118
  410.4000	             -746
  410.6000	            -1092
  410.8000	            -1039
  411.0000	            -1058
  411.2000	            -1033
  411.4000	             -995
  411.6000	            -1058
  411.8000	             -986
  412.0000	             -991
  412.2000	             -761
  412.4000	             -748
  412.6000	             -617
  412.8000	             -571
  413.0000	             -350
  413.2000	              289
  413.4000	             -345
  413.6000	             -181
  413.8000	              -83
  414.0000	             2136
  414.2000	               47
  414.4000	            -1060
  414.6000	            -1065
  414.8000	            -1039
  415.0000	            -1139
  415.2000	             -992
  415.4000	             -990
  415.6000	            -1050
  415.8000	             -562
  416.0000	             -940
  416.2000	             -880
  416.4000	             -974
  416.6000	             -827
  416.8000	             -790
  417.0000	             -691
  417.2000	             -545
  417.4000	             -632
  417.6000	             -533
  417.8000	             -258
  418.0000	             -194
  418.2000	              176
  418.4000	              185
  418.6000	              465
  418.8000	              421
  419.0000	              914
  419.2000	              768
  419.4000	             1245
  419.6000	             1369
  419.8000	             2826
  420.0000	             7989
  420.2000	             -400
  420.4000	             -728
  420.6000	            -1069
  420.8000	             -872
  421.0000	             -868
  421.2000	            -1025
  421.4000	             -803
  421.6000	             -870
  421.8000	             -819
  422.0000	             -680
  422.2000	             -757
  422.4000	             -940
  422.6000	             -590
  422.8000	             -453
  423.0000	             -813
  423.2000	             -715
  423.4000	             -456
  423.6000	              144
  423.8000	             -534
  424.0000	             -472
  424.2000	             -433
  424.4000	             -203
  424.6000	                0
  424.8000	              320
  425.0000	              672
  425.2000	             1054
  425.4000	             1156
  425.6000	             1634
  425.8000	             2219
  426.0000	             2550
  426.2000	             3295
  426.4000	             3645
  426.6000	             4741
  426.8000	            14691
  427.0000	              894
  427.2000	             -217
  427.4000	             -889
  427.6000	              587
  427.8000	             2910
  428.0000	             -987
  428.2000	             -992
  428.4000	            -1060
  428.6000	             -860
  428.8000	            -1138
  429.0000	             -875
  429.2000	             -859
  429.4000	            -1118
  429.6000	             -700
  429.8000	             -875
  430.0000	             -738
  430.2000	             -716
  430.4000	             -621
  430.6000	             -900
  430.8000	             -788
  431.0000	             -561
  431.2000	             -378
  431.4000	             -474
  431.6000	             -450
  431.8000	             -308
  432.0000	             -184
  432.2000	               82
  432.4000	              312
  432.6000	              617
  432.8000	              878
  433.0000	             1182
  433.2000	             1476
  433.4000	             1933
  433.6000	             2119
  433.8000	             2616
  434.0000	             3009
  434.2000	             6702
  434.4000	             8011
  434.6000	             -965
  434.8000	             -534
  435.0000	             -968
  435.2000	             -924
  435.4000	             -698
  435.6000	             -826
  435.8000	            -1173
  436.0000	            -1178
  436.2000	            -1095
  436.4000	            -1138
  436.6000	            -1172
  436.8000	            -1086
  437.0000	             -852
  437.2000	            -1122
  437.4000	            -1097
  437.6000	            -1001
  437.8000	            -1156
  438.0000	             -918
  438.2000	            -1091
  438.4000	            -1100
  438.6000	            -1141
  438.8000	            -1139
  439.0000	            -1084
  439.2000	            -1061
  439.4000	            -1025
  439.6000	            -1025
  439.8000	            -1034
  440.0000	             -766
  440.2000	             -819
  440.4000	             -811
  440.6000	             -886
  440.8000	             -736
  441.0000	             -743
  441.2000	             -598
  441.4000	              313
  441.6000	             -612
  441.8000	            -1199
  442.0000	            -1153
  442.2000	            -1184
  442.4000	            -1171
  442.6000	             -790
  442.8000	            -1171
  443.0000	             -908
  443.2000	            -1172
  443.4000	             -957
  443.6000	            -1115
  443.8000	             -997
  444.0000	            -1028
  444.2000	            -1061
  444.4000	            -1011
  444.6000	            -1012
  444.8000	             -842
  445.0000	             -948
  445.2000	            -1003
  445.4000	             -983
  445.6000	            -1070
  445.8000	             -994
  446.0000	             -945
  446.2000	             -940
  446.4000	             -862
  446.6000	             -800
  446.8000	             -776
  447.0000	             -730
  447.2000	             -723
  447.4000	             -427
  447.6000	             -679
  447.8000	             -497
  448.0000	             -444
  448.2000	              -82
  448.4000	             -242
  448.6000	              -65
  448.8000	             1809
  449.0000	             -394
  449.2000	            -1106
  449.4000	            -1158
  449.6000	            -1083
  449.8000	            -1118
  450.0000	            -1127
  450.2000	            -1113
  450.4000	            -1099
  450.6000	            -1197
  450.8000	            -1057
  451.0000	             -886
  451.2000	            -1088
  451.4000	            -1117
  451.6000	            -1097
  451.8000	            -1071
  452.0000	            -1213
  452.2000	             -999
  452.4000	            -1132
  452.6000	            -1085
  452.8000	            -1025
  453.0000	            -1110
  453.2000	            -1055
  453.4000	             -976
  453.6000	            -1038
  453.8000	            -1042
  454.0000	             -964
  454.2000	             -960
  454.4000	             -360
  454.6000	             -829
  454.8000	             -883
  455.0000	             -864
  455.2000	             -682
  455.4000	             -631
  455.6000	             -558
  455.8000	             -548
  456.0000	             -472
  456.2000	             -190
  456.4000	             -160
  456.6000	              -75
  456.8000	               17
  457.0000	              176
  457.2000	             2224
  457.4000	              442
  457.6000	            -1139
  457.8000	            -1045
  458.0000	             -847
  458.2000	            -1191
  458.4000	            -1128
  458.6000	            -1138
  458.8000	            -1113
  459.0000	             -677
  459.2000	            -1176
  459.4000	            -1185
  459.6000	            -1101
  459.8000	            -1061
  460.0000	            -1053
  460.2000	            -1150
  460.4000	            -1134
  460.6000	            -1180
  460.8000	            -1067
  461.0000	             -542
  461.2000	            -1052
  461.4000	            -1168
  461.6000	            -1056
  461.8000	            -1121
  462.0000	            -1106
  462.2000	            -1039
  462.4000	            -1155
  462.6000	            -1041
  462.8000	             -982
  463.0000	            -1059
  463.2000	            -1023
  463.4000	             -938
  463.6000	             -964
  463.8000	             -872
  464.0000	             -838
  464.2000	             -846
  464.4000	             -805
  464.6000	             -683
  464.8000	             -630
  465.0000	             -631
  465.2000	             -617
  465.4000	             -675
  465.6000	             -496
  465.8000	              177
  466.0000	             -449
  466.2000	             -331
  466.4000	              231
  466.6000	             1352
  466.8000	            -1170
  467.0000	            -1180
  467.2000	            -1171
  467.4000	            -1200
  467.6000	            -1193
  467.8000	            -1156
  468.0000	            -1156
  468.2000	            -1143
  468.4000	            -1160
  468.6000	            -1143
  468.8000	            -1174
  469.0000	            -1092
  469.2000	            -1083
  469.4000	            -1078
  469.6000	            -1075
  469.8000	            -1148
  470.0000	            -1079
  470.2000	             -979
  470.4000	            -1073
  470.6000	            -1066
  470.8000	             -765
  471.0000	             -928
  471.2000	            -1089
  471.4000	            -1088
  471.6000	             -989
  471.8000	             -992
  472.0000	             -894
  472.2000	             -770
  472.4000	            -1100
  472.6000	             -981
  472.8000	            -1145
  473.0000	            -1172
  473.2000	            -1016
  473.4000	            -1166
  473.6000	             -919
  473.8000	            -1161
  474.0000	            -1134
  474.2000	            -1091
  474.4000	            -1053
  474.6000	            -1045
  474.8000	            -1091
  475.0000	            -1064
  475.2000	            -1103
  475.4000	            -1104
  475.6000	            -1082
  475.8000	            -1143
  476.0000	            -1162
  476.2000	            -1149
  476.4000	             -252
  476.6000	            -1057
  476.8000	            -1176
  477.0000	            -1171
  477.2000	            -1163
  477.4000	            -1143
  477.6000	            -1127
  477.8000	            -1179
  478.0000	            -1099
  478.2000	            -1091
  478.4000	            -1106
  478.6000	            -1072
  478.8000	            -1104
  479.0000	            -1099
  479.2000	            -1069
  479.4000	            -1033
  479.6000	            -1009
  479.8000	            -1043
  480.0000	            -1056
  480.2000	            -1056
  480.4000	            -1048
  480.6000	             -687
  480.8000	             -867
  481.0000	             -830
  481.2000	             -484
  481.4000	             -743
  481.6000	            -1186
  481.8000	            -1204
  482.0000	            -1180
  482.2000	            -1197
  482.4000	            -1158
  482.6000	            -1177
  482.8000	            -1178
  483.0000	            -1162
  483.2000	            -1185
  483.4000	            -1191
  483.6000	            -1171
  483.8000	            -1178
  484.0000	            -1204
  484.2000	            -1156
  484.4000	            -1187
  484.6000	            -1179
  484.8000	             -979
  485.0000	            -1194
  485.2000	            -1129
  485.4000	            -1141
  485.6000	            -1150
  485.8000	            -1210
  486.0000	            -1131
  486.2000	            -1178
  486.4000	            -1168
  486.6000	            -1186
  486.8000	            -1097
  487.0000	            -1156
  487.2000	            -1114
  487.4000	            -1099
  487.6000	            -1139
  487.8000	            -1114
  488.0000	             -623
  488.2000	            -1096
  488.4000	            -1117
  488.6000	            -1096
  488.8000	             -970
  489.0000	            -1142
  489.2000	            -1055
  489.4000	            -1062
  489.6000	            -1064
  489.8000	            -1088
  490.0000	            -1018
  490.2000	            -1018
  490.4000	             -963
  490.6000	             -933
  490.8000	             -902
  491.0000	             -932
  491.2000	             -901
  491.4000	             -860
  491.6000	             -393
  491.8000	             -779
  492.0000	            -1127
  492.2000	            -1172
  492.4000	            -1223
  492.6000	            -1194
  492.8000	            -1193
  493.0000	            -1214
  493.2000	            -1180
  493.4000	            -1179
  493.6000	            -1156
  493.8000	            -1186
  494.0000	            -1164
  494.2000	            -1151
  494.4000	            -1199
  494.6000	            -1174
  494.8000	            -1166
  495.0000	            -1185
  495.2000	            -1184
  495.4000	            -1180
  495.6000	            -1193
  495.8000	            -1172
  496.0000	            -1180
  496.2000	            -1174
  496.4000	             -989
  496.6000	            -1158
  496.8000	            -1169
  497.0000	            -1147
  497.2000	            -1089
  497.4000	            -1138
  497.6000	            -1172
  497.8000	            -1222
  498.0000	            -1174
  498.2000	            -1196
  498.4000	            -1122
  498.6000	            -1211
  498.8000	            -1193
  499.0000	            -1194
  499.2000	            -1199
  499.4000	            -1154
  499.6000	            -1172
  499.8000	            -1138
  500.0000	            -1154
