  200.0000	            -1209
  200.2000	            -1229
  200.4000	            -1242
  200.6000	            -1241
  200.8000	            -1239
  201.0000	            -1188
  201.2000	            -1223
  201.4000	            -1242
  201.6000	            -1245
  201.8000	            -1212
  202.0000	            -1233
  202.2000	            -1231
  202.4000	            -1241
  202.6000	            -1215
  202.8000	            -1215
  203.0000	            -1243
  203.2000	            -1211
  203.4000	            -1243
  203.6000	            -1228
  203.8000	            -1220
  204.0000	            -1248
  204.2000	            -1227
  204.4000	            -1201
  204.6000	            -1241
  204.8000	            -1246
  205.0000	            -1194
  205.2000	            -1221
  205.4000	            -1224
  205.6000	            -1207
  205.8000	            -1219
  206.0000	            -1218
  206.2000	            -1221
  206.4000	            -1243
  206.6000	            -1239
  206.8000	            -1218
  207.0000	            -1187
  207.2000	            -1229
  207.4000	            -1221
  207.6000	            -1224
  207.8000	            -1219
  208.0000	            -1220
  208.2000	            -1248
  208.4000	            -1221
  208.6000	            -1228
  208.8000	            -1233
  209.0000	            -1229
  209.2000	            -1187
  209.4000	            -1224
  209.6000	            -1239
  209.8000	            -1222
  210.0000	            -1240
  210.2000	            -1248
  210.4000	            -1239
  210.6000	            -1196
  210.8000	            -1229
  211.0000	            -1213
  211.2000	            -1241
  211.4000	            -1212
  211.6000	            -1209
  211.8000	            -1229
  212.0000	            -1245
  212.2000	            -1206
  212.4000	            -1232
  212.6000	            -1227
  212.8000	            -1239
  213.0000	            -1221
  213.2000	            -1212
  213.4000	            -1239
  213.6000	            -1241
  213.8000	            -1212
  214.0000	            -1211
  214.2000	            -1233
  214.4000	            -1242
  214.6000	            -1224
  214.8000	            -1226
  215.0000	            -1236
  215.2000	            -1199
  215.4000	            -1222
  215.6000	            -1212
  215.8000	            -1217
  216.0000	            -1209
  216.2000	            -1244
  216.4000	            -1228
  216.6000	            -1223
  216.8000	            -1212
  217.0000	            -1222
  217.2000	            -1212
  217.4000	            -1210
  217.6000	            -1233
  217.8000	            -1227
  218.0000	            -1233
  218.2000	            -1241
  218.4000	            -1223
  218.6000	            -1237
  218.8000	            -1264
  219.0000	            -1238
  219.2000	            -1233
  219.4000	            -1209
  219.6000	            -1224
  219.8000	            -1239
  220.0000	            -1239
  220.2000	            -1215
  220.4000	            -1240
  220.6000	            -1231
  220.8000	            -1258
  221.0000	            -1226
  221.2000	            -1222
  221.4000	            -1210
  221.6000	            -1201
  221.8000	            -1215
  222.0000	            -1223
  222.2000	            -1211
  222.4000	            -1223
  222.6000	            -1188
  222.8000	            -1241
  223.0000	            -1226
  223.2000	            -1235
  223.4000	            -1209
  223.6000	            -1203
  223.8000	            -1235
  224.0000	            -1221
  224.2000	            -1242
  224.4000	            -1236
  224.6000	            -1221
  224.8000	            -1217
  225.0000	            -1224
  225.2000	            -1219
  225.4000	            -1235
  225.6000	            -1224
  225.8000	            -1187
  226.0000	            -1187
  226.2000	            -1217
  226.4000	            -1224
  226.6000	            -1201
  226.8000	            -1222
  227.0000	            -1206
  227.2000	            -1231
  227.4000	            -1242
  227.6000	            -1217
  227.8000	            -1232
  228.0000	            -1209
  228.2000	            -1241
  228.4000	            -1206
  228.6000	            -1221
  228.8000	            -1226
  229.0000	            -1201
  229.2000	            -1228
  229.4000	            -1222
  229.6000	            -1235
  229.8000	            -1220
  230.0000	            -1239
  230.2000	            -1232
  230.4000	            -1212
  230.6000	            -1252
  230.8000	            -1199
  231.0000	            -1226
  231.2000	            -1231
  231.4000	            -1229
  231.6000	            -1224
  231.8000	            -1245
  232.0000	            -1217
  232.2000	            -1225
  232.4000	            -1221
  232.6000	            -1233
  232.8000	            -1222
  233.0000	            -1224
  233.2000	            -1239
  233.4000	            -1241
  233.6000	            -1203
  233.8000	            -1221
  234.0000	            -1237
  234.2000	            -1221
  234.4000	            -1195
  234.6000	            -1188
  234.8000	            -1225
  235.0000	            -1232
  235.2000	            -1187
  235.4000	            -1236
  235.6000	            -1196
  235.8000	            -1224
  236.0000	            -1187
  236.2000	            -1243
  236.4000	            -1233
  236.6000	            -1236
  236.8000	            -1215
  237.0000	            -1233
  237.2000	            -1222
  237.4000	            -1217
  237.6000	            -1222
  237.8000	            -1231
  238.0000	            -1226
  238.2000	            -1215
  238.4000	            -1202
  238.6000	            -1215
  238.8000	            -1245
  239.0000	            -1224
  239.2000	            -1224
  239.4000	            -1222
  239.6000	            -1241
  239.8000	            -1244
  240.0000	            -1165
  240.2000	            -1216
  240.4000	            -1222
  240.6000	            -1224
  240.8000	            -1240
  241.0000	            -1206
  241.2000	            -1233
  241.4000	            -1225
  241.6000	            -1214
  241.8000	            -1242
  242.0000	            -1184
  242.2000	            -1215
  242.4000	            -1229
  242.6000	            -1200
  242.8000	            -1243
  243.0000	            -1221
  243.2000	            -1237
  243.4000	            -1209
  243.6000	            -1242
  243.8000	            -1233
  244.0000	            -1242
  244.2000	            -1241
  244.4000	            -1209
  244.6000	            -1209
  244.8000	            -1221
  245.0000	            -1229
  245.2000	            -1256
  245.4000	            -1245
  245.6000	            -1248
  245.8000	            -1188
  246.0000	            -1212
  246.2000	            -1221
  246.4000	            -1248
  246.6000	            -1215
  246.8000	            -1248
  247.0000	            -1224
  247.2000	            -1235
  247.4000	            -1222
  247.6000	            -1235
  247.8000	            -1223
  248.0000	            -1224
  248.2000	            -1260
  248.4000	            -1188
  248.6000	            -1241
  248.8000	            -1211
  249.0000	            -1245
  249.2000	            -1235
  249.4000	            -1217
  249.6000	            -1249
  249.8000	            -1221
  250.0000	            -1204
  250.2000	            -1223
  250.4000	            -1223
  250.6000	            -1241
  250.8000	            -1243
  251.0000	            -1224
  251.2000	            -1228
  251.4000	            -1236
  251.6000	            -1228
  251.8000	            -1224
  252.0000	            -1224
  252.2000	            -1218
  252.4000	            -1239
  252.6000	            -1224
  252.8000	            -1209
  253.0000	            -1224
  253.2000	            -1224
  253.4000	            -1226
  253.6000	            -1236
  253.8000	            -1256
  254.0000	            -1221
  254.2000	            -1226
  254.4000	            -1245
  254.6000	            -1201
  254.8000	            -1245
  255.0000	            -1226
  255.2000	            -1224
  255.4000	            -1235
  255.6000	            -1248
  255.8000	            -1233
  256.0000	            -1229
  256.2000	            -1238
  256.4000	            -1215
  256.6000	            -1224
  256.8000	            -1239
  257.0000	            -1223
  257.2000	            -1242
  257.4000	            -1231
  257.6000	            -1246
  257.8000	            -1206
  258.0000	            -1224
  258.2000	            -1201
  258.4000	            -1212
  258.6000	            -1241
  258.8000	            -1221
  259.0000	            -1226
  259.2000	            -1206
  259.4000	            -1226
  259.6000	            -1218
  259.8000	            -1222
  260.0000	            -1187
  260.2000	            -1206
  260.4000	            -1217
  260.6000	            -1227
  260.8000	            -1161
  261.0000	            -1223
  261.2000	            -1108
  261.4000	            -1194
  261.6000	            -1229
  261.8000	            -1223
  262.0000	            -1243
  262.2000	            -1220
  262.4000	            -1221
  262.6000	            -1230
  262.8000	            -1230
  263.0000	            -1241
  263.2000	            -1228
  263.4000	            -1226
  263.6000	            -1235
  263.8000	            -1237
  264.0000	            -1242
  264.2000	            -1239
  264.4000	            -1215
  264.6000	            -1229
  264.8000	            -1221
  265.0000	            -1243
  265.2000	            -1242
  265.4000	            -1224
  265.6000	            -1226
  265.8000	            -1189
  266.0000	            -1223
  266.2000	            -1243
  266.4000	            -1241
  266.6000	            -1211
  266.8000	            -1224
  267.0000	            -1261
  267.2000	            -1244
  267.4000	            -1234
  267.6000	            -1233
  267.8000	            -1226
  268.0000	            -1218
  268.2000	            -1221
  268.4000	            -1218
  268.6000	            -1212
  268.8000	            -1224
  269.0000	            -1222
  269.2000	            -1233
  269.4000	            -1204
  269.6000	            -1228
  269.8000	            -1210
  270.0000	            -1236
  270.2000	            -1223
  270.4000	            -1204
  270.6000	            -1203
  270.8000	            -1227
  271.0000	            -1252
  271.2000	            -1200
  271.4000	            -1246
  271.6000	            -1211
  271.8000	            -1215
  272.0000	            -1241
  272.2000	            -1212
  272.4000	            -1188
  272.6000	            -1196
  272.8000	            -1233
  273.0000	            -1215
  273.2000	            -1257
  273.4000	            -1189
  273.6000	            -1209
  273.8000	            -1187
  274.0000	            -1234
  274.2000	            -1203
  274.4000	            -1199
  274.6000	            -1202
  274.8000	            -1198
  275.0000	            -1221
  275.2000	            -1209
  275.4000	            -1215
  275.6000	            -1224
  275.8000	            -1231
  276.0000	            -1223
  276.2000	            -1178
  276.4000	            -1218
  276.6000	            -1209
  276.8000	            -1191
  277.0000	            -1227
  277.2000	            -1182
  277.4000	            -1230
  277.6000	            -1226
  277.8000	            -1215
  278.0000	            -1199
  278.2000	            -1224
  278.4000	            -1222
  278.6000	            -1236
  278.8000	            -1221
  279.0000	            -1196
  279.2000	            -1187
  279.4000	            -1196
  279.6000	            -1226
  279.8000	            -1239
  280.0000	            -1252
  280.2000	            -1215
  280.4000	            -1212
  280.6000	            -1236
  280.8000	            -1223
  281.0000	            -1230
  281.2000	            -1241
  281.4000	            -1223
  281.6000	            -1233
  281.8000	            -1224
  282.0000	            -1221
  282.2000	            -1239
  282.4000	            -1224
  282.6000	            -1248
  282.8000	            -1243
  283.0000	            -1224
  283.2000	            -1237
  283.4000	            -1233
  283.6000	            -1212
  283.8000	            -1230
  284.0000	            -1233
  284.2000	            -1243
  284.4000	            -1218
  284.6000	            -1202
  284.8000	            -1214
  285.0000	            -1209
  285.2000	            -1230
  285.4000	            -1237
  285.6000	            -1227
  285.8000	            -1212
  286.0000	            -1222
  286.2000	            -1215
  286.4000	            -1227
  286.6000	            -1233
  286.8000	            -1248
  287.0000	            -1214
  287.2000	            -1236
  287.4000	            -1224
  287.6000	            -1209
  287.8000	            -1206
  288.0000	            -1231
  288.2000	            -1236
  288.4000	            -1199
  288.6000	            -1244
  288.8000	            -1232
  289.0000	            -1197
  289.2000	            -1236
  289.4000	            -1196
  289.6000	            -1221
  289.8000	            -1211
  290.0000	            -1231
  290.2000	            -1233
  290.4000	            -1249
  290.6000	            -1237
  290.8000	            -1207
  291.0000	            -1162
  291.2000	            -1220
  291.4000	            -1192
  291.6000	            -1187
  291.8000	            -1200
  292.0000	            -1203
  292.2000	            -1233
  292.4000	            -1164
  292.6000	            -1211
  292.8000	            -1223
  293.0000	            -1237
  293.2000	            -1212
  293.4000	            -1182
  293.6000	            -1164
  293.8000	            -1144
  294.0000	            -1066
  294.2000	            -1094
  294.4000	            -1044
  294.6000	            -1007
  294.8000	             -943
  295.0000	             -948
  295.2000	             -621
  295.4000	             -759
  295.6000	             -716
  295.8000	             -655
  296.0000	             -576
  296.2000	              796
  296.4000	             -958
  296.6000	             -931
  296.8000	             -670
  297.0000	             -417
  297.2000	             -277
  297.4000	             -370
  297.6000	             1941
  297.8000	             -926
  298.0000	            -1107
  298.2000	            -1109
  298.4000	            -1144
  298.6000	            -1182
  298.8000	            -1151
  299.0000	            -1116
  299.2000	            -1098
  299.4000	            -1071
  299.6000	            -1044
  299.8000	            -1090
  300.0000	            -1096
  300.2000	            -1141
  300.4000	            -1093
  300.6000	            -1033
  300.8000	            -1066
  301.0000	            -1179
  301.2000	            -1155
  301.4000	            -1192
  301.6000	            -1186
  301.8000	            -1168
  302.0000	            -1162
  302.2000	            -1162
  302.4000	            -1158
  302.6000	            -1094
  302.8000	            -1060
  303.0000	            -1048
  303.2000	            -1065
  303.4000	            -1021
  303.6000	            -1019
  303.8000	            -1041
  304.0000	             -984
  304.2000	             -957
  304.4000	             -887
  304.6000	            -1005
  304.8000	             -926
  305.0000	             -941
  305.2000	             -993
  305.4000	            -1046
  305.6000	            -1087
  305.8000	             -972
  306.0000	            -1097
  306.2000	            -1041
  306.4000	              861
  306.6000	              332
  306.8000	             1967
  307.0000	             1238
  307.2000	             1014
  307.4000	             -431
  307.6000	             -496
  307.8000	             1921
  308.0000	             4325
  308.2000	             6381
  308.4000	             2385
  308.6000	             3255
  308.8000	             1040
  309.0000	            11798
  309.2000	             5068
  309.4000	             2555
  309.6000	             6215
  309.8000	              929
  310.0000	             4638
  310.2000	             4515
  310.4000	             4191
  310.6000	             5530
  310.8000	             4910
  311.0000	             5458
  311.2000	             7589
  311.4000	             5595
  311.6000	            14553
  311.8000	             6258
  312.0000	             4906
  312.2000	             5032
  312.4000	             7808
  312.6000	            10703
  312.8000	            16650
  313.0000	            19595
  313.2000	            18867
  313.4000	            29253
  313.6000	            50753
  313.8000	             6722
  314.0000	             8605
  314.2000	             9952
  314.4000	            15309
  314.6000	            20842
  314.8000	            30797
  315.0000	            41814
  315.2000	            55740
  315.4000	            64705
  315.6000	            56950
  315.8000	           209086
  316.0000	            18392
  316.2000	             2683
  316.4000	                0
  316.6000	              260
  316.8000	             -278
  317.0000	              669
  317.2000	             -764
  317.4000	              108
  317.6000	             -825
  317.8000	               83
  318.0000	             -579
  318.2000	             -618
  318.4000	             -550
  318.6000	              123
  318.8000	             -647
  319.0000	             -753
  319.2000	             -218
  319.4000	             -650
  319.6000	             -833
  319.8000	             -549
  320.0000	             -297
  320.2000	             -365
  320.4000	             -229
  320.6000	             -584
  320.8000	             -423
  321.0000	              -57
  321.2000	             -589
  321.4000	             -194
  321.6000	             -785
  321.8000	             -583
  322.0000	             -666
  322.2000	             -639
  322.4000	             -777
  322.6000	             -754
  322.8000	             -902
  323.0000	             -677
  323.2000	             -904
  323.4000	             -788
  323.6000	             -921
  323.8000	             -796
  324.0000	             -493
  324.2000	             -577
  324.4000	             -248
  324.6000	             -711
  324.8000	             -617
  325.0000	             -457
  325.2000	              353
  325.4000	              345
  325.6000	              512
  325.8000	             2769
  326.0000	              631
  326.2000	             2071
  326.4000	             1052
  326.6000	             2496
  326.8000	             3318
  327.0000	              142
  327.2000	              842
  327.4000	              851
  327.6000	             1860
  327.8000	             3196
  328.0000	             2795
  328.2000	             2781
  328.4000	            11804
  328.6000	             1372
  328.8000	               83
  329.0000	              -68
  329.2000	             1279
  329.4000	             2240
  329.6000	             2437
  329.8000	             2080
  330.0000	             2083
  330.2000	             2619
  330.4000	             3957
  330.6000	             5944
  330.8000	            11054
  331.0000	             8816
  331.2000	             5274
  331.4000	             6038
  331.6000	             4814
  331.8000	             5374
  332.0000	             6368
  332.2000	             6082
  332.4000	             7864
  332.6000	            10818
  332.8000	            12166
  333.0000	            17396
  333.2000	            19092
  333.4000	            23811
  333.6000	            22575
  333.8000	            38170
  334.0000	            24422
  334.2000	            29476
  334.4000	            35199
  334.6000	            40971
  334.8000	            46407
  335.0000	            58503
  335.2000	            64056
  335.4000	            89228
  335.6000	           104902
  335.8000	           169472
  336.0000	           210104
  336.2000	           225817
  336.4000	           261652
  336.6000	           289652
  336.8000	           298959
  337.0000	           822993
  337.2000	           194964
  337.4000	             5786
  337.6000	             5831
  337.8000	             4639
  338.0000	             3349
  338.2000	             4851
  338.4000	             2881
  338.6000	             4080
  338.8000	             2736
  339.0000	              871
  339.2000	             1717
  339.4000	              356
  339.6000	              826
  339.8000	             -159
  340.0000	              114
  340.2000	              -32
  340.4000	             -473
  340.6000	              112
  340.8000	             -733
  341.0000	              169
  341.2000	             -868
  341.4000	             -211
  341.6000	             -457
  341.8000	             -743
  342.0000	             -147
  342.2000	             -843
  342.4000	             -190
  342.6000	             -701
  342.8000	             -492
  343.0000	             -455
  343.2000	             -577
  343.4000	             -414
  343.6000	             -459
  343.8000	             -451
  344.0000	             -102
  344.2000	             -263
  344.4000	             -286
  344.6000	             -351
  344.8000	             -433
  345.0000	             -476
  345.2000	             -399
  345.4000	             -475
  345.6000	             -104
  345.8000	             -325
  346.0000	             -234
  346.2000	              413
  346.4000	              290
  346.6000	              958
  346.8000	              222
  347.0000	               43
  347.2000	             1438
  347.4000	              947
  347.6000	             1605
  347.8000	             2215
  348.0000	              777
  348.2000	             1524
  348.4000	             3056
  348.6000	             2898
  348.8000	             5254
  349.0000	             8179
  349.2000	             8385
  349.4000	             8811
  349.6000	            11476
  349.8000	            10950
  350.0000	            26793
  350.2000	             6685
  350.4000	             8482
  350.6000	             6127
  350.8000	             5142
  351.0000	            10676
  351.2000	            14256
  351.4000	            14650
  351.6000	            13390
  351.8000	            16708
  352.0000	            22841
  352.2000	            31296
  352.4000	            38992
  352.6000	            46735
  352.8000	            54671
  353.0000	            60124
  353.2000	            66687
  353.4000	            72711
  353.6000	           234294
  353.8000	            19520
  354.0000	            15878
  354.2000	            17163
  354.4000	            22114
  354.6000	            27491
  354.8000	            31690
  355.0000	            32306
  355.2000	            36746
  355.4000	            46151
  355.6000	            55183
  355.8000	            66837
  356.0000	            88117
  356.2000	           106106
  356.4000	           130731
  356.6000	           159969
  356.8000	           195156
  357.0000	           228107
  357.2000	           257161
  357.4000	           265171
  357.6000	           849208
  357.8000	            86446
  358.0000	             3942
  358.2000	             3990
  358.4000	             1048
  358.6000	             -359
  358.8000	              143
  359.0000	             -625
  359.2000	             -640
  359.4000	             -736
  359.6000	             -733
  359.8000	             -743
  360.0000	             -744
  360.2000	             -724
  360.4000	             -747
  360.6000	             -690
  360.8000	             -687
  361.0000	             -653
  361.2000	             -594
  361.4000	             -901
  361.6000	             -627
  361.8000	             -683
  362.0000	             -691
  362.2000	             -563
  362.4000	             -649
  362.6000	             -631
  362.8000	             -385
  363.0000	             -334
  363.2000	             -279
  363.4000	              -77
  363.6000	              109
  363.8000	              292
  364.0000	              801
  364.2000	             1733
  364.4000	             -232
  364.6000	             -171
  364.8000	              172
  365.0000	              280
  365.2000	              525
  365.4000	              134
  365.6000	              775
  365.8000	             1347
  366.0000	             2198
  366.2000	             2781
  366.4000	             3026
  366.6000	             3525
  366.8000	             3325
  367.0000	             9038
  367.2000	             7072
  367.4000	              826
  367.6000	              346
  367.8000	             1772
  368.0000	             1864
  368.2000	             1492
  368.4000	             1913
  368.6000	             3948
  368.8000	             2187
  369.0000	             2355
  369.2000	             5152
  369.4000	             7726
  369.6000	             7543
  369.8000	            10430
  370.0000	            14663
  370.2000	            16906
  370.4000	            19796
  370.6000	            14642
  370.8000	            27418
  371.0000	            64711
  371.2000	             3779
  371.4000	             6898
  371.6000	             4565
  371.8000	             7585
  372.0000	             6875
  372.2000	             5673
  372.4000	             9866
  372.6000	             8177
  372.8000	             8825
  373.0000	            15976
  373.2000	            13085
  373.4000	            15116
  373.6000	            21840
  373.8000	            23863
  374.0000	            27945
  374.2000	            37055
  374.4000	            45772
  374.6000	            48944
  374.8000	            55666
  375.0000	            66117
  375.2000	            72171
  375.4000	           204933
  375.6000	            27748
  375.8000	             4163
  376.0000	             7678
  376.2000	            11843
  376.4000	            11336
  376.6000	            11863
  376.8000	             9773
  377.0000	            10412
  377.2000	            10568
  377.4000	            12633
  377.6000	            15357
  377.8000	            20304
  378.0000	            24099
  378.2000	            29478
  378.4000	            32656
  378.6000	            38084
  378.8000	            45872
  379.0000	            56574
  379.2000	            67314
  379.4000	            81958
  379.6000	            98316
  379.8000	           107932
  380.0000	           119131
  380.2000	           143131
  380.4000	           464034
  380.6000	             4131
  380.8000	              910
  381.0000	             -422
  381.2000	              -45
  381.4000	             -797
  381.6000	             -541
  381.8000	             -751
  382.0000	             -545
  382.2000	             -841
  382.4000	             -658
  382.6000	             -387
  382.8000	             -659
  383.0000	             -545
  383.2000	             -541
  383.4000	             -534
  383.6000	             -549
  383.8000	             -404
  384.0000	             -151
  384.2000	             -189
  384.4000	               10
  384.6000	              215
  384.8000	              525
  385.0000	             1246
  385.2000	              685
  385.4000	             1249
  385.6000	             3577
  385.8000	              646
  386.0000	              -56
  386.2000	             -243
  386.4000	              223
  386.6000	              192
  386.8000	              799
  387.0000	              881
  387.2000	              268
  387.4000	             1084
  387.6000	             1055
  387.8000	             1620
  388.0000	             2594
  388.2000	             3597
  388.4000	             5740
  388.6000	             3988
  388.8000	             4917
  389.0000	             5560
  389.2000	             8253
  389.4000	            15218
  389.6000	             3760
  389.8000	             4251
  390.0000	             4031
  390.2000	             4234
  390.4000	             4914
  390.6000	             5186
  390.8000	             5139
  391.0000	             2818
  391.2000	            12039
  391.4000	            36612
  391.6000	             1845
  391.8000	              817
  392.0000	             1558
  392.2000	             3644
  392.4000	             3683
  392.6000	             5630
  392.8000	             6815
  393.0000	             7915
  393.2000	            10262
  393.4000	            10915
  393.6000	            10109
  393.8000	            13595
  394.0000	            19866
  394.2000	            44149
  394.4000	             1194
  394.6000	             2918
  394.8000	              273
  395.0000	              536
  395.2000	             1144
  395.4000	             2900
  395.6000	             1228
  395.8000	             1204
  396.0000	              570
  396.2000	             2678
  396.4000	             3101
  396.6000	             4315
  396.8000	             4665
  397.0000	             5305
  397.2000	             6081
  397.4000	             6497
  397.6000	             7769
  397.8000	             8448
  398.0000	            12180
  398.2000	            12687
  398.4000	            15019
  398.6000	            18861
  398.8000	            19497
  399.0000	            24302
  399.2000	            27050
  399.4000	            29393
  399.6000	            56332
  399.8000	            67582
  400.0000	              545
  400.2000	             2272
  400.4000	             -180
  400.6000	              217
  400.8000	             2569
  401.0000	             1387
  401.2000	             -415
  401.4000	             1668
  401.6000	             3536
  401.8000	             2550
  402.0000	              780
  402.2000	             1025
  402.4000	             2756
  402.6000	             4851
  402.8000	             6137
  403.0000	             6752
  403.2000	             7490
  403.4000	             8148
  403.6000	             9276
  403.8000	            10434
  404.0000	            12325
  404.2000	            15157
  404.4000	            18154
  404.6000	            20449
  404.8000	            23322
  405.0000	            26054
  405.2000	            29325
  405.4000	            33855
  405.6000	            38611
  405.8000	           109073
  406.0000	            15148
  406.2000	             -289
  406.4000	             -456
  406.6000	             -717
  406.8000	             -675
  407.0000	             -665
  407.2000	             1148
  407.4000	             -586
  407.6000	             -470
  407.8000	             -255
  408.0000	              233
  408.2000	             -132
  408.4000	              -65
  408.6000	              189
  408.8000	              156
  409.0000	              363
  409.2000	             1836
  409.4000	             1578
  409.6000	             -767
  409.8000	             -694
  410.0000	             -537
  410.2000	             -753
  410.4000	              216
  410.6000	             -636
  410.8000	             -499
  411.0000	             -426
  411.2000	             -470
  411.4000	             -420
  411.6000	             -525
  411.8000	             -326
  412.0000	             -324
  412.2000	              394
  412.4000	              542
  412.6000	             1163
  412.8000	             1156
  413.0000	             1897
  413.2000	             3958
  413.4000	             1894
  413.6000	             2253
  413.8000	             2767
  414.0000	            10002
  414.2000	             3205
  414.4000	             -692
  414.6000	             -462
  414.8000	             -511
  415.0000	             -886
  415.2000	             -287
  415.4000	             -270
  415.6000	             -671
  415.8000	              759
  416.0000	              -71
  416.2000	              -59
  416.4000	             -471
  416.6000	              133
  416.8000	              213
  417.0000	              548
  417.2000	              554
  417.4000	              426
  417.6000	              947
  417.8000	             1739
  418.0000	             1830
  418.2000	             3058
  418.4000	             2781
  418.6000	             4012
  418.8000	             3817
  419.0000	             5660
  419.2000	             5296
  419.4000	             5884
  419.6000	             6725
  419.8000	            11111
  420.0000	            25398
  420.2000	             2150
  420.4000	              412
  420.6000	             -637
  420.8000	               17
  421.0000	             -210
  421.2000	             -508
  421.4000	              419
  421.6000	             -106
  421.8000	              108
  422.0000	              648
  422.2000	              361
  422.4000	               96
  422.6000	             1035
  422.8000	             1440
  423.0000	              110
  423.2000	              764
  423.4000	             1909
  423.6000	             4205
  423.8000	             1348
  424.0000	             1393
  424.2000	             1509
  424.4000	             2321
  424.6000	             2738
  424.8000	             3756
  425.0000	             4588
  425.2000	             5735
  425.4000	             6323
  425.6000	             7306
  425.8000	             8538
  426.0000	            10085
  426.2000	            11822
  426.4000	            12508
  426.6000	            15203
  426.8000	            38694
  427.0000	             5540
  427.2000	             1859
  427.4000	               94
  427.6000	             4293
  427.8000	            12519
  428.0000	             -384
  428.2000	             -582
  428.4000	             -715
  428.6000	             -139
  428.8000	            -1024
  429.0000	              -91
  429.2000	             -304
  429.4000	             -791
  429.6000	              331
  429.8000	             -169
  430.0000	              234
  430.2000	              507
  430.4000	              498
  430.6000	             -307
  430.8000	              289
  431.0000	             1084
  431.2000	             1410
  431.4000	             1058
  431.6000	             1086
  431.8000	             1359
  432.0000	             1842
  432.2000	             2534
  432.4000	             3087
  432.6000	             3842
  432.8000	             4431
  433.0000	             5160
  433.2000	             6047
  433.4000	             7291
  433.6000	             7553
  433.8000	             8676
  434.0000	             9503
  434.2000	            17732
  434.4000	            21469
  434.6000	             -290
  434.8000	             1037
  435.0000	             -249
  435.2000	              -66
  435.4000	              733
  435.6000	              300
  435.8000	             -958
  436.0000	             -998
  436.2000	             -867
  436.4000	             -938
  436.6000	             -913
  436.8000	             -764
  437.0000	              100
  437.2000	             -802
  437.4000	             -869
  437.6000	             -310
  437.8000	             -864
  438.0000	             -195
  438.2000	             -706
  438.4000	             -680
  438.6000	             -834
  438.8000	             -840
  439.0000	             -759
  439.2000	             -639
  439.4000	             -434
  439.6000	             -381
  439.8000	             -347
  440.0000	              311
  440.2000	               93
  440.4000	              245
  440.6000	              -60
  440.8000	              369
  441.0000	              473
  441.2000	              961
  441.4000	             3691
  441.6000	              778
  441.8000	            -1066
  442.0000	             -886
  442.2000	            -1026
  442.4000	             -943
  442.6000	              131
  442.8000	            -1003
  443.0000	             -180
  443.2000	             -984
  443.4000	             -421
  443.6000	             -874
  443.8000	             -652
  444.0000	             -462
  444.2000	             -896
  444.4000	             -552
  444.6000	             -673
  444.8000	             -303
  445.0000	             -358
  445.2000	             -504
  445.4000	             -554
  445.6000	             -762
  445.8000	             -477
  446.0000	             -315
  446.2000	             -304
  446.4000	              -81
  446.6000	              162
  446.8000	              134
  447.0000	              369
  447.2000	              487
  447.4000	             1302
  447.6000	              601
  447.8000	              908
  448.0000	             1054
  448.2000	             2306
  448.4000	             1848
  448.6000	             2281
  448.8000	             7281
  449.0000	             1303
  449.2000	             -798
  449.4000	            -1026
  449.6000	             -742
  449.8000	             -972
  450.0000	             -820
  450.2000	             -828
  450.4000	             -788
  450.6000	            -1073
  450.8000	             -724
  451.0000	             -294
  451.2000	             -806
  451.4000	             -795
  451.6000	             -891
  451.8000	             -671
  452.0000	            -1033
  452.2000	             -475
  452.4000	             -871
  452.6000	             -774
  452.8000	             -553
  453.0000	             -784
  453.2000	             -461
  453.4000	             -587
  453.6000	             -621
  453.8000	             -446
  454.0000	             -258
  454.2000	             -385
  454.4000	             1518
  454.6000	              137
  454.8000	             -124
  455.0000	              -69
  455.2000	              331
  455.4000	              620
  455.6000	              703
  455.8000	              664
  456.0000	              923
  456.2000	             1409
  456.4000	             1808
  456.6000	             1882
  456.8000	             2172
  457.0000	             2717
  457.2000	             7399
  457.4000	             3185
  457.6000	             -868
  457.8000	             -880
  458.0000	              100
  458.2000	            -1071
  458.4000	             -845
  458.6000	            -1057
  458.8000	             -936
  459.0000	              542
  459.2000	             -977
  459.4000	            -1028
  459.6000	             -850
  459.8000	             -671
  460.0000	             -684
  460.2000	            -1001
  460.4000	             -960
  460.6000	            -1002
  460.8000	             -843
  461.0000	              946
  461.2000	             -630
  461.4000	             -984
  461.6000	             -720
  461.8000	             -907
  462.0000	             -792
  462.2000	             -570
  462.4000	             -888
  462.6000	             -453
  462.8000	             -427
  463.0000	             -616
  463.2000	             -390
  463.4000	             -243
  463.6000	             -293
  463.8000	             -122
  464.0000	             -141
  464.2000	              -15
  464.4000	              134
  464.6000	              566
  464.8000	              591
  465.0000	              507
  465.2000	              691
  465.4000	              269
  465.6000	              567
  465.8000	             2773
  466.0000	              793
  466.2000	             1096
  466.4000	             2103
  466.6000	             4918
  466.8000	             -916
  467.0000	            -1087
  467.2000	            -1055
  467.4000	            -1023
  467.6000	            -1023
  467.8000	             -904
  468.0000	             -987
  468.2000	             -852
  468.4000	             -947
  468.6000	             -856
  468.8000	             -992
  469.0000	             -762
  469.2000	             -807
  469.4000	             -667
  469.6000	             -764
  469.8000	             -868
  470.0000	             -647
  470.2000	             -453
  470.4000	             -688
  470.6000	             -437
  470.8000	              314
  471.0000	             -241
  471.2000	             -832
  471.4000	             -707
  471.6000	             -562
  471.8000	             -522
  472.0000	             -190
  472.2000	              112
  472.4000	             -916
  472.6000	             -496
  472.8000	            -1026
  473.0000	            -1071
  473.2000	             -704
  473.4000	            -1090
  473.6000	             -364
  473.8000	            -1027
  474.0000	             -933
  474.2000	             -984
  474.4000	             -832
  474.6000	             -960
  474.8000	             -829
  475.0000	             -954
  475.2000	             -916
  475.4000	            -1001
  475.6000	             -843
  475.8000	            -1005
  476.0000	             -941
  476.2000	             -987
  476.4000	             1574
  476.6000	             -744
  476.8000	             -966
  477.0000	             -974
  477.2000	             -983
  477.4000	            -1014
  477.6000	            -1034
  477.8000	             -967
  478.0000	             -877
  478.2000	             -936
  478.4000	             -829
  478.6000	             -801
  478.8000	             -914
  479.0000	             -822
  479.2000	             -609
  479.4000	             -633
  479.6000	             -647
  479.8000	             -542
  480.0000	             -683
  480.2000	             -693
  480.4000	             -566
  480.6000	              344
  480.8000	             -233
  481.0000	             -190
  481.2000	              731
  481.4000	              174
  481.6000	            -1092
  481.8000	            -1071
  482.0000	            -1044
  482.2000	            -1103
  482.4000	            -1065
  482.6000	            -1111
  482.8000	            -1133
  483.0000	            -1063
  483.2000	            -1068
  483.4000	            -1004
  483.6000	            -1085
  483.8000	            -1027
  484.0000	            -1072
  484.2000	            -1097
  484.4000	             -978
  484.6000	            -1121
  484.8000	             -523
  485.0000	            -1081
  485.2000	             -984
  485.4000	            -1040
  485.6000	            -1011
  485.8000	            -1077
  486.0000	             -916
  486.2000	            -1042
  486.4000	             -925
  486.6000	            -1007
  486.8000	             -896
  487.0000	            -1040
  487.2000	             -853
  487.4000	             -920
  487.6000	             -917
  487.8000	             -840
  488.0000	              584
  488.2000	             -783
  488.4000	             -858
  488.6000	             -764
  488.8000	             -400
  489.0000	             -870
  489.2000	             -726
  489.4000	             -699
  489.6000	             -666
  489.8000	             -786
  490.0000	             -706
  490.2000	             -615
  490.4000	             -460
  490.6000	             -426
  490.8000	             -376
  491.0000	             -347
  491.2000	             -295
  491.4000	             -197
  491.6000	              899
  491.8000	             -114
  492.0000	             -872
  492.2000	            -1070
  492.4000	            -1099
  492.6000	            -1035
  492.8000	            -1007
  493.0000	            -1088
  493.2000	             -984
  493.4000	            -1034
  493.6000	            -1085
  493.8000	            -1050
  494.0000	            -1075
  494.2000	            -1034
  494.4000	            -1021
  494.6000	            -1053
  494.8000	            -1062
  495.0000	            -1057
  495.2000	            -1101
  495.4000	             -977
  495.6000	            -1010
  495.8000	             -861
  496.0000	            -1021
  496.2000	             -999
  496.4000	             -457
  496.6000	             -969
  496.8000	             -975
  497.0000	            -1016
  497.2000	             -777
  497.4000	             -913
  497.6000	             -947
  497.8000	            -1118
  498.0000	            -1060
  498.2000	            -1086
  498.4000	            -1054
  498.6000	            -1065
  498.8000	            -1034
  499.0000	            -1034
  499.2000	            -1018
  499.4000	            -1020
  499.6000	            -1021
  499.8000	             -984
  500.0000	             -977
