  200.0000	            -1190
  200.2000	            -1170
  200.4000	            -1143
  200.6000	            -1203
  200.8000	            -1181
  201.0000	            -1177
  201.2000	            -1182
  201.4000	            -1196
  201.6000	            -1168
  201.8000	            -1174
  202.0000	            -1186
  202.2000	            -1186
  202.4000	            -1142
  202.6000	            -1156
  202.8000	            -1155
  203.0000	            -1170
  203.2000	            -1146
  203.4000	            -1164
  203.6000	            -1153
  203.8000	            -1188
  204.0000	            -1111
  204.2000	            -1187
  204.4000	            -1180
  204.6000	            -1150
  204.8000	            -1200
  205.0000	            -1179
  205.2000	            -1136
  205.4000	            -1163
  205.6000	            -1181
  205.8000	            -1168
  206.0000	            -1174
  206.2000	            -1151
  206.4000	            -1155
  206.6000	            -1174
  206.8000	            -1183
  207.0000	            -1187
  207.2000	            -1179
  207.4000	            -1168
  207.6000	            -1137
  207.8000	            -1188
  208.0000	            -1136
  208.2000	            -1167
  208.4000	            -1157
  208.6000	            -1091
  208.8000	            -1174
  209.0000	            -1175
  209.2000	            -1119
  209.4000	            -1144
  209.6000	            -1181
  209.8000	            -1195
  210.0000	            -1170
  210.2000	            -1181
  210.4000	            -1174
  210.6000	            -1190
  210.8000	            -1177
  211.0000	            -1171
  211.2000	            -1146
  211.4000	            -1196
  211.6000	            -1172
  211.8000	            -1172
  212.0000	            -1164
  212.2000	            -1204
  212.4000	            -1140
  212.6000	            -1156
  212.8000	            -1187
  213.0000	            -1146
  213.2000	            -1203
  213.4000	            -1174
  213.6000	            -1168
  213.8000	            -1163
  214.0000	            -1155
  214.2000	            -1121
  214.4000	            -1140
  214.6000	            -1168
  214.8000	            -1188
  215.0000	            -1140
  215.2000	            -1174
  215.4000	            -1196
  215.6000	            -1168
  215.8000	            -1172
  216.0000	            -1190
  216.2000	            -1186
  216.4000	            -1173
  216.6000	            -1140
  216.8000	            -1189
  217.0000	            -1192
  217.2000	            -1155
  217.4000	            -1169
  217.6000	            -1187
  217.8000	            -1164
  218.0000	            -1179
  218.2000	            -1168
  218.4000	            -1146
  218.6000	            -1155
  218.8000	            -1146
  219.0000	            -1179
  219.2000	            -1140
  219.4000	            -1170
  219.6000	            -1157
  219.8000	            -1179
  220.0000	            -1146
  220.2000	            -1177
  220.4000	            -1160
  220.6000	            -1182
  220.8000	            -1192
  221.0000	            -1196
  221.2000	            -1147
  221.4000	            -1155
  221.6000	            -1141
  221.8000	            -1183
  222.0000	            -1157
  222.2000	            -1172
  222.4000	            -1164
  222.6000	            -1182
  222.8000	            -1159
  223.0000	            -1141
  223.2000	            -1177
  223.4000	            -1155
  223.6000	            -1188
  223.8000	            -1168
  224.0000	            -1172
  224.2000	            -1174
  224.4000	            -1133
  224.6000	            -1129
  224.8000	            -1187
  225.0000	            -1150
  225.2000	            -1151
  225.4000	            -1174
  225.6000	            -1182
  225.8000	            -1141
  226.0000	            -1157
  226.2000	            -1186
  226.4000	            -1156
  226.6000	            -1189
  226.8000	            -1169
  227.0000	            -1182
  227.2000	            -1164
  227.4000	            -1174
  227.6000	            -1149
  227.8000	            -1162
  228.0000	            -1173
  228.2000	            -1170
  228.4000	            -1128
  228.6000	            -1123
  228.8000	            -1171
  229.0000	            -1140
  229.2000	            -1196
  229.4000	            -1155
  229.6000	            -1177
  229.8000	            -1129
  230.0000	            -1174
  230.2000	            -1188
  230.4000	            -1174
  230.6000	            -1131
  230.8000	            -1174
  231.0000	            -1172
  231.2000	            -1159
  231.4000	            -1144
  231.6000	            -1140
  231.8000	            -1174
  232.0000	            -1168
  232.2000	            -1164
  232.4000	            -1177
  232.6000	            -1179
  232.8000	            -1168
  233.0000	            -1153
  233.2000	            -1129
  233.4000	            -1192
  233.6000	            -1174
  233.8000	            -1169
  234.0000	            -1185
  234.2000	            -1172
  234.4000	            -1142
  234.6000	            -1168
  234.8000	            -1139
  235.0000	            -1188
  235.2000	            -1172
  235.4000	            -1140
  235.6000	            -1140
  235.8000	            -1174
  236.0000	            -1174
  236.2000	            -1120
  236.4000	            -1165
  236.6000	            -1179
  236.8000	            -1168
  237.0000	            -1171
  237.2000	            -1140
  237.4000	            -1179
  237.6000	            -1193
  237.8000	            -1140
  238.0000	            -1174
  238.2000	            -1174
  238.4000	            -1156
  238.6000	            -1171
  238.8000	            -1140
  239.0000	            -1151
  239.2000	            -1172
  239.4000	            -1157
  239.6000	            -1136
  239.8000	            -1155
  240.0000	            -1172
  240.2000	            -1119
  240.4000	            -1168
  240.6000	            -1140
  240.8000	            -1174
  241.0000	            -1181
  241.2000	            -1169
  241.4000	            -1169
  241.6000	            -1119
  241.8000	            -1172
  242.0000	            -1163
  242.2000	            -1168
  242.4000	            -1155
  242.6000	            -1146
  242.8000	            -1119
  243.0000	            -1111
  243.2000	            -1181
  243.4000	            -1125
  243.6000	            -1161
  243.8000	            -1155
  244.0000	            -1145
  244.2000	            -1109
  244.4000	            -1145
  244.6000	            -1131
  244.8000	            -1065
  245.0000	            -1155
  245.2000	            -1167
  245.4000	            -1175
  245.6000	            -1180
  245.8000	            -1174
  246.0000	            -1133
  246.2000	            -1119
  246.4000	            -1188
  246.6000	            -1161
  246.8000	            -1144
  247.0000	            -1119
  247.2000	            -1169
  247.4000	            -1157
  247.6000	            -1172
  247.8000	            -1139
  248.0000	            -1140
  248.2000	            -1187
  248.4000	            -1164
  248.6000	            -1169
  248.8000	            -1178
  249.0000	            -1121
  249.2000	            -1187
  249.4000	            -1168
  249.6000	            -1125
  249.8000	            -1146
  250.0000	            -1150
  250.2000	            -1141
  250.4000	            -1176
  250.6000	            -1155
  250.8000	            -1140
  251.0000	            -1187
  251.2000	            -1157
  251.4000	            -1173
  251.6000	            -1172
  251.8000	            -1123
  252.0000	            -1125
  252.2000	            -1131
  252.4000	            -1180
  252.6000	            -1168
  252.8000	            -1167
  253.0000	            -1121
  253.2000	            -1138
  253.4000	            -1179
  253.6000	            -1157
  253.8000	            -1140
  254.0000	            -1116
  254.2000	            -1146
  254.4000	            -1153
  254.6000	            -1120
  254.8000	            -1177
  255.0000	            -1134
  255.2000	            -1182
  255.4000	            -1164
  255.6000	            -1168
  255.8000	            -1164
  256.0000	            -1174
  256.2000	            -1161
  256.4000	            -1172
  256.6000	            -1171
  256.8000	            -1140
  257.0000	            -1154
  257.2000	            -1119
  257.4000	            -1147
  257.6000	            -1133
  257.8000	            -1108
  258.0000	            -1141
  258.2000	            -1153
  258.4000	            -1174
  258.6000	            -1155
  258.8000	            -1140
  259.0000	            -1105
  259.2000	            -1158
  259.4000	            -1117
  259.6000	            -1128
  259.8000	            -1115
  260.0000	            -1115
  260.2000	            -1090
  260.4000	            -1062
  260.6000	            -1069
  260.8000	            -1080
  261.0000	            -1034
  261.2000	             -851
  261.4000	            -1112
  261.6000	            -1168
  261.8000	            -1173
  262.0000	            -1146
  262.2000	            -1174
  262.4000	            -1141
  262.6000	            -1130
  262.8000	            -1174
  263.0000	            -1163
  263.2000	            -1183
  263.4000	            -1144
  263.6000	            -1168
  263.8000	            -1188
  264.0000	            -1128
  264.2000	            -1172
  264.4000	            -1125
  264.6000	            -1124
  264.8000	            -1192
  265.0000	            -1157
  265.2000	            -1171
  265.4000	            -1119
  265.6000	            -1149
  265.8000	            -1158
  266.0000	            -1153
  266.2000	            -1178
  266.4000	            -1158
  266.6000	            -1140
  266.8000	            -1124
  267.0000	            -1107
  267.2000	            -1130
  267.4000	            -1171
  267.6000	            -1156
  267.8000	            -1176
  268.0000	            -1145
  268.2000	            -1129
  268.4000	            -1140
  268.6000	            -1154
  268.8000	            -1181
  269.0000	            -1125
  269.2000	            -1172
  269.4000	            -1165
  269.6000	            -1160
  269.8000	            -1149
  270.0000	            -1140
  270.2000	            -1168
  270.4000	            -1145
  270.6000	            -1174
  270.8000	            -1153
  271.0000	            -1180
  271.2000	            -1120
  271.4000	            -1168
  271.6000	            -1122
  271.8000	            -1171
  272.0000	            -1183
  272.2000	            -1117
  272.4000	            -1130
  272.6000	            -1158
  272.8000	            -1122
  273.0000	            -1159
  273.2000	            -1155
  273.4000	            -1116
  273.6000	            -1119
  273.8000	            -1088
  274.0000	            -1092
  274.2000	            -1162
  274.4000	            -1111
  274.6000	            -1178
  274.8000	            -1155
  275.0000	            -1134
  275.2000	            -1119
  275.4000	            -1113
  275.6000	            -1114
  275.8000	            -1116
  276.0000	            -1119
  276.2000	            -1088
  276.4000	            -1083
  276.6000	            -1076
  276.8000	            -1077
  277.0000	            -1040
  277.2000	            -1031
  277.4000	            -1158
  277.6000	            -1162
  277.8000	            -1128
  278.0000	            -1144
  278.2000	            -1187
  278.4000	            -1133
  278.6000	            -1171
  278.8000	            -1129
  279.0000	            -1141
  279.2000	            -1123
  279.4000	            -1161
  279.6000	            -1162
  279.8000	            -1120
  280.0000	            -1144
  280.2000	            -1154
  280.4000	            -1164
  280.6000	            -1174
  280.8000	            -1147
  281.0000	            -1164
  281.2000	            -1140
  281.4000	            -1144
  281.6000	            -1154
  281.8000	            -1157
  282.0000	            -1122
  282.2000	            -1107
  282.4000	            -1173
  282.6000	            -1167
  282.8000	            -1145
  283.0000	            -1109
  283.2000	            -1167
  283.4000	            -1150
  283.6000	            -1146
  283.8000	            -1143
  284.0000	            -1108
  284.2000	            -1090
  284.4000	            -1113
  284.6000	            -1112
  284.8000	            -1107
  285.0000	            -1120
  285.2000	            -1190
  285.4000	            -1101
  285.6000	            -1121
  285.8000	            -1138
  286.0000	            -1118
  286.2000	            -1166
  286.4000	            -1146
  286.6000	            -1091
  286.8000	            -1178
  287.0000	            -1169
  287.2000	            -1145
  287.4000	            -1102
  287.6000	            -1145
  287.8000	            -1122
  288.0000	            -1093
  288.2000	            -1118
  288.4000	            -1095
  288.6000	            -1106
  288.8000	            -1090
  289.0000	            -1101
  289.2000	            -1130
  289.4000	            -1080
  289.6000	            -1090
  289.8000	            -1060
  290.0000	            -1090
  290.2000	            -1099
  290.4000	            -1054
  290.6000	            -1057
  290.8000	            -1059
  291.0000	            -1019
  291.2000	            -1046
  291.4000	            -1104
  291.6000	            -1101
  291.8000	            -1071
  292.0000	            -1069
  292.2000	            -1058
  292.4000	            -1024
  292.6000	            -1044
  292.8000	             -993
  293.0000	             -954
  293.2000	             -917
  293.4000	             -864
  293.6000	             -754
  293.8000	             -584
  294.0000	             -359
  294.2000	             -235
  294.4000	             -133
  294.6000	              203
  294.8000	              542
  295.0000	              175
  295.2000	             2359
  295.4000	             1271
  295.6000	             1168
  295.8000	             1447
  296.0000	             2262
  296.2000	             7281
  296.4000	              154
  296.6000	              313
  296.8000	             1329
  297.0000	             2144
  297.2000	             2690
  297.4000	             2597
  297.6000	            12714
  297.8000	             -219
  298.0000	             -713
  298.2000	             -586
  298.4000	             -721
  298.6000	             -720
  298.8000	             -636
  299.0000	             -577
  299.2000	             -428
  299.4000	             -236
  299.6000	              -91
  299.8000	             -473
  300.0000	             -594
  300.2000	             -471
  300.4000	             -432
  300.6000	             -261
  300.8000	             -473
  301.0000	             -915
  301.2000	             -931
  301.4000	             -843
  301.6000	             -864
  301.8000	             -857
  302.0000	             -671
  302.2000	             -711
  302.4000	             -647
  302.6000	             -477
  302.8000	             -566
  303.0000	             -488
  303.2000	             -465
  303.4000	             -371
  303.6000	             -304
  303.8000	             -255
  304.0000	             -170
  304.2000	             -180
  304.4000	              203
  304.6000	             -278
  304.8000	              129
  305.0000	              -17
  305.2000	             -164
  305.4000	             -274
  305.6000	             -345
  305.8000	              -40
  306.0000	             -339
  306.2000	             -189
  306.4000	             7872
  306.6000	             5804
  306.8000	            11292
  307.0000	             9021
  307.2000	             7702
  307.4000	             3177
  307.6000	             1688
  307.8000	            10586
  308.0000	            17468
  308.2000	            21968
  308.4000	            12028
  308.6000	            15418
  308.8000	             9473
  309.0000	            51069
  309.2000	            26353
  309.4000	            16197
  309.6000	            30122
  309.8000	            11153
  310.0000	            20439
  310.2000	            25155
  310.4000	            20688
  310.6000	            29668
  310.8000	            26106
  311.0000	            27846
  311.2000	            43948
  311.4000	            34278
  311.6000	            74890
  311.8000	            34953
  312.0000	            30418
  312.2000	            32186
  312.4000	            47492
  312.6000	            56165
  312.8000	            80532
  313.0000	            91935
  313.2000	            86804
  313.4000	           147977
  313.6000	           181112
  313.8000	            46430
  314.0000	            56769
  314.2000	            66898
  314.4000	            89740
  314.6000	           111167
  314.8000	           145381
  315.0000	           179273
  315.2000	           211667
  315.4000	           241171
  315.6000	           246078
  315.8000	           848144
  316.0000	            43349
  316.2000	            11234
  316.4000	             4125
  316.6000	             3917
  316.8000	             2608
  317.0000	             4159
  317.2000	              764
  317.4000	             3739
  317.6000	              392
  317.8000	             2715
  318.0000	             1445
  318.2000	             1573
  318.4000	             1008
  318.6000	             3524
  318.8000	             1113
  319.0000	              364
  319.2000	             2262
  319.4000	             1288
  319.6000	              278
  319.8000	             1493
  320.0000	             2489
  320.2000	             2084
  320.4000	             2240
  320.6000	             1363
  320.8000	             1997
  321.0000	             3364
  321.2000	             1756
  321.4000	             2481
  321.6000	              920
  321.8000	             1445
  322.0000	             1527
  322.2000	             1357
  322.4000	              660
  322.6000	             1340
  322.8000	              655
  323.0000	             1381
  323.2000	              575
  323.4000	              988
  323.6000	              273
  323.8000	             1259
  324.0000	             3514
  324.2000	             1567
  324.4000	             3238
  324.6000	             2459
  324.8000	             3115
  325.0000	             3151
  325.2000	             6454
  325.4000	             6376
  325.6000	             7397
  325.8000	            13750
  326.0000	             9218
  326.2000	            13029
  326.4000	            12320
  326.6000	            22474
  326.8000	            18703
  327.0000	             6885
  327.2000	            10445
  327.4000	            10730
  327.6000	            14750
  327.8000	            21338
  328.0000	            18188
  328.2000	            17742
  328.4000	            58380
  328.6000	            12483
  328.8000	             7492
  329.0000	             5519
  329.2000	            11180
  329.4000	            15443
  329.6000	            19966
  329.8000	            18015
  330.0000	            16162
  330.2000	            15745
  330.4000	            20071
  330.6000	            29780
  330.8000	            54477
  331.0000	            42320
  331.2000	            32138
  331.4000	            37307
  331.6000	            34241
  331.8000	            36040
  332.0000	            43570
  332.2000	            42839
  332.4000	            51671
  332.6000	            68484
  332.8000	            72332
  333.0000	            98496
  333.2000	           101171
  333.4000	           119545
  333.6000	           117201
  333.8000	           169283
  334.0000	           142802
  334.2000	           167061
  334.4000	           183888
  334.6000	           215520
  334.8000	           247360
  335.0000	           294257
  335.2000	           341183
  335.4000	           424449
  335.6000	           494322
  335.8000	           702183
  336.0000	           877267
  336.2000	           827561
  336.4000	           924454
  336.6000	          1018521
  336.8000	          1048575
  337.0000	          1048575
  337.2000	           390940
  337.4000	            16647
  337.6000	            20404
  337.8000	            18359
  338.0000	            14952
  338.2000	            19298
  338.4000	            16157
  338.6000	            17972
  338.8000	            17240
  339.0000	             7248
  339.2000	            14363
  339.4000	             5902
  339.6000	             9343
  339.8000	             5000
  340.0000	             4845
  340.2000	             5848
  340.4000	             1939
  340.6000	             6435
  340.8000	             1683
  341.0000	             5105
  341.2000	             1037
  341.4000	             2965
  341.6000	             3008
  341.8000	             1098
  342.0000	             3961
  342.2000	              701
  342.4000	             3209
  342.6000	             1672
  342.8000	             2146
  343.0000	             2457
  343.2000	             2054
  343.4000	             2455
  343.6000	             2588
  343.8000	             3214
  344.0000	             6461
  344.2000	             4039
  344.4000	             4213
  344.6000	             3124
  344.8000	             2637
  345.0000	             2542
  345.2000	             3221
  345.4000	             2243
  345.6000	             4635
  345.8000	             3724
  346.0000	             3385
  346.2000	             6708
  346.4000	             6171
  346.6000	            11371
  346.8000	             8710
  347.0000	             5752
  347.2000	            13576
  347.4000	            12086
  347.6000	            15668
  347.8000	            19599
  348.0000	            12076
  348.2000	            12102
  348.4000	            22695
  348.6000	            20570
  348.8000	            30281
  349.0000	            46846
  349.2000	            43634
  349.4000	            44538
  349.6000	            59067
  349.8000	            64547
  350.0000	           106707
  350.2000	            38841
  350.4000	            51402
  350.6000	            43847
  350.8000	            40773
  351.0000	            60913
  351.2000	            81258
  351.4000	            87579
  351.6000	            85726
  351.8000	            97670
  352.0000	           115896
  352.2000	           150770
  352.4000	           183848
  352.6000	           208666
  352.8000	           237182
  353.0000	           255724
  353.2000	           282749
  353.4000	           335665
  353.6000	           830742
  353.8000	            90030
  354.0000	            96162
  354.2000	           105890
  354.4000	           133563
  354.6000	           159077
  354.8000	           179495
  355.0000	           184843
  355.2000	           207602
  355.4000	           253355
  355.6000	           292843
  355.8000	           337176
  356.0000	           406118
  356.2000	           471602
  356.4000	           544175
  356.6000	           629382
  356.8000	           723956
  357.0000	           820942
  357.2000	           919255
  357.4000	          1048575
  357.6000	          1048575
  357.8000	           158118
  358.0000	            15346
  358.2000	            26208
  358.4000	             8022
  358.6000	             3383
  358.8000	             4726
  359.0000	             2222
  359.2000	             1592
  359.4000	             1542
  359.6000	             1216
  359.8000	             1141
  360.0000	             1187
  360.2000	             1505
  360.4000	             1434
  360.6000	             2135
  360.8000	             1830
  361.0000	             2112
  361.2000	             2551
  361.4000	             1042
  361.6000	             1812
  361.8000	             2340
  362.0000	             1831
  362.2000	             2806
  362.4000	             2752
  362.6000	             2760
  362.8000	             3676
  363.0000	             4905
  363.2000	             4776
  363.4000	             5994
  363.6000	             6826
  363.8000	             8062
  364.0000	            10046
  364.2000	            14340
  364.4000	             5663
  364.6000	             5380
  364.8000	             7382
  365.0000	             8014
  365.2000	             8667
  365.4000	             7139
  365.6000	             9094
  365.8000	            12336
  366.0000	            15884
  366.2000	            19731
  366.4000	            20167
  366.6000	            22921
  366.8000	            22895
  367.0000	            49141
  367.2000	            31022
  367.4000	            13260
  367.6000	             8944
  367.8000	            16713
  368.0000	            19473
  368.2000	            17255
  368.4000	            16776
  368.6000	            30347
  368.8000	            20553
  369.0000	            18106
  369.2000	            33343
  369.4000	            47116
  369.6000	            44121
  369.8000	            52596
  370.0000	            71755
  370.2000	            78234
  370.4000	            90124
  370.6000	            61686
  370.8000	           125725
  371.0000	           219717
  371.2000	            23455
  371.4000	            43484
  371.6000	            34035
  371.8000	            47034
  372.0000	            52963
  372.2000	            43856
  372.4000	            62062
  372.6000	            59223
  372.8000	            56622
  373.0000	            88442
  373.2000	            78998
  373.4000	            84453
  373.6000	           115536
  373.8000	           125045
  374.0000	           128108
  374.2000	           162378
  374.4000	           193563
  374.6000	           202133
  374.8000	           214902
  375.0000	           256676
  375.2000	           306880
  375.4000	           701734
  375.6000	            70708
  375.8000	            20691
  376.0000	            38391
  376.2000	            63141
  376.4000	            67788
  376.6000	            74386
  376.8000	            68611
  377.0000	            73404
  377.2000	            72829
  377.4000	            83820
  377.6000	            96109
  377.8000	           118068
  378.0000	           130290
  378.2000	           148616
  378.4000	           155290
  378.6000	           172527
  378.8000	           205016
  379.0000	           233905
  379.2000	           259017
  379.4000	           306880
  379.6000	           351699
  379.8000	           377299
  380.0000	           423609
  380.2000	           538442
  380.4000	          1048575
  380.6000	            11154
  380.8000	             5174
  381.0000	             2498
  381.2000	             3693
  381.4000	             1535
  381.6000	             3408
  381.8000	             2137
  382.0000	             4300
  382.2000	             2032
  382.4000	             3899
  382.6000	             4963
  382.8000	             4193
  383.0000	             4897
  383.2000	             6319
  383.4000	             7054
  383.6000	             6302
  383.8000	             6961
  384.0000	             8844
  384.2000	             8745
  384.4000	            10591
  384.6000	            12046
  384.8000	            14540
  385.0000	            17932
  385.2000	            14619
  385.4000	            20645
  385.6000	            26693
  385.8000	            14051
  386.0000	            15919
  386.2000	            10442
  386.4000	            13883
  386.6000	            14798
  386.8000	            18593
  387.0000	            23878
  387.2000	            12112
  387.4000	            13475
  387.6000	            15265
  387.8000	            22302
  388.0000	            32301
  388.2000	            42299
  388.4000	            36911
  388.6000	            26120
  388.8000	            28852
  389.0000	            33746
  389.2000	            46762
  389.4000	            60751
  389.6000	            24230
  389.8000	            27255
  390.0000	            23550
  390.2000	            23389
  390.4000	            25080
  390.6000	            25683
  390.8000	            29175
  391.0000	            24188
  391.2000	            63888
  391.4000	           147122
  391.6000	            16544
  391.8000	            10948
  392.0000	            14226
  392.2000	            25212
  392.4000	            23411
  392.6000	            30406
  392.8000	            37299
  393.0000	            37633
  393.2000	            45829
  393.4000	            51629
  393.6000	            39396
  393.8000	            59100
  394.0000	            86834
  394.2000	           138468
  394.4000	             8759
  394.6000	            19215
  394.8000	             8833
  395.0000	             6978
  395.2000	            10771
  395.4000	            22758
  395.6000	            15423
  395.8000	            13206
  396.0000	             8786
  396.2000	            18334
  396.4000	            21431
  396.6000	            28016
  396.8000	            32092
  397.0000	            33586
  397.2000	            38419
  397.4000	            37897
  397.6000	            43017
  397.8000	            45062
  398.0000	            58115
  398.2000	            59119
  398.4000	            65506
  398.6000	            81713
  398.8000	            77130
  399.0000	            95279
  399.2000	           102427
  399.4000	           113318
  399.6000	           211102
  399.8000	           171718
  400.0000	             5595
  400.2000	            16337
  400.4000	             5863
  400.6000	             4484
  400.8000	            17823
  401.0000	            14626
  401.2000	             3523
  401.4000	            11605
  401.6000	            23854
  401.8000	            21812
  402.0000	            12059
  402.2000	            10350
  402.4000	            17317
  402.6000	            27549
  402.8000	            35385
  403.0000	            39597
  403.2000	            40866
  403.4000	            44100
  403.6000	            47005
  403.8000	            50613
  404.0000	            56471
  404.2000	            62591
  404.4000	            71089
  404.6000	            79162
  404.8000	            85657
  405.0000	            94384
  405.2000	           104210
  405.4000	           117698
  405.6000	           135744
  405.8000	           318367
  406.0000	            29960
  406.2000	             2178
  406.4000	             2889
  406.6000	             1537
  406.8000	             1633
  407.0000	             1684
  407.2000	             8601
  407.4000	             2282
  407.6000	             2992
  407.8000	             3705
  408.0000	             6458
  408.2000	             4512
  408.4000	             5061
  408.6000	             6517
  408.8000	             5975
  409.0000	             7330
  409.2000	            14319
  409.4000	            11386
  409.6000	             1247
  409.8000	             1829
  410.0000	             2832
  410.2000	             1718
  410.4000	             4728
  410.6000	             2361
  410.8000	             3235
  411.0000	             3671
  411.2000	             3080
  411.4000	             3387
  411.6000	             2438
  411.8000	             4130
  412.0000	             4185
  412.2000	             7921
  412.4000	             7973
  412.6000	            10658
  412.8000	            10960
  413.0000	            12921
  413.2000	            20892
  413.4000	            12060
  413.6000	            15065
  413.8000	            17744
  414.0000	            42997
  414.2000	            14953
  414.4000	             2438
  414.6000	             4109
  414.8000	             4663
  415.0000	             2028
  415.2000	             5760
  415.4000	             5820
  415.6000	             3230
  415.8000	            11285
  416.0000	             6208
  416.2000	             6909
  416.4000	             3462
  416.6000	             7146
  416.8000	             6532
  417.0000	             8319
  417.2000	             6980
  417.4000	             7725
  417.6000	             8938
  417.8000	            13002
  418.0000	            13247
  418.2000	            18277
  418.4000	            16613
  418.6000	            21558
  418.8000	            19116
  419.0000	            27059
  419.2000	            22886
  419.4000	            25603
  419.6000	            30927
  419.8000	            53016
  420.0000	            86221
  420.2000	             7788
  420.4000	             7544
  420.6000	             1686
  420.8000	             5245
  421.0000	             5229
  421.2000	             3139
  421.4000	             8900
  421.6000	             6812
  421.8000	             5206
  422.0000	             9333
  422.2000	             8512
  422.4000	             5149
  422.6000	            11869
  422.8000	            13369
  423.0000	             6878
  423.2000	             9874
  423.4000	            16012
  423.6000	            28589
  423.8000	            12909
  424.0000	            13340
  424.2000	            12357
  424.4000	            16371
  424.6000	            17083
  424.8000	            22127
  425.0000	            24383
  425.2000	            28324
  425.4000	            28683
  425.6000	            32785
  425.8000	            36057
  426.0000	            42460
  426.2000	            44534
  426.4000	            47947
  426.6000	            58188
  426.8000	           114104
  427.0000	            15699
  427.2000	            12814
  427.4000	             5935
  427.6000	            24784
  427.8000	            43645
  428.0000	             3122
  428.2000	             2259
  428.4000	             1018
  428.6000	             5267
  428.8000	                0
  429.0000	             4393
  429.2000	             4420
  429.4000	              672
  429.6000	             6780
  429.8000	             5687
  430.0000	             5461
  430.2000	             7053
  430.4000	             8698
  430.6000	             4285
  430.8000	             6496
  431.0000	            10054
  431.2000	            13117
  431.4000	            10938
  431.6000	             9761
  431.8000	            10621
  432.0000	            12123
  432.2000	            14118
  432.4000	            15917
  432.6000	            18303
  432.8000	            19694
  433.0000	            22440
  433.2000	            24943
  433.4000	            27440
  433.6000	            28938
  433.8000	            32172
  434.0000	            35004
  434.2000	            57325
  434.4000	            51408
  434.6000	             3363
  434.8000	             7622
  435.0000	             3792
  435.2000	             4518
  435.4000	             8046
  435.6000	             5243
  435.8000	               -6
  436.0000	              138
  436.2000	              506
  436.4000	              292
  436.6000	              335
  436.8000	              792
  437.0000	             4474
  437.2000	             1040
  437.4000	              540
  437.6000	             2594
  437.8000	              957
  438.0000	             2374
  438.2000	             1682
  438.4000	             1729
  438.6000	              787
  438.8000	              885
  439.0000	             1238
  439.2000	             1739
  439.4000	             2552
  439.6000	             2971
  439.8000	             3115
  440.0000	             5884
  440.2000	             4486
  440.4000	             5227
  440.6000	             3680
  440.8000	             5421
  441.0000	             5790
  441.2000	             8139
  441.4000	            16670
  441.6000	             5825
  441.8000	             -562
  442.0000	              303
  442.2000	                0
  442.4000	              227
  442.6000	             3766
  442.8000	                0
  443.0000	             3539
  443.2000	             -304
  443.4000	             2262
  443.6000	              379
  443.8000	             1130
  444.0000	             1827
  444.2000	              109
  444.4000	             2023
  444.6000	              955
  444.8000	             2269
  445.0000	             2378
  445.2000	             1998
  445.4000	             1653
  445.6000	              588
  445.8000	             2412
  446.0000	             3050
  446.2000	             2729
  446.4000	             4388
  446.6000	             4867
  446.8000	             4859
  447.0000	             5485
  447.2000	             5468
  447.4000	             9154
  447.6000	             6181
  447.8000	             7599
  448.0000	             6778
  448.2000	            11573
  448.4000	            10157
  448.6000	            12163
  448.8000	            25648
  449.0000	             5969
  449.2000	              675
  449.4000	             -120
  449.6000	             1008
  449.8000	              -83
  450.0000	              857
  450.2000	              620
  450.4000	             1055
  450.6000	             -231
  450.8000	             1108
  451.0000	             4191
  451.2000	              882
  451.4000	             1257
  451.6000	              325
  451.8000	             1934
  452.0000	             -271
  452.2000	             2637
  452.4000	              753
  452.6000	             1071
  452.8000	             2574
  453.0000	             1163
  453.2000	             2287
  453.4000	             2583
  453.6000	             1723
  453.8000	             2291
  454.0000	             3761
  454.2000	             2956
  454.4000	            11655
  454.6000	             4774
  454.8000	             4359
  455.0000	             4284
  455.2000	             5613
  455.4000	             5895
  455.6000	             6382
  455.8000	             6123
  456.0000	             7119
  456.2000	             8815
  456.4000	             8958
  456.6000	            10207
  456.8000	            10395
  457.0000	            12189
  457.2000	            24406
  457.4000	             9338
  457.6000	              271
  457.8000	              676
  458.0000	             2590
  458.2000	             -420
  458.4000	              457
  458.6000	             -337
  458.8000	              473
  459.0000	             5624
  459.2000	              262
  459.4000	              -98
  459.6000	             1014
  459.8000	             1766
  460.0000	             1716
  460.2000	              180
  460.4000	              598
  460.6000	                7
  460.8000	             1076
  461.0000	             6169
  461.2000	             1892
  461.4000	             -171
  461.6000	             1472
  461.8000	              626
  462.0000	              802
  462.2000	             2394
  462.4000	              687
  462.6000	             2227
  462.8000	             2583
  463.0000	             1822
  463.2000	             2737
  463.4000	             3406
  463.6000	             2991
  463.8000	             3403
  464.0000	             3973
  464.2000	             4435
  464.4000	             4734
  464.6000	             6194
  464.8000	             6245
  465.0000	             5779
  465.2000	             6663
  465.4000	             4200
  465.6000	             4639
  465.8000	            13352
  466.0000	             5728
  466.2000	             6191
  466.4000	             8757
  466.6000	            13665
  466.8000	              374
  467.0000	             -339
  467.2000	             -271
  467.4000	             -210
  467.6000	              -66
  467.8000	              575
  468.0000	              145
  468.2000	              562
  468.4000	              160
  468.6000	              648
  468.8000	               -1
  469.0000	              979
  469.2000	              695
  469.4000	             1030
  469.6000	             1051
  469.8000	              584
  470.0000	             1129
  470.2000	             2070
  470.4000	             1351
  470.6000	             2297
  470.8000	             5199
  471.0000	             1919
  471.2000	              575
  471.4000	              947
  471.6000	             1622
  471.8000	             1519
  472.0000	             2997
  472.2000	             3350
  472.4000	             -202
  472.6000	             2348
  472.8000	             -644
  473.0000	             -523
  473.2000	              576
  473.4000	             -597
  473.6000	             1737
  473.8000	             -705
  474.0000	             -298
  474.2000	             -570
  474.4000	             -137
  474.6000	             -573
  474.8000	                0
  475.0000	             -636
  475.2000	             -154
  475.4000	             -600
  475.6000	                0
  475.8000	             -621
  476.0000	             -171
  476.2000	             -513
  476.4000	            11200
  476.6000	              129
  476.8000	              -51
  477.0000	             -201
  477.2000	             -358
  477.4000	              -78
  477.6000	             -458
  477.8000	             -188
  478.0000	              386
  478.2000	             -157
  478.4000	              379
  478.6000	              686
  478.8000	              254
  479.0000	              242
  479.2000	             1071
  479.4000	             1013
  479.6000	             1012
  479.8000	             1181
  480.0000	              432
  480.2000	              701
  480.4000	             1434
  480.6000	             4438
  480.8000	             2338
  481.0000	             2399
  481.2000	             5374
  481.4000	             2956
  481.6000	             -770
  481.8000	             -563
  482.0000	             -585
  482.2000	             -728
  482.4000	             -334
  482.6000	             -794
  482.8000	             -657
  483.0000	             -579
  483.2000	             -674
  483.4000	             -211
  483.6000	             -736
  483.8000	             -297
  484.0000	             -552
  484.2000	             -553
  484.4000	             -149
  484.6000	             -553
  484.8000	             1307
  485.0000	             -649
  485.2000	              -67
  485.4000	             -560
  485.6000	              -40
  485.8000	             -600
  486.0000	              310
  486.2000	             -437
  486.4000	              195
  486.6000	             -356
  486.8000	              285
  487.0000	             -210
  487.2000	              389
  487.4000	              206
  487.6000	              170
  487.8000	              856
  488.0000	             4965
  488.2000	              742
  488.4000	              312
  488.6000	              679
  488.8000	             2073
  489.0000	              826
  489.2000	              696
  489.4000	              992
  489.6000	              941
  489.8000	              714
  490.0000	              804
  490.2000	             1163
  490.4000	             1784
  490.6000	             1607
  490.8000	             1673
  491.0000	             1811
  491.2000	             1992
  491.4000	             2298
  491.6000	             4985
  491.8000	             2113
  492.0000	             1045
  492.2000	             -415
  492.4000	             -610
  492.6000	             -463
  492.8000	             -360
  493.0000	             -705
  493.2000	             -317
  493.4000	             -418
  493.6000	             -690
  493.8000	             -327
  494.0000	             -553
  494.2000	             -510
  494.4000	             -289
  494.6000	             -430
  494.8000	             -446
  495.0000	             -496
  495.2000	             -519
  495.4000	             -293
  495.6000	              389
  495.8000	              631
  496.0000	             -404
  496.2000	             -167
  496.4000	             1938
  496.6000	             -167
  496.8000	              -69
  497.0000	             -184
  497.2000	              764
  497.4000	                0
  497.6000	             -144
  497.8000	             -713
  498.0000	             -379
  498.2000	             -628
  498.4000	             -319
  498.6000	             -606
  498.8000	             -399
  499.0000	             -456
  499.2000	             -358
  499.4000	             -179
  499.6000	             -392
  499.8000	             -180
  500.0000	             -156
