  200.0000	            -1143
  200.2000	            -1156
  200.4000	            -1156
  200.6000	            -1114
  200.8000	            -1086
  201.0000	            -1097
  201.2000	            -1101
  201.4000	            -1115
  201.6000	            -1113
  201.8000	            -1124
  202.0000	            -1082
  202.2000	            -1136
  202.4000	            -1113
  202.6000	            -1125
  202.8000	            -1113
  203.0000	            -1114
  203.2000	            -1143
  203.4000	            -1113
  203.6000	            -1082
  203.8000	            -1143
  204.0000	            -1106
  204.2000	            -1097
  204.4000	            -1100
  204.6000	            -1111
  204.8000	            -1095
  205.0000	            -1093
  205.2000	            -1117
  205.4000	            -1112
  205.6000	            -1146
  205.8000	            -1117
  206.0000	            -1125
  206.2000	            -1118
  206.4000	            -1114
  206.6000	            -1174
  206.8000	            -1138
  207.0000	            -1156
  207.2000	            -1115
  207.4000	            -1164
  207.6000	            -1083
  207.8000	            -1134
  208.0000	            -1101
  208.2000	            -1098
  208.4000	            -1119
  208.6000	            -1113
  208.8000	            -1090
  209.0000	            -1125
  209.2000	            -1089
  209.4000	            -1122
  209.6000	            -1162
  209.8000	            -1114
  210.0000	            -1116
  210.2000	            -1087
  210.4000	            -1143
  210.6000	            -1076
  210.8000	            -1089
  211.0000	            -1142
  211.2000	            -1166
  211.4000	            -1134
  211.6000	            -1118
  211.8000	            -1087
  212.0000	            -1115
  212.2000	            -1113
  212.4000	            -1128
  212.6000	            -1142
  212.8000	            -1164
  213.0000	            -1106
  213.2000	            -1093
  213.4000	            -1118
  213.6000	            -1126
  213.8000	            -1115
  214.0000	            -1143
  214.2000	            -1135
  214.4000	            -1115
  214.6000	            -1110
  214.8000	            -1130
  215.0000	            -1156
  215.2000	            -1143
  215.4000	            -1154
  215.6000	            -1107
  215.8000	            -1118
  216.0000	            -1115
  216.2000	            -1157
  216.4000	            -1143
  216.6000	            -1117
  216.8000	            -1122
  217.0000	            -1142
  217.2000	            -1142
  217.4000	            -1104
  217.6000	            -1115
  217.8000	            -1095
  218.0000	            -1142
  218.2000	            -1098
  218.4000	            -1118
  218.6000	            -1093
  218.8000	            -1162
  219.0000	            -1104
  219.2000	            -1097
  219.4000	            -1131
  219.6000	            -1154
  219.8000	            -1133
  220.0000	            -1117
  220.2000	            -1142
  220.4000	            -1101
  220.6000	            -1098
  220.8000	            -1088
  221.0000	            -1125
  221.2000	            -1132
  221.4000	            -1108
  221.6000	            -1107
  221.8000	            -1118
  222.0000	            -1106
  222.2000	            -1125
  222.4000	            -1113
  222.6000	            -1103
  222.8000	            -1153
  223.0000	            -1130
  223.2000	            -1115
  223.4000	            -1113
  223.6000	            -1127
  223.8000	            -1127
  224.0000	            -1077
  224.2000	            -1143
  224.4000	            -1104
  224.6000	            -1145
  224.8000	            -1087
  225.0000	            -1115
  225.2000	            -1115
  225.4000	            -1158
  225.6000	            -1143
  225.8000	            -1095
  226.0000	            -1099
  226.2000	            -1122
  226.4000	            -1136
  226.6000	            -1105
  226.8000	            -1126
  227.0000	            -1143
  227.2000	            -1122
  227.4000	            -1139
  227.6000	            -1128
  227.8000	            -1112
  228.0000	            -1106
  228.2000	            -1097
  228.4000	            -1112
  228.6000	            -1134
  228.8000	            -1134
  229.0000	            -1130
  229.2000	            -1128
  229.4000	            -1128
  229.6000	            -1116
  229.8000	            -1107
  230.0000	            -1104
  230.2000	            -1114
  230.4000	            -1128
  230.6000	            -1117
  230.8000	            -1162
  231.0000	            -1125
  231.2000	            -1127
  231.4000	            -1113
  231.6000	            -1156
  231.8000	            -1143
  232.0000	            -1113
  232.2000	            -1115
  232.4000	            -1131
  232.6000	            -1159
  232.8000	            -1107
  233.0000	            -1128
  233.2000	            -1138
  233.4000	            -1115
  233.6000	            -1119
  233.8000	            -1129
  234.0000	            -1136
  234.2000	            -1126
  234.4000	            -1129
  234.6000	            -1115
  234.8000	            -1112
  235.0000	            -1118
  235.2000	            -1115
  235.4000	            -1116
  235.6000	            -1101
  235.8000	            -1117
  236.0000	            -1122
  236.2000	            -1110
  236.4000	            -1086
  236.6000	            -1074
  236.8000	            -1121
  237.0000	            -1110
  237.2000	            -1110
  237.4000	            -1071
  237.6000	            -1115
  237.8000	            -1090
  238.0000	            -1138
  238.2000	            -1114
  238.4000	            -1122
  238.6000	            -1130
  238.8000	            -1129
  239.0000	            -1143
  239.2000	            -1116
  239.4000	            -1110
  239.6000	            -1128
  239.8000	            -1067
  240.0000	            -1138
  240.2000	            -1100
  240.4000	            -1117
  240.6000	            -1089
  240.8000	            -1087
  241.0000	            -1107
  241.2000	            -1140
  241.4000	            -1113
  241.6000	            -1122
  241.8000	            -1111
  242.0000	            -1125
  242.2000	            -1149
  242.4000	            -1142
  242.6000	            -1123
  242.8000	            -1124
  243.0000	            -1143
  243.2000	            -1122
  243.4000	            -1086
  243.6000	            -1154
  243.8000	            -1143
  244.0000	            -1071
  244.2000	            -1156
  244.4000	            -1119
  244.6000	            -1101
  244.8000	            -1113
  245.0000	            -1101
  245.2000	            -1156
  245.4000	            -1114
  245.6000	            -1162
  245.8000	            -1136
  246.0000	            -1091
  246.2000	            -1127
  246.4000	            -1117
  246.6000	            -1117
  246.8000	            -1141
  247.0000	            -1128
  247.2000	            -1127
  247.4000	            -1095
  247.6000	            -1143
  247.8000	            -1117
  248.0000	            -1138
  248.2000	            -1128
  248.4000	            -1111
  248.6000	            -1136
  248.8000	            -1086
  249.0000	            -1142
  249.2000	            -1132
  249.4000	            -1128
  249.6000	            -1096
  249.8000	            -1118
  250.0000	            -1143
  250.2000	            -1115
  250.4000	            -1104
  250.6000	            -1091
  250.8000	            -1113
  251.0000	            -1127
  251.2000	            -1156
  251.4000	            -1113
  251.6000	            -1128
  251.8000	            -1098
  252.0000	            -1117
  252.2000	            -1105
  252.4000	            -1129
  252.6000	            -1125
  252.8000	            -1106
  253.0000	            -1104
  253.2000	            -1118
  253.4000	            -1116
  253.6000	            -1084
  253.8000	            -1097
  254.0000	            -1111
  254.2000	            -1091
  254.4000	            -1117
  254.6000	            -1107
  254.8000	            -1130
  255.0000	            -1137
  255.2000	            -1118
  255.4000	            -1117
  255.6000	            -1122
  255.8000	            -1118
  256.0000	            -1111
  256.2000	            -1119
  256.4000	            -1120
  256.6000	            -1151
  256.8000	            -1097
  257.0000	            -1109
  257.2000	            -1089
  257.4000	            -1117
  257.6000	            -1105
  257.8000	            -1141
  258.0000	            -1106
  258.2000	            -1114
  258.4000	            -1123
  258.6000	            -1132
  258.8000	            -1157
  259.0000	            -1116
  259.2000	            -1118
  259.4000	            -1101
  259.6000	            -1103
  259.8000	            -1115
  260.0000	            -1106
  260.2000	            -1106
  260.4000	            -1109
  260.6000	            -1106
  260.8000	            -1127
  261.0000	            -1120
  261.2000	            -1075
  261.4000	            -1094
  261.6000	            -1061
  261.8000	            -1096
  262.0000	            -1128
  262.2000	            -1118
  262.4000	            -1114
  262.6000	            -1138
  262.8000	            -1110
  263.0000	            -1143
  263.2000	            -1092
  263.4000	            -1138
  263.6000	            -1139
  263.8000	            -1092
  264.0000	            -1111
  264.2000	            -1128
  264.4000	            -1114
  264.6000	            -1154
  264.8000	            -1087
  265.0000	            -1095
  265.2000	            -1098
  265.4000	            -1127
  265.6000	            -1139
  265.8000	            -1106
  266.0000	            -1107
  266.2000	            -1115
  266.4000	            -1116
  266.6000	            -1086
  266.8000	            -1151
  267.0000	            -1110
  267.2000	            -1098
  267.4000	            -1117
  267.6000	            -1132
  267.8000	            -1155
  268.0000	            -1128
  268.2000	            -1107
  268.4000	            -1121
  268.6000	            -1113
  268.8000	            -1129
  269.0000	            -1097
  269.2000	            -1110
  269.4000	            -1107
  269.6000	            -1122
  269.8000	            -1143
  270.0000	            -1118
  270.2000	            -1132
  270.4000	            -1143
  270.6000	            -1101
  270.8000	            -1106
  271.0000	            -1117
  271.2000	            -1079
  271.4000	            -1114
  271.6000	            -1124
  271.8000	            -1113
  272.0000	            -1107
  272.2000	            -1110
  272.4000	            -1119
  272.6000	            -1104
  272.8000	            -1117
  273.0000	            -1087
  273.2000	            -1101
  273.4000	            -1093
  273.6000	            -1112
  273.8000	            -1144
  274.0000	            -1122
  274.2000	            -1118
  274.4000	            -1118
  274.6000	            -1134
  274.8000	            -1067
  275.0000	            -1145
  275.2000	            -1087
  275.4000	            -1107
  275.6000	            -1128
  275.8000	            -1134
  276.0000	            -1111
  276.2000	            -1143
  276.4000	            -1109
  276.6000	            -1091
  276.8000	            -1091
  277.0000	            -1108
  277.2000	            -1091
  277.4000	            -1138
  277.6000	            -1109
  277.8000	            -1115
  278.0000	            -1098
  278.2000	            -1103
  278.4000	            -1133
  278.6000	            -1096
  278.8000	            -1118
  279.0000	            -1107
  279.2000	            -1115
  279.4000	            -1106
  279.6000	            -1122
  279.8000	            -1106
  280.0000	            -1067
  280.2000	            -1113
  280.4000	            -1086
  280.6000	            -1132
  280.8000	            -1118
  281.0000	            -1128
  281.2000	            -1139
  281.4000	            -1099
  281.6000	            -1114
  281.8000	            -1130
  282.0000	            -1101
  282.2000	            -1101
  282.4000	            -1117
  282.6000	            -1134
  282.8000	            -1101
  283.0000	            -1082
  283.2000	            -1106
  283.4000	            -1153
  283.6000	            -1093
  283.8000	            -1097
  284.0000	            -1127
  284.2000	            -1114
  284.4000	            -1109
  284.6000	            -1128
  284.8000	            -1107
  285.0000	            -1145
  285.2000	            -1127
  285.4000	            -1108
  285.6000	            -1118
  285.8000	            -1109
  286.0000	            -1092
  286.2000	            -1112
  286.4000	            -1084
  286.6000	            -1143
  286.8000	            -1130
  287.0000	            -1129
  287.2000	            -1108
  287.4000	            -1127
  287.6000	            -1067
  287.8000	            -1143
  288.0000	            -1115
  288.2000	            -1123
  288.4000	            -1125
  288.6000	            -1121
  288.8000	            -1129
  289.0000	            -1118
  289.2000	            -1090
  289.4000	            -1094
  289.6000	            -1127
  289.8000	            -1100
  290.0000	            -1130
  290.2000	            -1130
  290.4000	            -1109
  290.6000	            -1118
  290.8000	            -1095
  291.0000	            -1090
  291.2000	            -1124
  291.4000	            -1097
  291.6000	            -1095
  291.8000	            -1117
  292.0000	            -1144
  292.2000	            -1087
  292.4000	            -1114
  292.6000	            -1093
  292.8000	            -1098
  293.0000	            -1118
  293.2000	            -1077
  293.4000	            -1098
  293.6000	            -1064
  293.8000	            -1090
  294.0000	            -1070
  294.2000	            -1027
  294.4000	            -1025
  294.6000	            -1022
  294.8000	             -999
  295.0000	            -1036
  295.2000	             -866
  295.4000	             -954
  295.6000	             -833
  295.8000	             -822
  296.0000	             -831
  296.2000	             -304
  296.4000	             -983
  296.6000	             -989
  296.8000	             -825
  297.0000	             -748
  297.2000	             -583
  297.4000	             -730
  297.6000	              771
  297.8000	            -1047
  298.0000	            -1059
  298.2000	            -1064
  298.4000	            -1059
  298.6000	            -1080
  298.8000	            -1056
  299.0000	            -1057
  299.2000	            -1097
  299.4000	            -1053
  299.6000	            -1038
  299.8000	            -1073
  300.0000	            -1066
  300.2000	            -1040
  300.4000	            -1069
  300.6000	            -1031
  300.8000	            -1034
  301.0000	            -1089
  301.2000	            -1108
  301.4000	            -1064
  301.6000	            -1070
  301.8000	            -1092
  302.0000	            -1084
  302.2000	            -1074
  302.4000	            -1080
  302.6000	            -1019
  302.8000	            -1047
  303.0000	            -1019
  303.2000	            -1037
  303.4000	            -1025
  303.6000	            -1009
  303.8000	            -1043
  304.0000	            -1036
  304.2000	             -983
  304.4000	             -970
  304.6000	            -1056
  304.8000	             -971
  305.0000	            -1003
  305.2000	            -1017
  305.4000	            -1039
  305.6000	            -1056
  305.8000	             -979
  306.0000	            -1055
  306.2000	            -1017
  306.4000	              477
  306.6000	             -150
  306.8000	             1167
  307.0000	              675
  307.2000	              500
  307.4000	             -600
  307.6000	             -741
  307.8000	             1434
  308.0000	             3202
  308.2000	             3900
  308.4000	              780
  308.6000	             1797
  308.8000	             -203
  309.0000	             8448
  309.2000	             1919
  309.4000	             1179
  309.6000	             4301
  309.8000	              107
  310.0000	             2043
  310.2000	             2315
  310.4000	             1237
  310.6000	             3397
  310.8000	             1891
  311.0000	             2545
  311.2000	             3729
  311.4000	             2355
  311.6000	             6510
  311.8000	             2762
  312.0000	             1924
  312.2000	             2425
  312.4000	             3611
  312.6000	             4769
  312.8000	             8442
  313.0000	            10157
  313.2000	             9072
  313.4000	            16409
  313.6000	            19939
  313.8000	             2606
  314.0000	             3476
  314.2000	             4282
  314.4000	             6892
  314.6000	             9694
  314.8000	            14974
  315.0000	            22046
  315.2000	            30357
  315.4000	            36408
  315.6000	            29694
  315.8000	           129818
  316.0000	             4861
  316.2000	             1288
  316.4000	             -332
  316.6000	              -33
  316.8000	             -472
  317.0000	                3
  317.2000	             -778
  317.4000	             -124
  317.6000	             -899
  317.8000	             -254
  318.0000	             -715
  318.2000	             -695
  318.4000	             -786
  318.6000	              -91
  318.8000	             -694
  319.0000	             -925
  319.2000	             -369
  319.4000	             -668
  319.6000	             -958
  319.8000	             -709
  320.0000	             -533
  320.2000	             -572
  320.4000	             -462
  320.6000	             -748
  320.8000	             -757
  321.0000	             -274
  321.2000	             -828
  321.4000	             -607
  321.6000	             -905
  321.8000	             -770
  322.0000	             -753
  322.2000	             -785
  322.4000	             -920
  322.6000	             -828
  322.8000	             -970
  323.0000	             -821
  323.2000	             -969
  323.4000	             -858
  323.6000	             -979
  323.8000	             -862
  324.0000	             -705
  324.2000	             -817
  324.4000	             -566
  324.6000	             -859
  324.8000	             -872
  325.0000	             -822
  325.2000	             -212
  325.4000	             -402
  325.6000	             -431
  325.8000	              984
  326.0000	             -221
  326.2000	              762
  326.4000	             -139
  326.6000	              701
  326.8000	              475
  327.0000	             -452
  327.2000	               74
  327.4000	             -224
  327.6000	              276
  327.8000	             1066
  328.0000	              829
  328.2000	              697
  328.4000	             5098
  328.6000	                0
  328.8000	             -309
  329.0000	             -506
  329.2000	             -102
  329.4000	              449
  329.6000	              766
  329.8000	              703
  330.0000	              727
  330.2000	              747
  330.4000	             1148
  330.6000	             1963
  330.8000	             5590
  331.0000	             3789
  331.2000	             2681
  331.4000	             3370
  331.6000	             2815
  331.8000	             2936
  332.0000	             3679
  332.2000	             3704
  332.4000	             4373
  332.6000	             6331
  332.8000	             7057
  333.0000	             9441
  333.2000	             9972
  333.4000	            11359
  333.6000	            10855
  333.8000	            20137
  334.0000	            13166
  334.2000	            15387
  334.4000	            16956
  334.6000	            21090
  334.8000	            23452
  335.0000	            29424
  335.2000	            32933
  335.4000	            46866
  335.6000	            57453
  335.8000	            99236
  336.0000	           124441
  336.2000	           135650
  336.4000	           161006
  336.6000	           178878
  336.8000	           173478
  337.0000	           581069
  337.2000	            60905
  337.4000	             2293
  337.6000	             2749
  337.8000	             2256
  338.0000	             1419
  338.2000	             2563
  338.4000	             1125
  338.6000	             1476
  338.8000	              920
  339.0000	             -150
  339.2000	              296
  339.4000	             -302
  339.6000	             -194
  339.8000	             -555
  340.0000	             -536
  340.2000	             -520
  340.4000	             -831
  340.6000	             -399
  340.8000	             -900
  341.0000	             -442
  341.2000	             -913
  341.4000	             -712
  341.6000	             -699
  341.8000	             -934
  342.0000	             -506
  342.2000	             -997
  342.4000	             -633
  342.6000	             -859
  342.8000	             -774
  343.0000	             -691
  343.2000	             -767
  343.4000	             -742
  343.6000	             -742
  343.8000	             -757
  344.0000	             -512
  344.2000	             -678
  344.4000	             -678
  344.6000	             -763
  344.8000	             -812
  345.0000	             -788
  345.2000	             -750
  345.4000	             -765
  345.6000	             -604
  345.8000	             -626
  346.0000	             -575
  346.2000	             -326
  346.4000	             -464
  346.6000	             -105
  346.8000	             -275
  347.0000	             -569
  347.2000	              120
  347.4000	             -173
  347.6000	              179
  347.8000	              696
  348.0000	             -115
  348.2000	             -137
  348.4000	              942
  348.6000	              774
  348.8000	             1639
  349.0000	             3580
  349.2000	             3850
  349.4000	             3688
  349.6000	             5202
  349.8000	             5731
  350.0000	            12657
  350.2000	             2005
  350.4000	             3643
  350.6000	             2859
  350.8000	             2060
  351.0000	             4332
  351.2000	             6376
  351.4000	             7450
  351.6000	             6704
  351.8000	             7677
  352.0000	            10370
  352.2000	            14956
  352.4000	            19699
  352.6000	            24645
  352.8000	            30441
  353.0000	            34509
  353.2000	            37662
  353.4000	            40303
  353.6000	           148150
  353.8000	             8216
  354.0000	             8425
  354.2000	             9279
  354.4000	            11947
  354.6000	            14401
  354.8000	            15368
  355.0000	            15661
  355.2000	            18218
  355.4000	            23840
  355.6000	            28177
  355.8000	            34500
  356.0000	            45565
  356.2000	            57538
  356.4000	            71519
  356.6000	            92216
  356.8000	           117962
  357.0000	           140548
  357.2000	           156689
  357.4000	           156271
  357.6000	           578837
  357.8000	            19814
  358.0000	             1495
  358.2000	             1246
  358.4000	                0
  358.6000	             -698
  358.8000	             -244
  359.0000	             -771
  359.2000	             -866
  359.4000	             -886
  359.6000	             -877
  359.8000	             -851
  360.0000	             -861
  360.2000	             -889
  360.4000	             -901
  360.6000	             -871
  360.8000	             -894
  361.0000	             -927
  361.2000	             -845
  361.4000	             -942
  361.6000	             -906
  361.8000	             -924
  362.0000	             -903
  362.2000	             -881
  362.4000	             -858
  362.6000	             -870
  362.8000	             -742
  363.0000	             -624
  363.2000	             -719
  363.4000	             -577
  363.6000	             -553
  363.8000	             -423
  364.0000	             -201
  364.2000	              123
  364.4000	             -678
  364.6000	             -633
  364.8000	             -541
  365.0000	             -446
  365.2000	             -394
  365.4000	             -405
  365.6000	             -191
  365.8000	              138
  366.0000	              409
  366.2000	              721
  366.4000	              838
  366.6000	             1097
  366.8000	             1037
  367.0000	             4405
  367.2000	             1990
  367.4000	              -56
  367.6000	             -400
  367.8000	              141
  368.0000	              357
  368.2000	              209
  368.4000	              117
  368.6000	             1323
  368.8000	              554
  369.0000	              445
  369.2000	             1766
  369.4000	             3218
  369.6000	             3302
  369.8000	             4374
  370.0000	             6875
  370.2000	             8168
  370.4000	            10389
  370.6000	             7201
  370.8000	            14726
  371.0000	            30181
  371.2000	             1074
  371.4000	             3041
  371.6000	             1909
  371.8000	             3369
  372.0000	             3412
  372.2000	             2472
  372.4000	             4468
  372.6000	             4045
  372.8000	             3722
  373.0000	             7200
  373.2000	             5915
  373.4000	             6465
  373.6000	            10319
  373.8000	            12138
  374.0000	            13081
  374.2000	            18554
  374.4000	            24267
  374.6000	            27291
  374.8000	            30104
  375.0000	            34892
  375.2000	            39711
  375.4000	           128718
  375.6000	             8255
  375.8000	             1163
  376.0000	             2696
  376.2000	             5280
  376.4000	             5599
  376.6000	             6484
  376.8000	             5781
  377.0000	             6188
  377.2000	             6125
  377.4000	             7009
  377.6000	             8461
  377.8000	            10818
  378.0000	            12455
  378.2000	            14401
  378.4000	            16067
  378.6000	            19659
  378.8000	            24990
  379.0000	            32172
  379.2000	            37467
  379.4000	            48657
  379.6000	            58085
  379.8000	            63746
  380.0000	            69314
  380.2000	            89694
  380.4000	           288909
  380.6000	              930
  380.8000	                2
  381.0000	             -712
  381.2000	             -488
  381.4000	             -899
  381.6000	             -828
  381.8000	             -898
  382.0000	             -805
  382.2000	             -963
  382.4000	             -828
  382.6000	             -776
  382.8000	             -885
  383.0000	             -821
  383.2000	             -829
  383.4000	             -813
  383.6000	             -872
  383.8000	             -821
  384.0000	             -565
  384.2000	             -670
  384.4000	             -560
  384.6000	             -518
  384.8000	             -432
  385.0000	               -9
  385.2000	             -347
  385.4000	              -51
  385.6000	              862
  385.8000	             -519
  386.0000	             -643
  386.2000	             -802
  386.4000	             -569
  386.6000	             -594
  386.8000	             -190
  387.0000	             -262
  387.2000	             -492
  387.4000	             -203
  387.6000	              -70
  387.8000	              140
  388.0000	              518
  388.2000	              969
  388.4000	             1884
  388.6000	             1127
  388.8000	             1523
  389.0000	             2046
  389.2000	             3842
  389.4000	             5900
  389.6000	             1145
  389.8000	             1456
  390.0000	             1673
  390.2000	             1788
  390.4000	             2175
  390.6000	             2129
  390.8000	             1923
  391.0000	              692
  391.2000	             6210
  391.4000	            16016
  391.6000	              187
  391.8000	             -130
  392.0000	              164
  392.2000	             1120
  392.4000	             1171
  392.6000	             1924
  392.8000	             3019
  393.0000	             3433
  393.2000	             4566
  393.4000	             5311
  393.6000	             4565
  393.8000	             6522
  394.0000	            10642
  394.2000	            21364
  394.4000	             -114
  394.6000	              987
  394.8000	             -137
  395.0000	             -305
  395.2000	             -180
  395.4000	              842
  395.6000	              228
  395.8000	              192
  396.0000	             -290
  396.2000	              452
  396.4000	              609
  396.6000	             1328
  396.8000	             1660
  397.0000	             1782
  397.2000	             2534
  397.4000	             2475
  397.6000	             3340
  397.8000	             3758
  398.0000	             5787
  398.2000	             6152
  398.4000	             7270
  398.6000	            10146
  398.8000	            10784
  399.0000	            13023
  399.2000	            14500
  399.4000	            15614
  399.6000	            36570
  399.8000	            31613
  400.0000	             -396
  400.2000	              703
  400.4000	             -323
  400.6000	             -617
  400.8000	              726
  401.0000	              479
  401.2000	             -666
  401.4000	               -2
  401.6000	             1203
  401.8000	             1241
  402.0000	              220
  402.2000	             -174
  402.4000	              457
  402.6000	             1476
  402.8000	             2422
  403.0000	             2986
  403.2000	             3353
  403.4000	             4023
  403.6000	             4428
  403.8000	             5070
  404.0000	             6204
  404.2000	             8064
  404.4000	             9623
  404.6000	            11087
  404.8000	            13543
  405.0000	            15680
  405.2000	            17590
  405.4000	            19836
  405.6000	            22474
  405.8000	            74827
  406.0000	             4098
  406.2000	             -635
  406.4000	             -822
  406.6000	             -886
  406.8000	             -929
  407.0000	             -904
  407.2000	              118
  407.4000	             -886
  407.6000	             -703
  407.8000	             -791
  408.0000	             -409
  408.2000	             -662
  408.4000	             -596
  408.6000	             -494
  408.8000	             -475
  409.0000	             -400
  409.2000	              330
  409.4000	               18
  409.6000	             -965
  409.8000	             -942
  410.0000	             -860
  410.2000	             -946
  410.4000	             -378
  410.6000	             -894
  410.8000	             -820
  411.0000	             -752
  411.2000	             -771
  411.4000	             -761
  411.6000	             -803
  411.8000	             -689
  412.0000	             -687
  412.2000	             -364
  412.4000	             -299
  412.6000	             -147
  412.8000	               87
  413.0000	              300
  413.2000	             1438
  413.4000	              311
  413.6000	              532
  413.8000	              819
  414.0000	             4465
  414.2000	              693
  414.4000	             -834
  414.6000	             -827
  414.8000	             -790
  415.0000	             -983
  415.2000	             -774
  415.4000	             -698
  415.6000	             -808
  415.8000	               57
  416.0000	             -676
  416.2000	             -557
  416.4000	             -722
  416.6000	             -472
  416.8000	             -426
  417.0000	             -268
  417.2000	             -229
  417.4000	             -197
  417.6000	              -36
  417.8000	              381
  418.0000	              437
  418.2000	             1052
  418.4000	             1103
  418.6000	             1645
  418.8000	             1343
  419.0000	             2480
  419.2000	             2051
  419.4000	             2724
  419.6000	             3152
  419.8000	             5749
  420.0000	            13844
  420.2000	             -182
  420.4000	             -284
  420.6000	             -866
  420.8000	             -576
  421.0000	             -558
  421.2000	             -896
  421.4000	             -405
  421.6000	             -522
  421.8000	             -551
  422.0000	             -260
  422.2000	             -204
  422.4000	             -615
  422.6000	              -33
  422.8000	              164
  423.0000	             -509
  423.2000	             -388
  423.4000	              164
  423.6000	             1309
  423.8000	              160
  424.0000	              207
  424.2000	              181
  424.4000	              592
  424.6000	              794
  424.8000	             1433
  425.0000	             1823
  425.2000	             2509
  425.4000	             2677
  425.6000	             3427
  425.8000	             4111
  426.0000	             4797
  426.2000	             5749
  426.4000	             6378
  426.6000	             8449
  426.8000	            23321
  427.0000	             1316
  427.2000	              479
  427.4000	             -555
  427.6000	             1975
  427.8000	             4846
  428.0000	             -770
  428.2000	             -763
  428.4000	             -957
  428.6000	             -514
  428.8000	             -980
  429.0000	             -633
  429.2000	             -578
  429.4000	             -948
  429.6000	             -430
  429.8000	             -503
  430.0000	             -451
  430.2000	             -381
  430.4000	             -147
  430.6000	             -596
  430.8000	             -418
  431.0000	              -61
  431.2000	              260
  431.4000	              154
  431.6000	              123
  431.8000	              212
  432.0000	              522
  432.2000	              897
  432.4000	             1268
  432.6000	             1697
  432.8000	             2086
  433.0000	             2498
  433.2000	             3125
  433.4000	             3478
  433.6000	             4040
  433.8000	             4678
  434.0000	             5136
  434.2000	            11306
  434.4000	            11412
  434.6000	             -717
  434.8000	               17
  435.0000	             -686
  435.2000	             -607
  435.4000	             -197
  435.6000	             -522
  435.8000	            -1053
  436.0000	            -1038
  436.2000	             -997
  436.4000	            -1029
  436.6000	            -1020
  436.8000	             -930
  437.0000	             -468
  437.2000	             -922
  437.4000	             -963
  437.6000	             -729
  437.8000	             -949
  438.0000	             -705
  438.2000	             -940
  438.4000	             -898
  438.6000	             -956
  438.8000	             -961
  439.0000	             -963
  439.2000	             -875
  439.4000	             -828
  439.6000	             -801
  439.8000	             -707
  440.0000	             -379
  440.2000	             -563
  440.4000	             -537
  440.6000	             -559
  440.8000	             -338
  441.0000	             -366
  441.2000	             -165
  441.4000	             1290
  441.6000	             -332
  441.8000	            -1092
  442.0000	            -1020
  442.2000	            -1023
  442.4000	             -990
  442.6000	             -511
  442.8000	            -1036
  443.0000	             -562
  443.2000	            -1043
  443.4000	             -735
  443.6000	             -975
  443.8000	             -795
  444.0000	             -759
  444.2000	             -960
  444.4000	             -778
  444.6000	             -800
  444.8000	             -556
  445.0000	             -714
  445.2000	             -750
  445.4000	             -766
  445.6000	             -938
  445.8000	             -776
  446.0000	             -612
  446.2000	             -688
  446.4000	             -573
  446.6000	             -399
  446.8000	             -393
  447.0000	             -349
  447.2000	             -296
  447.4000	              204
  447.6000	             -209
  447.8000	               52
  448.0000	               97
  448.2000	              597
  448.4000	              444
  448.6000	              745
  448.8000	             3571
  449.0000	                0
  449.2000	             -953
  449.4000	            -1043
  449.6000	             -937
  449.8000	            -1007
  450.0000	             -951
  450.2000	             -915
  450.4000	             -910
  450.6000	            -1047
  450.8000	             -940
  451.0000	             -566
  451.2000	             -959
  451.4000	             -952
  451.6000	            -1015
  451.8000	             -870
  452.0000	            -1091
  452.2000	             -811
  452.4000	             -935
  452.6000	             -954
  452.8000	             -831
  453.0000	             -906
  453.2000	             -844
  453.4000	             -816
  453.6000	             -802
  453.8000	             -803
  454.0000	             -674
  454.2000	             -711
  454.4000	              624
  454.6000	             -575
  454.8000	             -576
  455.0000	             -556
  455.2000	             -423
  455.4000	             -273
  455.6000	             -150
  455.8000	             -162
  456.0000	              119
  456.2000	              362
  456.4000	              380
  456.6000	              604
  456.8000	              776
  457.0000	             1069
  457.2000	             4373
  457.4000	              923
  457.6000	             -997
  457.8000	             -828
  458.0000	             -693
  458.2000	            -1061
  458.4000	             -960
  458.6000	            -1074
  458.8000	             -985
  459.0000	             -314
  459.2000	             -964
  459.4000	            -1047
  459.6000	             -938
  459.8000	             -866
  460.0000	             -924
  460.2000	            -1042
  460.4000	             -980
  460.6000	            -1016
  460.8000	             -932
  461.0000	             -188
  461.2000	             -832
  461.4000	            -1037
  461.6000	             -862
  461.8000	             -992
  462.0000	             -960
  462.2000	             -817
  462.4000	             -975
  462.6000	             -792
  462.8000	             -700
  463.0000	             -874
  463.2000	             -789
  463.4000	             -668
  463.6000	             -680
  463.8000	             -636
  464.0000	             -541
  464.2000	             -512
  464.4000	             -490
  464.6000	             -230
  464.8000	             -205
  465.0000	             -229
  465.2000	             -148
  465.4000	             -233
  465.6000	              -77
  465.8000	             1036
  466.0000	              108
  466.2000	              267
  466.4000	             1074
  466.6000	             2453
  466.8000	            -1001
  467.0000	            -1031
  467.2000	            -1073
  467.4000	            -1070
  467.6000	            -1040
  467.8000	            -1006
  468.0000	            -1056
  468.2000	             -999
  468.4000	            -1026
  468.6000	             -962
  468.8000	            -1026
  469.0000	             -883
  469.2000	             -947
  469.4000	             -918
  469.6000	             -913
  469.8000	             -945
  470.0000	             -851
  470.2000	             -802
  470.4000	             -902
  470.6000	             -802
  470.8000	             -294
  471.0000	             -812
  471.2000	             -842
  471.4000	             -872
  471.6000	             -767
  471.8000	             -755
  472.0000	             -567
  472.2000	             -513
  472.4000	             -988
  472.6000	             -661
  472.8000	            -1079
  473.0000	            -1018
  473.2000	             -812
  473.4000	             -989
  473.6000	             -637
  473.8000	            -1005
  474.0000	             -953
  474.2000	             -955
  474.4000	             -903
  474.6000	             -907
  474.8000	             -866
  475.0000	             -944
  475.2000	             -937
  475.4000	             -965
  475.6000	             -908
  475.8000	             -982
  476.0000	            -1025
  476.2000	             -983
  476.4000	              729
  476.6000	             -895
  476.8000	             -992
  477.0000	            -1015
  477.2000	             -970
  477.4000	            -1018
  477.6000	             -997
  477.8000	            -1025
  478.0000	             -924
  478.2000	            -1015
  478.4000	             -964
  478.6000	             -919
  478.8000	             -966
  479.0000	             -970
  479.2000	             -817
  479.4000	             -848
  479.6000	             -870
  479.8000	             -808
  480.0000	             -904
  480.2000	             -851
  480.4000	             -760
  480.6000	             -307
  480.8000	             -545
  481.0000	             -579
  481.2000	              137
  481.4000	             -467
  481.6000	            -1123
  481.8000	            -1056
  482.0000	            -1064
  482.2000	            -1082
  482.4000	            -1036
  482.6000	            -1059
  482.8000	            -1064
  483.0000	            -1069
  483.2000	            -1096
  483.4000	            -1040
  483.6000	            -1072
  483.8000	            -1036
  484.0000	            -1076
  484.2000	            -1051
  484.4000	            -1053
  484.6000	            -1074
  484.8000	             -841
  485.0000	            -1046
  485.2000	             -980
  485.4000	            -1019
  485.6000	            -1023
  485.8000	            -1107
  486.0000	            -1002
  486.2000	            -1068
  486.4000	             -965
  486.6000	            -1043
  486.8000	             -952
  487.0000	            -1014
  487.2000	             -974
  487.4000	             -984
  487.6000	             -973
  487.8000	             -946
  488.0000	             -276
  488.2000	             -915
  488.4000	             -989
  488.6000	             -906
  488.8000	             -691
  489.0000	             -946
  489.2000	             -903
  489.4000	             -862
  489.6000	             -848
  489.8000	             -862
  490.0000	             -896
  490.2000	             -762
  490.4000	             -693
  490.6000	             -655
  490.8000	             -623
  491.0000	             -630
  491.2000	             -604
  491.4000	             -558
  491.6000	              231
  491.8000	             -562
  492.0000	             -992
  492.2000	            -1037
  492.4000	            -1077
  492.6000	            -1036
  492.8000	            -1041
  493.0000	            -1092
  493.2000	            -1070
  493.4000	            -1051
  493.6000	            -1094
  493.8000	            -1057
  494.0000	            -1073
  494.2000	            -1012
  494.4000	            -1033
  494.6000	            -1047
  494.8000	            -1047
  495.0000	            -1056
  495.2000	            -1043
  495.4000	            -1053
  495.6000	            -1017
  495.8000	            -1024
  496.0000	            -1080
  496.2000	            -1045
  496.4000	             -699
  496.6000	            -1039
  496.8000	            -1023
  497.0000	            -1052
  497.2000	             -923
  497.4000	            -1020
  497.6000	             -997
  497.8000	            -1079
  498.0000	            -1034
  498.2000	            -1102
  498.4000	            -1060
  498.6000	            -1080
  498.8000	            -1053
  499.0000	            -1033
  499.2000	            -1044
  499.4000	            -1006
  499.6000	            -1045
  499.8000	            -1004
  500.0000	            -1017
