  200.0000	            -1128
  200.2000	            -1166
  200.4000	            -1174
  200.6000	            -1154
  200.8000	            -1124
  201.0000	            -1179
  201.2000	            -1156
  201.4000	            -1186
  201.6000	            -1160
  201.8000	            -1129
  202.0000	            -1171
  202.2000	            -1162
  202.4000	            -1138
  202.6000	            -1144
  202.8000	            -1174
  203.0000	            -1154
  203.2000	            -1127
  203.4000	            -1129
  203.6000	            -1129
  203.8000	            -1158
  204.0000	            -1129
  204.2000	            -1165
  204.4000	            -1100
  204.6000	            -1170
  204.8000	            -1144
  205.0000	            -1159
  205.2000	            -1171
  205.4000	            -1169
  205.6000	            -1177
  205.8000	            -1143
  206.0000	            -1127
  206.2000	            -1158
  206.4000	            -1134
  206.6000	            -1141
  206.8000	            -1150
  207.0000	            -1165
  207.2000	            -1165
  207.4000	            -1145
  207.6000	            -1161
  207.8000	            -1167
  208.0000	            -1166
  208.2000	            -1165
  208.4000	            -1178
  208.6000	            -1172
  208.8000	            -1167
  209.0000	            -1100
  209.2000	            -1172
  209.4000	            -1165
  209.6000	            -1138
  209.8000	            -1143
  210.0000	            -1190
  210.2000	            -1172
  210.4000	            -1129
  210.6000	            -1141
  210.8000	            -1138
  211.0000	            -1138
  211.2000	            -1166
  211.4000	            -1138
  211.6000	            -1119
  211.8000	            -1180
  212.0000	            -1156
  212.2000	            -1176
  212.4000	            -1156
  212.6000	            -1121
  212.8000	            -1147
  213.0000	            -1120
  213.2000	            -1137
  213.4000	            -1161
  213.6000	            -1174
  213.8000	            -1188
  214.0000	            -1200
  214.2000	            -1126
  214.4000	            -1148
  214.6000	            -1119
  214.8000	            -1171
  215.0000	            -1161
  215.2000	            -1180
  215.4000	            -1155
  215.6000	            -1151
  215.8000	            -1170
  216.0000	            -1139
  216.2000	            -1138
  216.4000	            -1159
  216.6000	            -1161
  216.8000	            -1178
  217.0000	            -1171
  217.2000	            -1182
  217.4000	            -1155
  217.6000	            -1165
  217.8000	            -1162
  218.0000	            -1170
  218.2000	            -1182
  218.4000	            -1138
  218.6000	            -1162
  218.8000	            -1119
  219.0000	            -1138
  219.2000	            -1123
  219.4000	            -1174
  219.6000	            -1166
  219.8000	            -1172
  220.0000	            -1138
  220.2000	            -1121
  220.4000	            -1151
  220.6000	            -1144
  220.8000	            -1158
  221.0000	            -1128
  221.2000	            -1165
  221.4000	            -1172
  221.6000	            -1162
  221.8000	            -1138
  222.0000	            -1153
  222.2000	            -1156
  222.4000	            -1169
  222.6000	            -1148
  222.8000	            -1171
  223.0000	            -1171
  223.2000	            -1167
  223.4000	            -1120
  223.6000	            -1163
  223.8000	            -1156
  224.0000	            -1159
  224.2000	            -1196
  224.4000	            -1178
  224.6000	            -1155
  224.8000	            -1154
  225.0000	            -1144
  225.2000	            -1166
  225.4000	            -1194
  225.6000	            -1151
  225.8000	            -1119
  226.0000	            -1138
  226.2000	            -1171
  226.4000	            -1171
  226.6000	            -1139
  226.8000	            -1186
  227.0000	            -1194
  227.2000	            -1172
  227.4000	            -1138
  227.6000	            -1145
  227.8000	            -1139
  228.0000	            -1154
  228.2000	            -1177
  228.4000	            -1119
  228.6000	            -1163
  228.8000	            -1119
  229.0000	            -1166
  229.2000	            -1186
  229.4000	            -1163
  229.6000	            -1145
  229.8000	            -1200
  230.0000	            -1144
  230.2000	            -1164
  230.4000	            -1174
  230.6000	            -1186
  230.8000	            -1170
  231.0000	            -1166
  231.2000	            -1163
  231.4000	            -1166
  231.6000	            -1165
  231.8000	            -1169
  232.0000	            -1172
  232.2000	            -1174
  232.4000	            -1176
  232.6000	            -1170
  232.8000	            -1171
  233.0000	            -1138
  233.2000	            -1179
  233.4000	            -1154
  233.6000	            -1176
  233.8000	            -1177
  234.0000	            -1138
  234.2000	            -1194
  234.4000	            -1170
  234.6000	            -1194
  234.8000	            -1161
  235.0000	            -1154
  235.2000	            -1168
  235.4000	            -1162
  235.6000	            -1120
  235.8000	            -1162
  236.0000	            -1165
  236.2000	            -1150
  236.4000	            -1173
  236.6000	            -1161
  236.8000	            -1131
  237.0000	            -1185
  237.2000	            -1185
  237.4000	            -1185
  237.6000	            -1200
  237.8000	            -1139
  238.0000	            -1186
  238.2000	            -1168
  238.4000	            -1162
  238.6000	            -1138
  238.8000	            -1155
  239.0000	            -1189
  239.2000	            -1162
  239.4000	            -1167
  239.6000	            -1158
  239.8000	            -1172
  240.0000	            -1171
  240.2000	            -1200
  240.4000	            -1168
  240.6000	            -1173
  240.8000	            -1180
  241.0000	            -1178
  241.2000	            -1186
  241.4000	            -1170
  241.6000	            -1162
  241.8000	            -1166
  242.0000	            -1155
  242.2000	            -1146
  242.4000	            -1125
  242.6000	            -1174
  242.8000	            -1153
  243.0000	            -1154
  243.2000	            -1170
  243.4000	            -1151
  243.6000	            -1172
  243.8000	            -1177
  244.0000	            -1167
  244.2000	            -1166
  244.4000	            -1146
  244.6000	            -1139
  244.8000	            -1139
  245.0000	            -1177
  245.2000	            -1148
  245.4000	            -1172
  245.6000	            -1172
  245.8000	            -1162
  246.0000	            -1161
  246.2000	            -1139
  246.4000	            -1159
  246.6000	            -1154
  246.8000	            -1161
  247.0000	            -1143
  247.2000	            -1144
  247.4000	            -1156
  247.6000	            -1170
  247.8000	            -1161
  248.0000	            -1171
  248.2000	            -1120
  248.4000	            -1167
  248.6000	            -1150
  248.8000	            -1177
  249.0000	            -1118
  249.2000	            -1167
  249.4000	            -1159
  249.6000	            -1170
  249.8000	            -1176
  250.0000	            -1172
  250.2000	            -1179
  250.4000	            -1135
  250.6000	            -1186
  250.8000	            -1123
  251.0000	            -1151
  251.2000	            -1155
  251.4000	            -1169
  251.6000	            -1171
  251.8000	            -1167
  252.0000	            -1151
  252.2000	            -1179
  252.4000	            -1183
  252.6000	            -1186
  252.8000	            -1152
  253.0000	            -1157
  253.2000	            -1175
  253.4000	            -1173
  253.6000	            -1148
  253.8000	            -1116
  254.0000	            -1186
  254.2000	            -1138
  254.4000	            -1139
  254.6000	            -1194
  254.8000	            -1155
  255.0000	            -1166
  255.2000	            -1148
  255.4000	            -1162
  255.6000	            -1139
  255.8000	            -1144
  256.0000	            -1178
  256.2000	            -1105
  256.4000	            -1166
  256.6000	            -1170
  256.8000	            -1186
  257.0000	            -1138
  257.2000	            -1121
  257.4000	            -1151
  257.6000	            -1142
  257.8000	            -1169
  258.0000	            -1138
  258.2000	            -1138
  258.4000	            -1121
  258.6000	            -1165
  258.8000	            -1167
  259.0000	            -1170
  259.2000	            -1154
  259.4000	            -1119
  259.6000	            -1170
  259.8000	            -1177
  260.0000	            -1167
  260.2000	            -1138
  260.4000	            -1156
  260.6000	            -1161
  260.8000	            -1119
  261.0000	            -1154
  261.2000	            -1120
  261.4000	            -1196
  261.6000	            -1129
  261.8000	            -1149
  262.0000	            -1201
  262.2000	            -1172
  262.4000	            -1174
  262.6000	            -1177
  262.8000	            -1194
  263.0000	            -1136
  263.2000	            -1180
  263.4000	            -1171
  263.6000	            -1170
  263.8000	            -1139
  264.0000	            -1184
  264.2000	            -1172
  264.4000	            -1139
  264.6000	            -1133
  264.8000	            -1127
  265.0000	            -1162
  265.2000	            -1154
  265.4000	            -1154
  265.6000	            -1186
  265.8000	            -1168
  266.0000	            -1161
  266.2000	            -1163
  266.4000	            -1179
  266.6000	            -1176
  266.8000	            -1170
  267.0000	            -1190
  267.2000	            -1186
  267.4000	            -1129
  267.6000	            -1155
  267.8000	            -1176
  268.0000	            -1169
  268.2000	            -1194
  268.4000	            -1166
  268.6000	            -1194
  268.8000	            -1170
  269.0000	            -1119
  269.2000	            -1144
  269.4000	            -1148
  269.6000	            -1187
  269.8000	            -1200
  270.0000	            -1171
  270.2000	            -1160
  270.4000	            -1182
  270.6000	            -1141
  270.8000	            -1144
  271.0000	            -1171
  271.2000	            -1185
  271.4000	            -1127
  271.6000	            -1154
  271.8000	            -1171
  272.0000	            -1182
  272.2000	            -1172
  272.4000	            -1148
  272.6000	            -1153
  272.8000	            -1179
  273.0000	            -1179
  273.2000	            -1174
  273.4000	            -1179
  273.6000	            -1138
  273.8000	            -1162
  274.0000	            -1110
  274.2000	            -1139
  274.4000	            -1179
  274.6000	            -1176
  274.8000	            -1168
  275.0000	            -1154
  275.2000	            -1154
  275.4000	            -1162
  275.6000	            -1172
  275.8000	            -1151
  276.0000	            -1166
  276.2000	            -1127
  276.4000	            -1171
  276.6000	            -1120
  276.8000	            -1100
  277.0000	            -1112
  277.2000	            -1117
  277.4000	            -1121
  277.6000	            -1171
  277.8000	            -1184
  278.0000	            -1172
  278.2000	            -1182
  278.4000	            -1162
  278.6000	            -1169
  278.8000	            -1138
  279.0000	            -1168
  279.2000	            -1179
  279.4000	            -1170
  279.6000	            -1176
  279.8000	            -1140
  280.0000	            -1163
  280.2000	            -1170
  280.4000	            -1161
  280.6000	            -1121
  280.8000	            -1142
  281.0000	            -1162
  281.2000	            -1124
  281.4000	            -1168
  281.6000	            -1170
  281.8000	            -1159
  282.0000	            -1171
  282.2000	            -1156
  282.4000	            -1162
  282.6000	            -1138
  282.8000	            -1171
  283.0000	            -1186
  283.2000	            -1169
  283.4000	            -1142
  283.6000	            -1170
  283.8000	            -1170
  284.0000	            -1172
  284.2000	            -1194
  284.4000	            -1138
  284.6000	            -1145
  284.8000	            -1121
  285.0000	            -1161
  285.2000	            -1127
  285.4000	            -1155
  285.6000	            -1159
  285.8000	            -1138
  286.0000	            -1169
  286.2000	            -1133
  286.4000	            -1171
  286.6000	            -1167
  286.8000	            -1164
  287.0000	            -1142
  287.2000	            -1139
  287.4000	            -1161
  287.6000	            -1181
  287.8000	            -1139
  288.0000	            -1127
  288.2000	            -1166
  288.4000	            -1110
  288.6000	            -1117
  288.8000	            -1100
  289.0000	            -1142
  289.2000	            -1138
  289.4000	            -1165
  289.6000	            -1144
  289.8000	            -1141
  290.0000	            -1150
  290.2000	            -1097
  290.4000	            -1148
  290.6000	            -1162
  290.8000	            -1110
  291.0000	            -1095
  291.2000	            -1136
  291.4000	            -1177
  291.6000	            -1171
  291.8000	            -1152
  292.0000	            -1151
  292.2000	            -1143
  292.4000	            -1124
  292.6000	            -1104
  292.8000	            -1145
  293.0000	            -1135
  293.2000	            -1130
  293.4000	            -1115
  293.6000	            -1139
  293.8000	            -1089
  294.0000	            -1061
  294.2000	            -1043
  294.4000	            -1027
  294.6000	            -1048
  294.8000	             -975
  295.0000	            -1016
  295.2000	             -813
  295.4000	             -897
  295.6000	             -814
  295.8000	             -763
  296.0000	             -742
  296.2000	              -92
  296.4000	             -982
  296.6000	             -935
  296.8000	             -835
  297.0000	             -615
  297.2000	             -499
  297.4000	             -621
  297.6000	             1222
  297.8000	            -1051
  298.0000	            -1116
  298.2000	            -1114
  298.4000	            -1113
  298.6000	            -1156
  298.8000	            -1156
  299.0000	            -1110
  299.2000	            -1093
  299.4000	            -1049
  299.6000	            -1037
  299.8000	            -1106
  300.0000	            -1100
  300.2000	            -1124
  300.4000	            -1103
  300.6000	            -1080
  300.8000	            -1089
  301.0000	            -1115
  301.2000	            -1107
  301.4000	            -1113
  301.6000	            -1120
  301.8000	            -1116
  302.0000	            -1119
  302.2000	            -1105
  302.4000	            -1089
  302.6000	            -1092
  302.8000	            -1057
  303.0000	            -1061
  303.2000	            -1071
  303.4000	            -1060
  303.6000	            -1006
  303.8000	            -1061
  304.0000	            -1025
  304.2000	             -982
  304.4000	             -970
  304.6000	            -1069
  304.8000	            -1004
  305.0000	             -968
  305.2000	            -1041
  305.4000	            -1051
  305.6000	            -1056
  305.8000	            -1009
  306.0000	            -1069
  306.2000	            -1070
  306.4000	              269
  306.6000	             -190
  306.8000	             1034
  307.0000	              526
  307.2000	              348
  307.4000	             -643
  307.6000	             -765
  307.8000	             1185
  308.0000	             2696
  308.2000	             3372
  308.4000	              697
  308.6000	             1602
  308.8000	             -182
  309.0000	             7768
  309.2000	             1959
  309.4000	             1239
  309.6000	             4098
  309.8000	              296
  310.0000	             2074
  310.2000	             2449
  310.4000	             1546
  310.6000	             3425
  310.8000	             2212
  311.0000	             3169
  311.2000	             4370
  311.4000	             3226
  311.6000	             9172
  311.8000	             3241
  312.0000	             2523
  312.2000	             2931
  312.4000	             4707
  312.6000	             6491
  312.8000	            10668
  313.0000	            13171
  313.2000	            11524
  313.4000	            21070
  313.6000	            25915
  313.8000	             3619
  314.0000	             4760
  314.2000	             5851
  314.4000	             9022
  314.6000	            12752
  314.8000	            19138
  315.0000	            27938
  315.2000	            36483
  315.4000	            43514
  315.6000	            36764
  315.8000	           155628
  316.0000	             6146
  316.2000	             1356
  316.4000	             -316
  316.6000	             -130
  316.8000	             -542
  317.0000	              -56
  317.2000	             -871
  317.4000	             -160
  317.6000	             -961
  317.8000	             -342
  318.0000	             -716
  318.2000	             -694
  318.4000	             -822
  318.6000	             -221
  318.8000	             -795
  319.0000	             -944
  319.2000	             -498
  319.4000	             -772
  319.6000	             -914
  319.8000	             -755
  320.0000	             -602
  320.2000	             -573
  320.4000	             -504
  320.6000	             -682
  320.8000	             -703
  321.0000	             -375
  321.2000	             -746
  321.4000	             -575
  321.6000	             -886
  321.8000	             -798
  322.0000	             -770
  322.2000	             -825
  322.4000	             -946
  322.6000	             -855
  322.8000	             -999
  323.0000	             -811
  323.2000	            -1008
  323.4000	             -927
  323.6000	            -1004
  323.8000	             -866
  324.0000	             -654
  324.2000	             -806
  324.4000	             -551
  324.6000	             -866
  324.8000	             -857
  325.0000	             -709
  325.2000	              -81
  325.4000	             -287
  325.6000	             -235
  325.8000	             1164
  326.0000	              -42
  326.2000	             1036
  326.4000	              164
  326.6000	             1348
  326.8000	              973
  327.0000	             -295
  327.2000	              316
  327.4000	               84
  327.6000	              707
  327.8000	             1656
  328.0000	             1449
  328.2000	             1332
  328.4000	             7374
  328.6000	              361
  328.8000	             -166
  329.0000	             -398
  329.2000	              170
  329.4000	              763
  329.6000	             1354
  329.8000	             1211
  330.0000	             1117
  330.2000	             1212
  330.4000	             1783
  330.6000	             2827
  330.8000	             7253
  331.0000	             4855
  331.2000	             3366
  331.4000	             4284
  331.6000	             3560
  331.8000	             3899
  332.0000	             4809
  332.2000	             4838
  332.4000	             5799
  332.6000	             7981
  332.8000	             8882
  333.0000	            11830
  333.2000	            12336
  333.4000	            14143
  333.6000	            13598
  333.8000	            24659
  334.0000	            16529
  334.2000	            19008
  334.4000	            21305
  334.6000	            26158
  334.8000	            29342
  335.0000	            36752
  335.2000	            41630
  335.4000	            57539
  335.6000	            70343
  335.8000	           117444
  336.0000	           147189
  336.2000	           157721
  336.4000	           186207
  336.6000	           205736
  336.8000	           205507
  337.0000	           668209
  337.2000	            71309
  337.4000	             2857
  337.6000	             3297
  337.8000	             2745
  338.0000	             1855
  338.2000	             3130
  338.4000	             1622
  338.6000	             2012
  338.8000	             1372
  339.0000	              138
  339.2000	              743
  339.4000	             -112
  339.6000	              -46
  339.8000	             -383
  340.0000	             -458
  340.2000	             -388
  340.4000	             -802
  340.6000	             -233
  340.8000	             -835
  341.0000	             -353
  341.2000	             -886
  341.4000	             -661
  341.6000	             -636
  341.8000	             -942
  342.0000	             -419
  342.2000	             -975
  342.4000	             -572
  342.6000	             -819
  342.8000	             -778
  343.0000	             -657
  343.2000	             -787
  343.4000	             -682
  343.6000	             -723
  343.8000	             -723
  344.0000	             -352
  344.2000	             -637
  344.4000	             -541
  344.6000	             -697
  344.8000	             -729
  345.0000	             -749
  345.2000	             -668
  345.4000	             -724
  345.6000	             -511
  345.8000	             -539
  346.0000	             -461
  346.2000	             -114
  346.4000	             -261
  346.6000	              280
  346.8000	              -69
  347.0000	             -485
  347.2000	              356
  347.4000	              210
  347.6000	              554
  347.8000	             1163
  348.0000	              258
  348.2000	              177
  348.4000	             1492
  348.6000	             1299
  348.8000	             2500
  349.0000	             4804
  349.2000	             5141
  349.4000	             4870
  349.6000	             6887
  349.8000	             7713
  350.0000	            16591
  350.2000	             2984
  350.4000	             4939
  350.6000	             3927
  350.8000	             3056
  351.0000	             5850
  351.2000	             8413
  351.4000	             9624
  351.6000	             8738
  351.8000	            10066
  352.0000	            12800
  352.2000	            18210
  352.4000	            24410
  352.6000	            30085
  352.8000	            36809
  353.0000	            41591
  353.2000	            45009
  353.4000	            49188
  353.6000	           167279
  353.8000	            10464
  354.0000	            10871
  354.2000	            11723
  354.4000	            14700
  354.6000	            18124
  354.8000	            19263
  355.0000	            19472
  355.2000	            22762
  355.4000	            29370
  355.6000	            34617
  355.8000	            42515
  356.0000	            55813
  356.2000	            69592
  356.4000	            84737
  356.6000	           110482
  356.8000	           135476
  357.0000	           159091
  357.2000	           180676
  357.4000	           181498
  357.6000	           652420
  357.8000	            23558
  358.0000	             1933
  358.2000	             2268
  358.4000	               86
  358.6000	             -667
  358.8000	              -77
  359.0000	             -752
  359.2000	             -816
  359.4000	             -848
  359.6000	             -886
  359.8000	             -896
  360.0000	             -879
  360.2000	             -867
  360.4000	             -876
  360.6000	             -787
  360.8000	             -876
  361.0000	             -843
  361.2000	             -754
  361.4000	             -925
  361.6000	             -827
  361.8000	             -811
  362.0000	             -900
  362.2000	             -772
  362.4000	             -817
  362.6000	             -782
  362.8000	             -679
  363.0000	             -595
  363.2000	             -617
  363.4000	             -434
  363.6000	             -372
  363.8000	             -189
  364.0000	              174
  364.2000	              482
  364.4000	             -508
  364.6000	             -554
  364.8000	             -382
  365.0000	             -253
  365.2000	             -156
  365.4000	             -246
  365.6000	               19
  365.8000	              407
  366.0000	              930
  366.2000	             1387
  366.4000	             1437
  366.6000	             1818
  366.8000	             1661
  367.0000	             6081
  367.2000	             2862
  367.4000	              261
  367.6000	             -227
  367.8000	              517
  368.0000	              866
  368.2000	              556
  368.4000	              525
  368.6000	             2010
  368.8000	             1084
  369.0000	              840
  369.2000	             2786
  369.4000	             4484
  369.6000	             4584
  369.8000	             6020
  370.0000	             8968
  370.2000	            10718
  370.4000	            12625
  370.6000	             9053
  370.8000	            19137
  371.0000	            37907
  371.2000	             1535
  371.4000	             3938
  371.6000	             2732
  371.8000	             4434
  372.0000	             4749
  372.2000	             3470
  372.4000	             5992
  372.6000	             5446
  372.8000	             4977
  373.0000	             8918
  373.2000	             7894
  373.4000	             8500
  373.6000	            12846
  373.8000	            15515
  374.0000	            16496
  374.2000	            22818
  374.4000	            29305
  374.6000	            32968
  374.8000	            36370
  375.0000	            42503
  375.2000	            48649
  375.4000	           152440
  375.6000	            10137
  375.8000	             1536
  376.0000	             3449
  376.2000	             6519
  376.4000	             7181
  376.6000	             8130
  376.8000	             7218
  377.0000	             7756
  377.2000	             7745
  377.4000	             8948
  377.6000	            10602
  377.8000	            13621
  378.0000	            15452
  378.2000	            17647
  378.4000	            19658
  378.6000	            24036
  378.8000	            30629
  379.0000	            38495
  379.2000	            45186
  379.4000	            56220
  379.6000	            68102
  379.8000	            73072
  380.0000	            80975
  380.2000	           104282
  380.4000	           323409
  380.6000	             1174
  380.8000	               92
  381.0000	             -670
  381.2000	             -451
  381.4000	             -862
  381.6000	             -757
  381.8000	             -846
  382.0000	             -716
  382.2000	             -962
  382.4000	             -824
  382.6000	             -663
  382.8000	             -849
  383.0000	             -780
  383.2000	             -742
  383.4000	             -666
  383.6000	             -814
  383.8000	             -700
  384.0000	             -481
  384.2000	             -526
  384.4000	             -434
  384.6000	             -371
  384.8000	             -202
  385.0000	              339
  385.2000	              -77
  385.4000	              398
  385.6000	             1478
  385.8000	             -357
  386.0000	             -460
  386.2000	             -683
  386.4000	             -402
  386.6000	             -367
  386.8000	              122
  387.0000	              118
  387.2000	             -286
  387.4000	              110
  387.6000	              381
  387.8000	              569
  388.0000	             1058
  388.2000	             1853
  388.4000	             3036
  388.6000	             1926
  388.8000	             2416
  389.0000	             3154
  389.2000	             5641
  389.4000	             7925
  389.6000	             1969
  389.8000	             2458
  390.0000	             2632
  390.2000	             2881
  390.4000	             3353
  390.6000	             3201
  390.8000	             2930
  391.0000	             1357
  391.2000	             8907
  391.4000	            22423
  391.6000	              529
  391.8000	              138
  392.0000	              536
  392.2000	             1834
  392.4000	             1836
  392.6000	             2917
  392.8000	             4197
  393.0000	             4524
  393.2000	             6001
  393.4000	             7055
  393.6000	             5969
  393.8000	             8442
  394.0000	            13788
  394.2000	            26268
  394.4000	              -51
  394.6000	             1622
  394.8000	              106
  395.0000	             -116
  395.2000	               41
  395.4000	             1382
  395.6000	              551
  395.8000	              514
  396.0000	             -190
  396.2000	              763
  396.4000	             1008
  396.6000	             1825
  396.8000	             2292
  397.0000	             2565
  397.2000	             3475
  397.4000	             3333
  397.6000	             4476
  397.8000	             4978
  398.0000	             7272
  398.2000	             7761
  398.4000	             8958
  398.6000	            12333
  398.8000	            12861
  399.0000	            15456
  399.2000	            17435
  399.4000	            18852
  399.6000	            42279
  399.8000	            36416
  400.0000	             -288
  400.2000	             1088
  400.4000	             -202
  400.6000	             -586
  400.8000	             1022
  401.0000	              784
  401.2000	             -599
  401.4000	              217
  401.6000	             1635
  401.8000	             1659
  402.0000	              434
  402.2000	              154
  402.4000	              763
  402.6000	             1970
  402.8000	             3173
  403.0000	             3773
  403.2000	             4307
  403.4000	             5041
  403.6000	             5469
  403.8000	             6145
  404.0000	             7468
  404.2000	             9389
  404.4000	            11225
  404.6000	            13092
  404.8000	            15454
  405.0000	            17857
  405.2000	            19823
  405.4000	            22114
  405.6000	            25511
  405.8000	            82024
  406.0000	             4174
  406.2000	             -524
  406.4000	             -764
  406.6000	             -866
  406.8000	             -862
  407.0000	             -876
  407.2000	              287
  407.4000	             -833
  407.6000	             -632
  407.8000	             -660
  408.0000	             -231
  408.2000	             -567
  408.4000	             -502
  408.6000	             -395
  408.8000	             -364
  409.0000	             -235
  409.2000	              801
  409.4000	              485
  409.6000	             -945
  409.8000	             -886
  410.0000	             -761
  410.2000	             -876
  410.4000	             -169
  410.6000	             -863
  410.8000	             -773
  411.0000	             -634
  411.2000	             -726
  411.4000	             -659
  411.6000	             -778
  411.8000	             -605
  412.0000	             -574
  412.2000	             -127
  412.4000	              -81
  412.6000	              226
  412.8000	              374
  413.0000	              634
  413.2000	             2151
  413.4000	              665
  413.6000	             1053
  413.8000	             1415
  414.0000	             6022
  414.2000	             1103
  414.4000	             -847
  414.6000	             -734
  414.8000	             -689
  415.0000	             -968
  415.2000	             -695
  415.4000	             -626
  415.6000	             -734
  415.8000	              344
  416.0000	             -572
  416.2000	             -418
  416.4000	             -632
  416.6000	             -269
  416.8000	             -308
  417.0000	             -106
  417.2000	              -62
  417.4000	              -12
  417.6000	              182
  417.8000	              748
  418.0000	              733
  418.2000	             1553
  418.4000	             1504
  418.6000	             2238
  418.8000	             2010
  419.0000	             3260
  419.2000	             2754
  419.4000	             3569
  419.6000	             4181
  419.8000	             7356
  420.0000	            16266
  420.2000	              109
  420.4000	             -157
  420.6000	             -766
  420.8000	             -469
  421.0000	             -392
  421.2000	             -770
  421.4000	             -216
  421.6000	             -355
  421.8000	             -392
  422.0000	              -36
  422.2000	              109
  422.4000	             -481
  422.6000	              285
  422.8000	              543
  423.0000	             -308
  423.2000	             -119
  423.4000	              578
  423.6000	             2208
  423.8000	              441
  424.0000	              515
  424.2000	              513
  424.4000	             1008
  424.6000	             1247
  424.8000	             2046
  425.0000	             2483
  425.2000	             3359
  425.4000	             3403
  425.6000	             4321
  425.8000	             5395
  426.0000	             6084
  426.2000	             7383
  426.4000	             8154
  426.6000	            10353
  426.8000	            26965
  427.0000	             1622
  427.2000	              800
  427.4000	             -305
  427.6000	             3142
  427.8000	             6712
  428.0000	             -745
  428.2000	             -624
  428.4000	             -935
  428.6000	             -437
  428.8000	             -997
  429.0000	             -582
  429.2000	             -473
  429.4000	             -964
  429.6000	             -303
  429.8000	             -400
  430.0000	             -312
  430.2000	             -273
  430.4000	              -24
  430.6000	             -473
  430.8000	             -253
  431.0000	              -10
  431.2000	              489
  431.4000	              364
  431.6000	              307
  431.8000	              456
  432.0000	              792
  432.2000	             1257
  432.4000	             1708
  432.6000	             2131
  432.8000	             2570
  433.0000	             3108
  433.2000	             3705
  433.4000	             4156
  433.6000	             5042
  433.8000	             5494
  434.0000	             6167
  434.2000	            13163
  434.4000	            12363
  434.6000	             -576
  434.8000	              267
  435.0000	             -620
  435.2000	             -468
  435.4000	               48
  435.6000	             -309
  435.8000	            -1042
  436.0000	            -1016
  436.2000	             -967
  436.4000	            -1017
  436.6000	            -1007
  436.8000	             -918
  437.0000	             -246
  437.2000	             -915
  437.4000	            -1003
  437.6000	             -637
  437.8000	             -905
  438.0000	             -586
  438.2000	             -924
  438.4000	             -828
  438.6000	             -934
  438.8000	             -941
  439.0000	             -919
  439.2000	             -878
  439.4000	             -793
  439.6000	             -723
  439.8000	             -632
  440.0000	             -179
  440.2000	             -407
  440.4000	             -386
  440.6000	             -433
  440.8000	             -228
  441.0000	             -160
  441.2000	              161
  441.4000	             2006
  441.6000	             -131
  441.8000	            -1089
  442.0000	            -1006
  442.2000	            -1060
  442.4000	            -1052
  442.6000	             -340
  442.8000	            -1055
  443.0000	             -473
  443.2000	             -998
  443.4000	             -706
  443.6000	             -931
  443.8000	             -783
  444.0000	             -765
  444.2000	             -900
  444.4000	             -765
  444.6000	             -757
  444.8000	             -474
  445.0000	             -659
  445.2000	             -671
  445.4000	             -727
  445.6000	             -934
  445.8000	             -672
  446.0000	             -563
  446.2000	             -636
  446.4000	             -401
  446.6000	             -255
  446.8000	             -308
  447.0000	             -219
  447.2000	             -110
  447.4000	              499
  447.6000	              -71
  447.8000	              329
  448.0000	              280
  448.2000	              873
  448.4000	              804
  448.6000	             1179
  448.8000	             4494
  449.0000	              183
  449.2000	             -957
  449.4000	            -1067
  449.6000	             -915
  449.8000	            -1008
  450.0000	             -981
  450.2000	             -942
  450.4000	             -945
  450.6000	            -1069
  450.8000	             -939
  451.0000	             -453
  451.2000	            -1004
  451.4000	             -915
  451.6000	             -993
  451.8000	             -804
  452.0000	            -1056
  452.2000	             -765
  452.4000	             -928
  452.6000	             -951
  452.8000	             -765
  453.0000	             -885
  453.2000	             -791
  453.4000	             -756
  453.6000	             -800
  453.8000	             -796
  454.0000	             -642
  454.2000	             -669
  454.4000	             1118
  454.6000	             -398
  454.8000	             -455
  455.0000	             -492
  455.2000	             -252
  455.4000	             -170
  455.6000	                0
  455.8000	               44
  456.0000	              238
  456.2000	              666
  456.4000	              695
  456.6000	              857
  456.8000	             1059
  457.0000	             1437
  457.2000	             5181
  457.4000	             1175
  457.6000	             -979
  457.8000	             -835
  458.0000	             -581
  458.2000	            -1088
  458.4000	             -965
  458.6000	            -1101
  458.8000	             -970
  459.0000	              -37
  459.2000	            -1008
  459.4000	            -1069
  459.6000	             -900
  459.8000	             -768
  460.0000	             -856
  460.2000	            -1073
  460.4000	             -976
  460.6000	            -1086
  460.8000	             -871
  461.0000	               62
  461.2000	             -840
  461.4000	            -1067
  461.6000	             -851
  461.8000	             -966
  462.0000	             -980
  462.2000	             -773
  462.4000	             -980
  462.6000	             -819
  462.8000	             -682
  463.0000	             -839
  463.2000	             -704
  463.4000	             -575
  463.6000	             -577
  463.8000	             -472
  464.0000	             -497
  464.2000	             -449
  464.4000	             -385
  464.6000	              -44
  464.8000	               -9
  465.0000	              -68
  465.2000	              -13
  465.4000	             -148
  465.6000	               -9
  465.8000	             1532
  466.0000	              237
  466.2000	              355
  466.4000	             1282
  466.6000	             2852
  466.8000	             -957
  467.0000	            -1090
  467.2000	            -1097
  467.4000	            -1091
  467.6000	            -1039
  467.8000	             -945
  468.0000	            -1053
  468.2000	             -946
  468.4000	             -976
  468.6000	             -933
  468.8000	            -1023
  469.0000	             -838
  469.2000	             -944
  469.4000	             -798
  469.6000	             -865
  469.8000	             -954
  470.0000	             -872
  470.2000	             -710
  470.4000	             -880
  470.6000	             -710
  470.8000	                2
  471.0000	             -640
  471.2000	             -915
  471.4000	             -846
  471.6000	             -715
  471.8000	             -742
  472.0000	             -403
  472.2000	             -379
  472.4000	            -1016
  472.6000	             -481
  472.8000	            -1077
  473.0000	            -1053
  473.2000	             -801
  473.4000	            -1063
  473.6000	             -573
  473.8000	            -1033
  474.0000	             -963
  474.2000	            -1008
  474.4000	             -936
  474.6000	             -980
  474.8000	             -851
  475.0000	             -940
  475.2000	             -975
  475.4000	             -976
  475.6000	             -919
  475.8000	            -1023
  476.0000	             -984
  476.2000	            -1034
  476.4000	             1354
  476.6000	             -936
  476.8000	             -968
  477.0000	            -1038
  477.2000	            -1028
  477.4000	            -1069
  477.6000	            -1042
  477.8000	            -1039
  478.0000	             -940
  478.2000	             -983
  478.4000	             -944
  478.6000	             -916
  478.8000	             -952
  479.0000	             -974
  479.2000	             -841
  479.4000	             -769
  479.6000	             -830
  479.8000	             -810
  480.0000	             -851
  480.2000	             -872
  480.4000	             -784
  480.6000	              -75
  480.8000	             -508
  481.0000	             -497
  481.2000	              261
  481.4000	             -284
  481.6000	            -1107
  481.8000	            -1091
  482.0000	            -1104
  482.2000	            -1077
  482.4000	            -1061
  482.6000	            -1156
  482.8000	            -1107
  483.0000	            -1100
  483.2000	            -1092
  483.4000	            -1047
  483.6000	            -1095
  483.8000	            -1039
  484.0000	            -1118
  484.2000	            -1122
  484.4000	            -1025
  484.6000	            -1106
  484.8000	             -760
  485.0000	            -1067
  485.2000	             -980
  485.4000	            -1060
  485.6000	            -1034
  485.8000	            -1035
  486.0000	            -1025
  486.2000	            -1071
  486.4000	            -1006
  486.6000	             -987
  486.8000	             -967
  487.0000	            -1003
  487.2000	            -1000
  487.4000	             -963
  487.6000	            -1008
  487.8000	             -870
  488.0000	             -116
  488.2000	             -875
  488.4000	             -992
  488.6000	             -904
  488.8000	             -641
  489.0000	             -911
  489.2000	             -872
  489.4000	             -769
  489.6000	             -802
  489.8000	             -858
  490.0000	             -805
  490.2000	             -760
  490.4000	             -612
  490.6000	             -622
  490.8000	             -614
  491.0000	             -620
  491.2000	             -551
  491.4000	             -426
  491.6000	              285
  491.8000	             -480
  492.0000	             -981
  492.2000	            -1072
  492.4000	            -1131
  492.6000	            -1069
  492.8000	            -1040
  493.0000	            -1106
  493.2000	             -996
  493.4000	            -1076
  493.6000	            -1096
  493.8000	            -1080
  494.0000	            -1097
  494.2000	            -1070
  494.4000	            -1078
  494.6000	            -1065
  494.8000	            -1070
  495.0000	            -1064
  495.2000	            -1089
  495.4000	            -1042
  495.6000	            -1017
  495.8000	             -970
  496.0000	            -1053
  496.2000	            -1052
  496.4000	             -630
  496.6000	            -1005
  496.8000	            -1052
  497.0000	            -1032
  497.2000	             -849
  497.4000	            -1001
  497.6000	            -1020
  497.8000	            -1104
  498.0000	            -1053
  498.2000	            -1067
  498.4000	            -1072
  498.6000	            -1099
  498.8000	            -1068
  499.0000	            -1082
  499.2000	            -1059
  499.4000	            -1031
  499.6000	            -1034
  499.8000	             -978
  500.0000	            -1058
