  200.0000	            -1098
  200.2000	            -1105
  200.4000	            -1118
  200.6000	            -1092
  200.8000	            -1108
  201.0000	            -1125
  201.2000	            -1098
  201.4000	            -1109
  201.6000	            -1089
  201.8000	            -1063
  202.0000	            -1104
  202.2000	            -1118
  202.4000	            -1106
  202.6000	            -1093
  202.8000	            -1095
  203.0000	            -1121
  203.2000	            -1093
  203.4000	            -1092
  203.6000	            -1117
  203.8000	            -1130
  204.0000	            -1047
  204.2000	            -1118
  204.4000	            -1094
  204.6000	            -1045
  204.8000	            -1117
  205.0000	            -1110
  205.2000	            -1142
  205.4000	            -1128
  205.6000	            -1097
  205.8000	            -1104
  206.0000	            -1127
  206.2000	            -1103
  206.4000	            -1090
  206.6000	            -1090
  206.8000	            -1082
  207.0000	            -1077
  207.2000	            -1089
  207.4000	            -1122
  207.6000	            -1090
  207.8000	            -1071
  208.0000	            -1118
  208.2000	            -1115
  208.4000	            -1101
  208.6000	            -1089
  208.8000	            -1098
  209.0000	            -1113
  209.2000	            -1056
  209.4000	            -1143
  209.6000	            -1117
  209.8000	            -1124
  210.0000	            -1124
  210.2000	            -1120
  210.4000	            -1067
  210.6000	            -1144
  210.8000	            -1122
  211.0000	            -1102
  211.2000	            -1117
  211.4000	            -1093
  211.6000	            -1099
  211.8000	            -1104
  212.0000	            -1099
  212.2000	            -1142
  212.4000	            -1098
  212.6000	            -1102
  212.8000	            -1106
  213.0000	            -1139
  213.2000	            -1099
  213.4000	            -1086
  213.6000	            -1089
  213.8000	            -1105
  214.0000	            -1127
  214.2000	            -1091
  214.4000	            -1099
  214.6000	            -1074
  214.8000	            -1098
  215.0000	            -1107
  215.2000	            -1092
  215.4000	            -1099
  215.6000	            -1085
  215.8000	            -1116
  216.0000	            -1113
  216.2000	            -1093
  216.4000	            -1086
  216.6000	            -1111
  216.8000	            -1110
  217.0000	            -1106
  217.2000	            -1113
  217.4000	            -1104
  217.6000	            -1091
  217.8000	            -1110
  218.0000	            -1063
  218.2000	            -1093
  218.4000	            -1110
  218.6000	            -1106
  218.8000	            -1118
  219.0000	            -1120
  219.2000	            -1098
  219.4000	            -1113
  219.6000	            -1098
  219.8000	            -1136
  220.0000	            -1106
  220.2000	            -1137
  220.4000	            -1120
  220.6000	            -1102
  220.8000	            -1115
  221.0000	            -1099
  221.2000	            -1113
  221.4000	            -1115
  221.6000	            -1097
  221.8000	            -1116
  222.0000	            -1090
  222.2000	            -1067
  222.4000	            -1100
  222.6000	            -1109
  222.8000	            -1106
  223.0000	            -1067
  223.2000	            -1117
  223.4000	            -1111
  223.6000	            -1117
  223.8000	            -1086
  224.0000	            -1104
  224.2000	            -1117
  224.4000	            -1106
  224.6000	            -1095
  224.8000	            -1089
  225.0000	            -1116
  225.2000	            -1085
  225.4000	            -1098
  225.6000	            -1097
  225.8000	            -1115
  226.0000	            -1104
  226.2000	            -1089
  226.4000	            -1113
  226.6000	            -1097
  226.8000	            -1099
  227.0000	            -1135
  227.2000	            -1098
  227.4000	            -1092
  227.6000	            -1128
  227.8000	            -1098
  228.0000	            -1117
  228.2000	            -1130
  228.4000	            -1116
  228.6000	            -1124
  228.8000	            -1111
  229.0000	            -1106
  229.2000	            -1104
  229.4000	            -1106
  229.6000	            -1086
  229.8000	            -1104
  230.0000	            -1092
  230.2000	            -1113
  230.4000	            -1110
  230.6000	            -1088
  230.8000	            -1098
  231.0000	            -1086
  231.2000	            -1089
  231.4000	            -1110
  231.6000	            -1112
  231.8000	            -1099
  232.0000	            -1129
  232.2000	            -1106
  232.4000	            -1095
  232.6000	            -1105
  232.8000	            -1086
  233.0000	            -1083
  233.2000	            -1129
  233.4000	            -1089
  233.6000	            -1077
  233.8000	            -1116
  234.0000	            -1099
  234.2000	            -1061
  234.4000	            -1107
  234.6000	            -1107
  234.8000	            -1108
  235.0000	            -1104
  235.2000	            -1106
  235.4000	            -1110
  235.6000	            -1112
  235.8000	            -1115
  236.0000	            -1107
  236.2000	            -1089
  236.4000	            -1089
  236.6000	            -1116
  236.8000	            -1082
  237.0000	            -1115
  237.2000	            -1086
  237.4000	            -1042
  237.6000	            -1103
  237.8000	            -1098
  238.0000	            -1108
  238.2000	            -1093
  238.4000	            -1077
  238.6000	            -1109
  238.8000	            -1099
  239.0000	            -1114
  239.2000	            -1097
  239.4000	            -1045
  239.6000	            -1122
  239.8000	            -1101
  240.0000	            -1098
  240.2000	            -1139
  240.4000	            -1048
  240.6000	            -1134
  240.8000	            -1116
  241.0000	            -1122
  241.2000	            -1090
  241.4000	            -1090
  241.6000	            -1090
  241.8000	            -1117
  242.0000	            -1107
  242.2000	            -1101
  242.4000	            -1130
  242.6000	            -1082
  242.8000	            -1057
  243.0000	            -1104
  243.2000	            -1116
  243.4000	            -1153
  243.6000	            -1095
  243.8000	            -1110
  244.0000	            -1088
  244.2000	            -1122
  244.4000	            -1089
  244.6000	            -1045
  244.8000	            -1090
  245.0000	            -1117
  245.2000	            -1106
  245.4000	            -1086
  245.6000	            -1048
  245.8000	            -1116
  246.0000	            -1104
  246.2000	            -1098
  246.4000	            -1113
  246.6000	            -1091
  246.8000	            -1137
  247.0000	            -1067
  247.2000	            -1086
  247.4000	            -1077
  247.6000	            -1106
  247.8000	            -1127
  248.0000	            -1093
  248.2000	            -1089
  248.4000	            -1110
  248.6000	            -1106
  248.8000	            -1099
  249.0000	            -1101
  249.2000	            -1100
  249.4000	            -1114
  249.6000	            -1054
  249.8000	            -1096
  250.0000	            -1106
  250.2000	            -1136
  250.4000	            -1118
  250.6000	            -1110
  250.8000	            -1118
  251.0000	            -1109
  251.2000	            -1103
  251.4000	            -1113
  251.6000	            -1086
  251.8000	            -1125
  252.0000	            -1098
  252.2000	            -1117
  252.4000	            -1091
  252.6000	            -1086
  252.8000	            -1099
  253.0000	            -1115
  253.2000	            -1136
  253.4000	            -1118
  253.6000	            -1090
  253.8000	            -1102
  254.0000	            -1109
  254.2000	            -1109
  254.4000	            -1109
  254.6000	            -1067
  254.8000	            -1088
  255.0000	            -1098
  255.2000	            -1121
  255.4000	            -1092
  255.6000	            -1090
  255.8000	            -1124
  256.0000	            -1106
  256.2000	            -1099
  256.4000	            -1099
  256.6000	            -1122
  256.8000	            -1090
  257.0000	            -1083
  257.2000	            -1115
  257.4000	            -1095
  257.6000	            -1059
  257.8000	            -1079
  258.0000	            -1089
  258.2000	            -1097
  258.4000	            -1118
  258.6000	            -1099
  258.8000	            -1057
  259.0000	            -1097
  259.2000	            -1106
  259.4000	            -1112
  259.6000	            -1090
  259.8000	            -1067
  260.0000	            -1086
  260.2000	            -1090
  260.4000	            -1102
  260.6000	            -1087
  260.8000	            -1088
  261.0000	            -1092
  261.2000	             -979
  261.4000	            -1104
  261.6000	            -1089
  261.8000	            -1104
  262.0000	            -1127
  262.2000	            -1082
  262.4000	            -1076
  262.6000	            -1103
  262.8000	            -1096
  263.0000	            -1098
  263.2000	            -1086
  263.4000	            -1118
  263.6000	            -1113
  263.8000	            -1128
  264.0000	            -1142
  264.2000	            -1113
  264.4000	            -1067
  264.6000	            -1108
  264.8000	            -1067
  265.0000	            -1065
  265.2000	            -1097
  265.4000	            -1115
  265.6000	            -1111
  265.8000	            -1116
  266.0000	            -1136
  266.2000	            -1101
  266.4000	            -1120
  266.6000	            -1090
  266.8000	            -1104
  267.0000	            -1096
  267.2000	            -1106
  267.4000	            -1067
  267.6000	            -1090
  267.8000	            -1086
  268.0000	            -1089
  268.2000	            -1120
  268.4000	            -1099
  268.6000	            -1088
  268.8000	            -1091
  269.0000	            -1113
  269.2000	            -1108
  269.4000	            -1089
  269.6000	            -1077
  269.8000	            -1099
  270.0000	            -1092
  270.2000	            -1120
  270.4000	            -1133
  270.6000	            -1118
  270.8000	            -1067
  271.0000	            -1103
  271.2000	            -1077
  271.4000	            -1106
  271.6000	            -1098
  271.8000	            -1116
  272.0000	            -1059
  272.2000	            -1113
  272.4000	            -1103
  272.6000	            -1098
  272.8000	            -1092
  273.0000	            -1117
  273.2000	            -1090
  273.4000	            -1106
  273.6000	            -1093
  273.8000	            -1125
  274.0000	            -1067
  274.2000	            -1091
  274.4000	            -1077
  274.6000	            -1107
  274.8000	            -1077
  275.0000	            -1100
  275.2000	            -1106
  275.4000	            -1101
  275.6000	            -1067
  275.8000	            -1067
  276.0000	            -1090
  276.2000	            -1089
  276.4000	            -1099
  276.6000	            -1059
  276.8000	            -1077
  277.0000	            -1067
  277.2000	            -1074
  277.4000	            -1092
  277.6000	            -1107
  277.8000	            -1098
  278.0000	            -1093
  278.2000	            -1111
  278.4000	            -1101
  278.6000	            -1115
  278.8000	            -1067
  279.0000	            -1103
  279.2000	            -1101
  279.4000	            -1110
  279.6000	            -1125
  279.8000	            -1089
  280.0000	            -1127
  280.2000	            -1107
  280.4000	            -1092
  280.6000	            -1118
  280.8000	            -1093
  281.0000	            -1095
  281.2000	            -1093
  281.4000	            -1133
  281.6000	            -1104
  281.8000	            -1115
  282.0000	            -1124
  282.2000	            -1137
  282.4000	            -1135
  282.6000	            -1086
  282.8000	            -1104
  283.0000	            -1107
  283.2000	            -1137
  283.4000	            -1143
  283.6000	            -1104
  283.8000	            -1118
  284.0000	            -1146
  284.2000	            -1130
  284.4000	            -1111
  284.6000	            -1110
  284.8000	            -1098
  285.0000	            -1113
  285.2000	            -1115
  285.4000	            -1119
  285.6000	            -1097
  285.8000	            -1102
  286.0000	            -1104
  286.2000	            -1120
  286.4000	            -1113
  286.6000	            -1145
  286.8000	            -1139
  287.0000	            -1093
  287.2000	            -1110
  287.4000	            -1114
  287.6000	            -1125
  287.8000	            -1113
  288.0000	            -1117
  288.2000	            -1139
  288.4000	            -1137
  288.6000	            -1071
  288.8000	            -1107
  289.0000	            -1115
  289.2000	            -1112
  289.4000	            -1093
  289.6000	            -1091
  289.8000	            -1117
  290.0000	            -1087
  290.2000	            -1048
  290.4000	            -1122
  290.6000	            -1115
  290.8000	            -1072
  291.0000	            -1091
  291.2000	            -1143
  291.4000	            -1091
  291.6000	            -1108
  291.8000	            -1125
  292.0000	            -1099
  292.2000	            -1082
  292.4000	            -1115
  292.6000	            -1090
  292.8000	            -1129
  293.0000	            -1125
  293.2000	            -1059
  293.4000	            -1040
  293.6000	            -1099
  293.8000	            -1019
  294.0000	             -989
  294.2000	             -979
  294.4000	             -928
  294.6000	             -937
  294.8000	             -837
  295.0000	             -905
  295.2000	             -468
  295.4000	             -682
  295.6000	             -614
  295.8000	             -662
  296.0000	             -508
  296.2000	              502
  296.4000	             -831
  296.6000	             -842
  296.8000	             -612
  297.0000	             -407
  297.2000	             -263
  297.4000	             -304
  297.6000	             2100
  297.8000	             -968
  298.0000	            -1019
  298.2000	            -1056
  298.4000	            -1077
  298.6000	            -1077
  298.8000	            -1079
  299.0000	            -1076
  299.2000	            -1043
  299.4000	            -1055
  299.6000	            -1007
  299.8000	            -1022
  300.0000	            -1047
  300.2000	            -1034
  300.4000	            -1044
  300.6000	            -1023
  300.8000	             -995
  301.0000	            -1052
  301.2000	            -1048
  301.4000	            -1076
  301.6000	            -1042
  301.8000	            -1093
  302.0000	            -1053
  302.2000	            -1042
  302.4000	            -1049
  302.6000	            -1007
  302.8000	            -1007
  303.0000	             -995
  303.2000	            -1029
  303.4000	             -959
  303.6000	             -964
  303.8000	             -965
  304.0000	             -984
  304.2000	             -919
  304.4000	             -921
  304.6000	             -976
  304.8000	             -860
  305.0000	             -915
  305.2000	             -987
  305.4000	             -968
  305.6000	             -995
  305.8000	             -928
  306.0000	             -978
  306.2000	            -1015
  306.4000	              486
  306.6000	               18
  306.8000	             1334
  307.0000	              779
  307.2000	              648
  307.4000	             -441
  307.6000	             -571
  307.8000	             1557
  308.0000	             3244
  308.2000	             3802
  308.4000	             1015
  308.6000	             2045
  308.8000	              231
  309.0000	             9250
  309.2000	             2888
  309.4000	             1823
  309.6000	             4984
  309.8000	              833
  310.0000	             2725
  310.2000	             3380
  310.4000	             2477
  310.6000	             4524
  310.8000	             3681
  311.0000	             4456
  311.2000	             6563
  311.4000	             5045
  311.6000	            13814
  311.8000	             4730
  312.0000	             3929
  312.2000	             4670
  312.4000	             7460
  312.6000	             9891
  312.8000	            15399
  313.0000	            18105
  313.2000	            16524
  313.4000	            30056
  313.6000	            35061
  313.8000	             6110
  314.0000	             7628
  314.2000	             9370
  314.4000	            13610
  314.6000	            18825
  314.8000	            27124
  315.0000	            36182
  315.2000	            44973
  315.4000	            56658
  315.6000	            49277
  315.8000	           199098
  316.0000	             8021
  316.2000	             1969
  316.4000	              -55
  316.6000	               82
  316.8000	             -380
  317.0000	              132
  317.2000	             -761
  317.4000	              -95
  317.6000	             -835
  317.8000	             -204
  318.0000	             -557
  318.2000	             -591
  318.4000	             -686
  318.6000	              -57
  318.8000	             -711
  319.0000	             -822
  319.2000	             -342
  319.4000	             -641
  319.6000	             -866
  319.8000	             -613
  320.0000	             -428
  320.2000	             -473
  320.4000	             -384
  320.6000	             -648
  320.8000	             -614
  321.0000	             -204
  321.2000	             -656
  321.4000	             -473
  321.6000	             -828
  321.8000	             -667
  322.0000	             -640
  322.2000	             -699
  322.4000	             -876
  322.6000	             -739
  322.8000	             -899
  323.0000	             -727
  323.2000	             -878
  323.4000	             -775
  323.6000	             -888
  323.8000	             -742
  324.0000	             -304
  324.2000	             -654
  324.4000	             -220
  324.6000	             -682
  324.8000	             -677
  325.0000	             -405
  325.2000	              304
  325.4000	              137
  325.6000	              186
  325.8000	             1975
  326.0000	              578
  326.2000	             1899
  326.4000	              947
  326.6000	             2877
  326.8000	             2056
  327.0000	               89
  327.2000	             1054
  327.4000	              680
  327.6000	             1655
  327.8000	             2990
  328.0000	             2642
  328.2000	             2492
  328.4000	            11042
  328.6000	              689
  328.8000	              193
  329.0000	              144
  329.2000	              891
  329.4000	             1745
  329.6000	             2577
  329.8000	             2437
  330.0000	             2375
  330.2000	             2246
  330.4000	             3012
  330.6000	             4330
  330.8000	            10650
  331.0000	             7203
  331.2000	             5358
  331.4000	             6692
  331.6000	             5742
  331.8000	             6114
  332.0000	             7465
  332.2000	             7407
  332.4000	             8607
  332.6000	            11701
  332.8000	            12883
  333.0000	            17236
  333.2000	            17545
  333.4000	            20199
  333.6000	            19836
  333.8000	            34249
  334.0000	            24119
  334.2000	            27254
  334.4000	            30391
  334.6000	            37466
  334.8000	            42192
  335.0000	            51831
  335.2000	            57976
  335.4000	            79189
  335.6000	            95964
  335.8000	           156939
  336.0000	           196435
  336.2000	           199399
  336.4000	           231646
  336.6000	           258880
  336.8000	           263330
  337.0000	           819577
  337.2000	            85516
  337.4000	             3923
  337.6000	             4833
  337.8000	             4215
  338.0000	             3011
  338.2000	             4663
  338.4000	             3089
  338.6000	             3526
  338.8000	             2922
  339.0000	              576
  339.2000	             1706
  339.4000	              422
  339.6000	              513
  339.8000	                0
  340.0000	              -85
  340.2000	               64
  340.4000	             -564
  340.6000	              317
  340.8000	             -670
  341.0000	              114
  341.2000	             -712
  341.4000	             -412
  341.6000	             -266
  341.8000	             -770
  342.0000	              -36
  342.2000	             -824
  342.4000	             -236
  342.6000	             -592
  342.8000	             -551
  343.0000	             -364
  343.2000	             -569
  343.4000	             -472
  343.6000	             -454
  343.8000	             -443
  344.0000	              243
  344.2000	             -341
  344.4000	             -304
  344.6000	             -448
  344.8000	             -500
  345.0000	             -474
  345.2000	             -390
  345.4000	             -450
  345.6000	             -227
  345.8000	             -181
  346.0000	             -226
  346.2000	              121
  346.4000	               92
  346.6000	              990
  346.8000	              496
  347.0000	             -173
  347.2000	             1069
  347.4000	              844
  347.6000	             1525
  347.8000	             2505
  348.0000	             1057
  348.2000	              876
  348.4000	             2405
  348.6000	             2116
  348.8000	             3801
  349.0000	             7005
  349.2000	             8151
  349.4000	             7277
  349.6000	            10070
  349.8000	            11479
  350.0000	            22356
  350.2000	             4656
  350.4000	             7579
  350.6000	             6498
  350.8000	             5206
  351.0000	             9098
  351.2000	            12193
  351.4000	            14498
  351.6000	            13558
  351.8000	            13809
  352.0000	            18752
  352.2000	            26718
  352.4000	            34371
  352.6000	            42673
  352.8000	            49876
  353.0000	            56063
  353.2000	            61491
  353.4000	            68752
  353.6000	           217096
  353.8000	            14917
  354.0000	            15470
  354.2000	            17036
  354.4000	            21367
  354.6000	            26230
  354.8000	            27812
  355.0000	            28754
  355.2000	            33080
  355.4000	            42478
  355.6000	            49308
  355.8000	            59171
  356.0000	            76904
  356.2000	            94454
  356.4000	           113595
  356.6000	           141760
  356.8000	           170276
  357.0000	           197561
  357.2000	           225054
  357.4000	           237520
  357.6000	           775628
  357.8000	            27927
  358.0000	             2909
  358.2000	             4960
  358.4000	              465
  358.6000	             -394
  358.8000	              678
  359.0000	             -594
  359.2000	             -665
  359.4000	             -743
  359.6000	             -792
  359.8000	             -793
  360.0000	             -701
  360.2000	             -698
  360.4000	             -752
  360.6000	             -622
  360.8000	             -663
  361.0000	             -647
  361.2000	             -583
  361.4000	             -777
  361.6000	             -628
  361.8000	             -599
  362.0000	             -705
  362.2000	             -525
  362.4000	             -592
  362.6000	             -608
  362.8000	             -378
  363.0000	             -208
  363.2000	             -203
  363.4000	              -13
  363.6000	              112
  363.8000	              378
  364.0000	              849
  364.2000	             1404
  364.4000	             -128
  364.6000	             -198
  364.8000	              168
  365.0000	              245
  365.2000	              462
  365.4000	              214
  365.6000	              729
  365.8000	             1258
  366.0000	             2094
  366.2000	             2619
  366.4000	             2731
  366.6000	             3239
  366.8000	             3195
  367.0000	             9569
  367.2000	             4561
  367.4000	             1069
  367.6000	              241
  367.8000	             1558
  368.0000	             1998
  368.2000	             1602
  368.4000	             1386
  368.6000	             3784
  368.8000	             2367
  369.0000	             1856
  369.2000	             4732
  369.4000	             7305
  369.6000	             7337
  369.8000	             9378
  370.0000	            13259
  370.2000	            15455
  370.4000	            18427
  370.6000	            13213
  370.8000	            27436
  371.0000	            52099
  371.2000	             2710
  371.4000	             6193
  371.6000	             4412
  371.8000	             6955
  372.0000	             7598
  372.2000	             5613
  372.4000	             9095
  372.6000	             8429
  372.8000	             8095
  373.0000	            13714
  373.2000	            12321
  373.4000	            13084
  373.6000	            19682
  373.8000	            22897
  374.0000	            24228
  374.2000	            32489
  374.4000	            41134
  374.6000	            44849
  374.8000	            48785
  375.0000	            58215
  375.2000	            66985
  375.4000	           195425
  375.6000	            13796
  375.8000	             2750
  376.0000	             5229
  376.2000	             9510
  376.4000	            10368
  376.6000	            12140
  376.8000	            10769
  377.0000	            11576
  377.2000	            11599
  377.4000	            13452
  377.6000	            15863
  377.8000	            19821
  378.0000	            22493
  378.2000	            25430
  378.4000	            28054
  378.6000	            33501
  378.8000	            41375
  379.0000	            51004
  379.2000	            58939
  379.4000	            73128
  379.6000	            87008
  379.8000	            94292
  380.0000	           104199
  380.2000	           134002
  380.4000	           382295
  380.6000	             1741
  380.8000	              453
  381.0000	             -385
  381.2000	             -191
  381.4000	             -758
  381.6000	             -387
  381.8000	             -705
  382.0000	             -433
  382.2000	             -801
  382.4000	             -567
  382.6000	             -338
  382.8000	             -540
  383.0000	             -566
  383.2000	             -475
  383.4000	             -370
  383.6000	             -525
  383.8000	             -443
  384.0000	              -35
  384.2000	             -166
  384.4000	               91
  384.6000	              157
  384.8000	              389
  385.0000	             1241
  385.2000	              592
  385.4000	             1308
  385.6000	             3065
  385.8000	              211
  386.0000	               96
  386.2000	             -293
  386.4000	              199
  386.6000	              256
  386.8000	              988
  387.0000	              906
  387.2000	              292
  387.4000	              962
  387.6000	             1339
  387.8000	             1540
  388.0000	             2515
  388.2000	             3697
  388.4000	             5999
  388.6000	             3699
  388.8000	             4500
  389.0000	             5591
  389.2000	             9392
  389.4000	            12541
  389.6000	             4076
  389.8000	             4883
  390.0000	             5040
  390.2000	             5420
  390.4000	             5856
  390.6000	             5745
  390.8000	             5369
  391.0000	             3104
  391.2000	            15057
  391.4000	            37419
  391.6000	             1503
  391.8000	              826
  392.0000	             1391
  392.2000	             3369
  392.4000	             3312
  392.6000	             4747
  392.8000	             6599
  393.0000	             6847
  393.2000	             8799
  393.4000	            10248
  393.6000	             8467
  393.8000	            12037
  394.0000	            19707
  394.2000	            34996
  394.4000	              437
  394.6000	             2746
  394.8000	              669
  395.0000	              307
  395.2000	              579
  395.4000	             2531
  395.6000	             1523
  395.8000	             1324
  396.0000	              345
  396.2000	             1704
  396.4000	             2192
  396.6000	             3270
  396.8000	             4113
  397.0000	             4355
  397.2000	             5483
  397.4000	             5481
  397.6000	             6858
  397.8000	             7512
  398.0000	            10468
  398.2000	            10868
  398.4000	            12887
  398.6000	            16722
  398.8000	            17235
  399.0000	            21088
  399.2000	            23414
  399.4000	            25653
  399.6000	            57057
  399.8000	            46474
  400.0000	               -3
  400.2000	             1915
  400.4000	              240
  400.6000	             -341
  400.8000	             1915
  401.0000	             1628
  401.2000	             -312
  401.4000	              764
  401.6000	             2700
  401.8000	             2776
  402.0000	             1230
  402.2000	              666
  402.4000	             1619
  402.6000	             3334
  402.8000	             4832
  403.0000	             5933
  403.2000	             6541
  403.4000	             7414
  403.6000	             7987
  403.8000	             8938
  404.0000	            10384
  404.2000	            12861
  404.4000	            15195
  404.6000	            17447
  404.8000	            20044
  405.0000	            22841
  405.2000	            25711
  405.4000	            28475
  405.6000	            33236
  405.8000	            99420
  406.0000	             5611
  406.2000	             -367
  406.4000	             -501
  406.6000	             -674
  406.8000	             -721
  407.0000	             -698
  407.2000	             1504
  407.4000	             -582
  407.6000	             -278
  407.8000	             -353
  408.0000	              353
  408.2000	             -175
  408.4000	             -160
  408.6000	              155
  408.8000	              164
  409.0000	              261
  409.2000	             1891
  409.4000	             1159
  409.6000	             -790
  409.8000	             -683
  410.0000	             -487
  410.2000	             -693
  410.4000	              403
  410.6000	             -664
  410.8000	             -514
  411.0000	             -379
  411.2000	             -482
  411.4000	             -440
  411.6000	             -514
  411.8000	             -292
  412.0000	             -199
  412.2000	              381
  412.4000	              442
  412.6000	              902
  412.8000	              981
  413.0000	             1507
  413.2000	             3939
  413.4000	             1430
  413.6000	             1949
  413.8000	             2663
  414.0000	             9224
  414.2000	             2070
  414.4000	             -578
  414.6000	             -505
  414.8000	             -401
  415.0000	             -835
  415.2000	             -402
  415.4000	             -239
  415.6000	             -487
  415.8000	             1103
  416.0000	             -205
  416.2000	              -22
  416.4000	             -372
  416.6000	              176
  416.8000	              -10
  417.0000	              437
  417.2000	              379
  417.4000	              491
  417.6000	              746
  417.8000	             1471
  418.0000	             1500
  418.2000	             2696
  418.4000	             2696
  418.6000	             3608
  418.8000	             3295
  419.0000	             5047
  419.2000	             4214
  419.4000	             5155
  419.6000	             6239
  419.8000	            11006
  420.0000	            21780
  420.2000	              476
  420.4000	              361
  420.6000	             -590
  420.8000	             -151
  421.0000	              -37
  421.2000	             -572
  421.4000	              284
  421.6000	              170
  421.8000	               87
  422.0000	              508
  422.2000	              800
  422.4000	              -84
  422.6000	             1103
  422.8000	             1535
  423.0000	              263
  423.2000	              536
  423.4000	             1727
  423.6000	             4509
  423.8000	             1309
  424.0000	             1340
  424.2000	             1249
  424.4000	             2111
  424.6000	             2291
  424.8000	             3445
  425.0000	             4027
  425.2000	             5104
  425.4000	             5270
  425.6000	             6594
  425.8000	             7530
  426.0000	             8552
  426.2000	            10086
  426.4000	            11341
  426.6000	            14245
  426.8000	            34261
  427.0000	             2796
  427.2000	             1776
  427.4000	              353
  427.6000	             5849
  427.8000	            11246
  428.0000	             -526
  428.2000	             -393
  428.4000	             -815
  428.6000	             -126
  428.8000	             -892
  429.0000	             -307
  429.2000	             -229
  429.4000	             -815
  429.6000	               92
  429.8000	              -27
  430.0000	               81
  430.2000	               88
  430.4000	              517
  430.6000	             -196
  430.8000	              167
  431.0000	              596
  431.2000	             1135
  431.4000	              991
  431.6000	              969
  431.8000	             1102
  432.0000	             1499
  432.2000	             2172
  432.4000	             2651
  432.6000	             3145
  432.8000	             3688
  433.0000	             4621
  433.2000	             5184
  433.4000	             5710
  433.6000	             6499
  433.8000	             7360
  434.0000	             8156
  434.2000	            16465
  434.4000	            14716
  434.6000	             -288
  434.8000	             1221
  435.0000	             -246
  435.2000	              -12
  435.4000	              750
  435.6000	              108
  435.8000	             -970
  436.0000	             -946
  436.2000	             -803
  436.4000	             -866
  436.6000	             -891
  436.8000	             -700
  437.0000	              382
  437.2000	             -698
  437.4000	             -774
  437.6000	             -365
  437.8000	             -696
  438.0000	             -271
  438.2000	             -664
  438.4000	             -599
  438.6000	             -801
  438.8000	             -796
  439.0000	             -730
  439.2000	             -616
  439.4000	             -469
  439.6000	             -403
  439.8000	             -384
  440.0000	              461
  440.2000	                0
  440.4000	               98
  440.6000	              -75
  440.8000	              204
  441.0000	              345
  441.2000	              804
  441.4000	             3274
  441.6000	              362
  441.8000	            -1022
  442.0000	             -868
  442.2000	             -918
  442.4000	             -916
  442.6000	              176
  442.8000	             -932
  443.0000	               46
  443.2000	             -895
  443.4000	             -471
  443.6000	             -806
  443.8000	             -577
  444.0000	             -566
  444.2000	             -816
  444.4000	             -564
  444.6000	             -620
  444.8000	              -91
  445.0000	             -416
  445.2000	             -502
  445.4000	             -492
  445.6000	             -715
  445.8000	             -448
  446.0000	             -310
  446.2000	             -318
  446.4000	              -42
  446.6000	              125
  446.8000	              139
  447.0000	              226
  447.2000	              265
  447.4000	             1236
  447.6000	              423
  447.8000	              838
  448.0000	              818
  448.2000	             1869
  448.4000	             1492
  448.6000	             2116
  448.8000	             6263
  449.0000	              583
  449.2000	             -854
  449.4000	             -958
  449.6000	             -779
  449.8000	             -897
  450.0000	             -824
  450.2000	             -784
  450.4000	             -792
  450.6000	             -933
  450.8000	             -765
  451.0000	             -131
  451.2000	             -852
  451.4000	             -693
  451.6000	             -803
  451.8000	             -594
  452.0000	            -1008
  452.2000	             -456
  452.4000	             -765
  452.6000	             -786
  452.8000	             -461
  453.0000	             -645
  453.2000	             -605
  453.4000	             -482
  453.6000	             -518
  453.8000	             -538
  454.0000	             -292
  454.2000	             -386
  454.4000	             2528
  454.6000	              -33
  454.8000	              -93
  455.0000	             -142
  455.2000	              125
  455.4000	              320
  455.6000	              521
  455.8000	              489
  456.0000	              838
  456.2000	             1246
  456.4000	             1365
  456.6000	             1534
  456.8000	             1846
  457.0000	             2327
  457.2000	             6859
  457.4000	             1835
  457.6000	             -857
  457.8000	             -542
  458.0000	             -296
  458.2000	             -964
  458.4000	             -828
  458.6000	             -965
  458.8000	             -783
  459.0000	              647
  459.2000	             -798
  459.4000	             -919
  459.6000	             -694
  459.8000	             -446
  460.0000	             -595
  460.2000	             -905
  460.4000	             -861
  460.6000	             -914
  460.8000	             -692
  461.0000	              790
  461.2000	             -630
  461.4000	             -955
  461.6000	             -681
  461.8000	             -781
  462.0000	             -778
  462.2000	             -521
  462.4000	             -795
  462.6000	             -531
  462.8000	             -406
  463.0000	             -540
  463.2000	             -427
  463.4000	             -298
  463.6000	             -324
  463.8000	             -173
  464.0000	             -129
  464.2000	              -90
  464.4000	               13
  464.6000	              403
  464.8000	              438
  465.0000	              429
  465.2000	              678
  465.4000	              228
  465.6000	              392
  465.8000	             2772
  466.0000	              665
  466.2000	              909
  466.4000	             1935
  466.6000	             3537
  466.8000	             -859
  467.0000	             -945
  467.2000	             -940
  467.4000	             -964
  467.6000	             -948
  467.8000	             -816
  468.0000	             -866
  468.2000	             -766
  468.4000	             -814
  468.6000	             -721
  468.8000	             -861
  469.0000	             -605
  469.2000	             -694
  469.4000	             -602
  469.6000	             -643
  469.8000	             -736
  470.0000	             -623
  470.2000	             -468
  470.4000	             -572
  470.6000	             -316
  470.8000	              756
  471.0000	             -399
  471.2000	             -723
  471.4000	             -672
  471.6000	             -567
  471.8000	             -492
  472.0000	             -158
  472.2000	              -46
  472.4000	             -932
  472.6000	              -26
  472.8000	            -1001
  473.0000	             -945
  473.2000	             -571
  473.4000	             -940
  473.6000	             -277
  473.8000	             -964
  474.0000	             -865
  474.2000	             -934
  474.4000	             -841
  474.6000	             -844
  474.8000	             -826
  475.0000	             -862
  475.2000	             -828
  475.4000	             -913
  475.6000	             -835
  475.8000	             -922
  476.0000	             -901
  476.2000	             -923
  476.4000	             2795
  476.6000	             -751
  476.8000	             -939
  477.0000	             -903
  477.2000	             -904
  477.4000	             -934
  477.6000	             -903
  477.8000	             -923
  478.0000	             -850
  478.2000	             -845
  478.4000	             -803
  478.6000	             -715
  478.8000	             -847
  479.0000	             -828
  479.2000	             -625
  479.4000	             -607
  479.6000	             -621
  479.8000	             -558
  480.0000	             -732
  480.2000	             -699
  480.4000	             -495
  480.6000	              508
  480.8000	             -244
  481.0000	             -235
  481.2000	              738
  481.4000	              -59
  481.6000	             -995
  481.8000	             -996
  482.0000	            -1015
  482.2000	             -999
  482.4000	             -953
  482.6000	            -1068
  482.8000	             -999
  483.0000	            -1026
  483.2000	            -1034
  483.4000	             -924
  483.6000	             -986
  483.8000	             -933
  484.0000	             -988
  484.2000	             -960
  484.4000	             -951
  484.6000	             -940
  484.8000	             -518
  485.0000	             -992
  485.2000	             -893
  485.4000	             -954
  485.6000	             -900
  485.8000	            -1005
  486.0000	             -860
  486.2000	             -975
  486.4000	             -859
  486.6000	             -921
  486.8000	             -836
  487.0000	             -927
  487.2000	             -815
  487.4000	             -850
  487.6000	             -818
  487.8000	             -708
  488.0000	              468
  488.2000	             -730
  488.4000	             -860
  488.6000	             -750
  488.8000	             -369
  489.0000	             -776
  489.2000	             -742
  489.4000	             -619
  489.6000	             -657
  489.8000	             -693
  490.0000	             -631
  490.2000	             -566
  490.4000	             -407
  490.6000	             -389
  490.8000	             -429
  491.0000	             -431
  491.2000	             -303
  491.4000	             -179
  491.6000	              819
  491.8000	             -232
  492.0000	             -812
  492.2000	             -942
  492.4000	            -1008
  492.6000	             -955
  492.8000	             -981
  493.0000	            -1018
  493.2000	             -857
  493.4000	             -960
  493.6000	            -1042
  493.8000	             -960
  494.0000	            -1001
  494.2000	             -958
  494.4000	             -963
  494.6000	             -973
  494.8000	             -957
  495.0000	             -969
  495.2000	             -983
  495.4000	             -897
  495.6000	             -864
  495.8000	             -828
  496.0000	             -962
  496.2000	             -903
  496.4000	             -214
  496.6000	             -916
  496.8000	             -930
  497.0000	             -937
  497.2000	             -705
  497.4000	             -860
  497.6000	             -901
  497.8000	            -1050
  498.0000	             -958
  498.2000	             -983
  498.4000	             -964
  498.6000	            -1006
  498.8000	             -974
  499.0000	             -967
  499.2000	             -960
  499.4000	             -915
  499.6000	             -997
  499.8000	             -934
  500.0000	             -900
