  200.0000	            -1173
  200.2000	            -1190
  200.4000	            -1198
  200.6000	            -1151
  200.8000	            -1146
  201.0000	            -1140
  201.2000	            -1191
  201.4000	            -1214
  201.6000	            -1190
  201.8000	            -1153
  202.0000	            -1198
  202.2000	            -1146
  202.4000	            -1165
  202.6000	            -1154
  202.8000	            -1182
  203.0000	            -1153
  203.2000	            -1191
  203.4000	            -1150
  203.6000	            -1177
  203.8000	            -1202
  204.0000	            -1155
  204.2000	            -1214
  204.4000	            -1155
  204.6000	            -1153
  204.8000	            -1188
  205.0000	            -1186
  205.2000	            -1150
  205.4000	            -1177
  205.6000	            -1191
  205.8000	            -1146
  206.0000	            -1136
  206.2000	            -1194
  206.4000	            -1143
  206.6000	            -1196
  206.8000	            -1163
  207.0000	            -1172
  207.2000	            -1146
  207.4000	            -1155
  207.6000	            -1174
  207.8000	            -1196
  208.0000	            -1174
  208.2000	            -1192
  208.4000	            -1143
  208.6000	            -1190
  208.8000	            -1143
  209.0000	            -1174
  209.2000	            -1150
  209.4000	            -1146
  209.6000	            -1154
  209.8000	            -1204
  210.0000	            -1154
  210.2000	            -1162
  210.4000	            -1170
  210.6000	            -1159
  210.8000	            -1214
  211.0000	            -1192
  211.2000	            -1190
  211.4000	            -1153
  211.6000	            -1200
  211.8000	            -1170
  212.0000	            -1178
  212.2000	            -1156
  212.4000	            -1155
  212.6000	            -1198
  212.8000	            -1170
  213.0000	            -1153
  213.2000	            -1215
  213.4000	            -1203
  213.6000	            -1177
  213.8000	            -1143
  214.0000	            -1202
  214.2000	            -1211
  214.4000	            -1148
  214.6000	            -1126
  214.8000	            -1146
  215.0000	            -1198
  215.2000	            -1189
  215.4000	            -1146
  215.6000	            -1190
  215.8000	            -1192
  216.0000	            -1150
  216.2000	            -1179
  216.4000	            -1166
  216.6000	            -1194
  216.8000	            -1184
  217.0000	            -1173
  217.2000	            -1154
  217.4000	            -1189
  217.6000	            -1203
  217.8000	            -1118
  218.0000	            -1209
  218.2000	            -1140
  218.4000	            -1159
  218.6000	            -1153
  218.8000	            -1215
  219.0000	            -1174
  219.2000	            -1196
  219.4000	            -1190
  219.6000	            -1180
  219.8000	            -1140
  220.0000	            -1164
  220.2000	            -1154
  220.4000	            -1153
  220.6000	            -1192
  220.8000	            -1175
  221.0000	            -1194
  221.2000	            -1146
  221.4000	            -1198
  221.6000	            -1198
  221.8000	            -1154
  222.0000	            -1190
  222.2000	            -1174
  222.4000	            -1140
  222.6000	            -1132
  222.8000	            -1154
  223.0000	            -1165
  223.2000	            -1190
  223.4000	            -1118
  223.6000	            -1179
  223.8000	            -1149
  224.0000	            -1202
  224.2000	            -1209
  224.4000	            -1191
  224.6000	            -1190
  224.8000	            -1163
  225.0000	            -1153
  225.2000	            -1211
  225.4000	            -1180
  225.6000	            -1202
  225.8000	            -1179
  226.0000	            -1201
  226.2000	            -1192
  226.4000	            -1198
  226.6000	            -1145
  226.8000	            -1175
  227.0000	            -1173
  227.2000	            -1174
  227.4000	            -1205
  227.6000	            -1190
  227.8000	            -1173
  228.0000	            -1154
  228.2000	            -1162
  228.4000	            -1191
  228.6000	            -1174
  228.8000	            -1179
  229.0000	            -1170
  229.2000	            -1189
  229.4000	            -1202
  229.6000	            -1189
  229.8000	            -1191
  230.0000	            -1156
  230.2000	            -1196
  230.4000	            -1178
  230.6000	            -1198
  230.8000	            -1156
  231.0000	            -1190
  231.2000	            -1136
  231.4000	            -1174
  231.6000	            -1165
  231.8000	            -1149
  232.0000	            -1178
  232.2000	            -1163
  232.4000	            -1153
  232.6000	            -1165
  232.8000	            -1210
  233.0000	            -1165
  233.2000	            -1191
  233.4000	            -1123
  233.6000	            -1153
  233.8000	            -1202
  234.0000	            -1132
  234.2000	            -1183
  234.4000	            -1118
  234.6000	            -1177
  234.8000	            -1190
  235.0000	            -1174
  235.2000	            -1156
  235.4000	            -1192
  235.6000	            -1198
  235.8000	            -1134
  236.0000	            -1155
  236.2000	            -1192
  236.4000	            -1179
  236.6000	            -1168
  236.8000	            -1173
  237.0000	            -1143
  237.2000	            -1155
  237.4000	            -1214
  237.6000	            -1179
  237.8000	            -1210
  238.0000	            -1150
  238.2000	            -1162
  238.4000	            -1202
  238.6000	            -1141
  238.8000	            -1190
  239.0000	            -1151
  239.2000	            -1188
  239.4000	            -1191
  239.6000	            -1173
  239.8000	            -1159
  240.0000	            -1187
  240.2000	            -1152
  240.4000	            -1146
  240.6000	            -1153
  240.8000	            -1167
  241.0000	            -1192
  241.2000	            -1156
  241.4000	            -1177
  241.6000	            -1182
  241.8000	            -1191
  242.0000	            -1141
  242.2000	            -1179
  242.4000	            -1165
  242.6000	            -1143
  242.8000	            -1191
  243.0000	            -1190
  243.2000	            -1143
  243.4000	            -1146
  243.6000	            -1126
  243.8000	            -1140
  244.0000	            -1149
  244.2000	            -1212
  244.4000	            -1140
  244.6000	            -1191
  244.8000	            -1177
  245.0000	            -1173
  245.2000	            -1210
  245.4000	            -1118
  245.6000	            -1143
  245.8000	            -1143
  246.0000	            -1153
  246.2000	            -1126
  246.4000	            -1143
  246.6000	            -1194
  246.8000	            -1153
  247.0000	            -1198
  247.2000	            -1206
  247.4000	            -1165
  247.6000	            -1194
  247.8000	            -1147
  248.0000	            -1209
  248.2000	            -1188
  248.4000	            -1196
  248.6000	            -1179
  248.8000	            -1191
  249.0000	            -1158
  249.2000	            -1220
  249.4000	            -1156
  249.6000	            -1156
  249.8000	            -1174
  250.0000	            -1178
  250.2000	            -1196
  250.4000	            -1171
  250.6000	            -1203
  250.8000	            -1146
  251.0000	            -1181
  251.2000	            -1177
  251.4000	            -1181
  251.6000	            -1185
  251.8000	            -1154
  252.0000	            -1190
  252.2000	            -1137
  252.4000	            -1151
  252.6000	            -1159
  252.8000	            -1178
  253.0000	            -1146
  253.2000	            -1198
  253.4000	            -1178
  253.6000	            -1202
  253.8000	            -1184
  254.0000	            -1212
  254.2000	            -1190
  254.4000	            -1178
  254.6000	            -1169
  254.8000	            -1179
  255.0000	            -1151
  255.2000	            -1198
  255.4000	            -1149
  255.6000	            -1166
  255.8000	            -1192
  256.0000	            -1201
  256.2000	            -1191
  256.4000	            -1164
  256.6000	            -1180
  256.8000	            -1132
  257.0000	            -1141
  257.2000	            -1182
  257.4000	            -1143
  257.6000	            -1145
  257.8000	            -1196
  258.0000	            -1170
  258.2000	            -1192
  258.4000	            -1189
  258.6000	            -1196
  258.8000	            -1161
  259.0000	            -1151
  259.2000	            -1192
  259.4000	            -1160
  259.6000	            -1146
  259.8000	            -1192
  260.0000	            -1148
  260.2000	            -1194
  260.4000	            -1146
  260.6000	            -1210
  260.8000	            -1152
  261.0000	            -1154
  261.2000	            -1191
  261.4000	            -1181
  261.6000	            -1143
  261.8000	            -1151
  262.0000	            -1192
  262.2000	            -1178
  262.4000	            -1126
  262.6000	            -1190
  262.8000	            -1212
  263.0000	            -1154
  263.2000	            -1126
  263.4000	            -1179
  263.6000	            -1154
  263.8000	            -1196
  264.0000	            -1174
  264.2000	            -1143
  264.4000	            -1188
  264.6000	            -1157
  264.8000	            -1136
  265.0000	            -1152
  265.2000	            -1132
  265.4000	            -1165
  265.6000	            -1187
  265.8000	            -1136
  266.0000	            -1202
  266.2000	            -1143
  266.4000	            -1153
  266.6000	            -1174
  266.8000	            -1194
  267.0000	            -1152
  267.2000	            -1209
  267.4000	            -1209
  267.6000	            -1154
  267.8000	            -1184
  268.0000	            -1200
  268.2000	            -1130
  268.4000	            -1198
  268.6000	            -1123
  268.8000	            -1156
  269.0000	            -1126
  269.2000	            -1130
  269.4000	            -1143
  269.6000	            -1186
  269.8000	            -1146
  270.0000	            -1143
  270.2000	            -1194
  270.4000	            -1198
  270.6000	            -1192
  270.8000	            -1190
  271.0000	            -1191
  271.2000	            -1173
  271.4000	            -1156
  271.6000	            -1153
  271.8000	            -1151
  272.0000	            -1175
  272.2000	            -1189
  272.4000	            -1178
  272.6000	            -1178
  272.8000	            -1201
  273.0000	            -1152
  273.2000	            -1191
  273.4000	            -1132
  273.6000	            -1130
  273.8000	            -1156
  274.0000	            -1173
  274.2000	            -1163
  274.4000	            -1200
  274.6000	            -1134
  274.8000	            -1132
  275.0000	            -1174
  275.2000	            -1191
  275.4000	            -1183
  275.6000	            -1143
  275.8000	            -1143
  276.0000	            -1162
  276.2000	            -1183
  276.4000	            -1135
  276.6000	            -1152
  276.8000	            -1179
  277.0000	            -1139
  277.2000	            -1183
  277.4000	            -1158
  277.6000	            -1146
  277.8000	            -1126
  278.0000	            -1156
  278.2000	            -1178
  278.4000	            -1118
  278.6000	            -1199
  278.8000	            -1179
  279.0000	            -1168
  279.2000	            -1203
  279.4000	            -1188
  279.6000	            -1127
  279.8000	            -1146
  280.0000	            -1179
  280.2000	            -1192
  280.4000	            -1191
  280.6000	            -1164
  280.8000	            -1130
  281.0000	            -1179
  281.2000	            -1118
  281.4000	            -1170
  281.6000	            -1187
  281.8000	            -1153
  282.0000	            -1153
  282.2000	            -1146
  282.4000	            -1136
  282.6000	            -1140
  282.8000	            -1173
  283.0000	            -1186
  283.2000	            -1173
  283.4000	            -1156
  283.6000	            -1167
  283.8000	            -1138
  284.0000	            -1179
  284.2000	            -1154
  284.4000	            -1148
  284.6000	            -1179
  284.8000	            -1191
  285.0000	            -1159
  285.2000	            -1150
  285.4000	            -1192
  285.6000	            -1153
  285.8000	            -1156
  286.0000	            -1123
  286.2000	            -1192
  286.4000	            -1154
  286.6000	            -1153
  286.8000	            -1171
  287.0000	            -1159
  287.2000	            -1126
  287.4000	            -1198
  287.6000	            -1126
  287.8000	            -1171
  288.0000	            -1198
  288.2000	            -1137
  288.4000	            -1136
  288.6000	            -1165
  288.8000	            -1139
  289.0000	            -1136
  289.2000	            -1179
  289.4000	            -1150
  289.6000	            -1129
  289.8000	            -1162
  290.0000	            -1148
  290.2000	            -1151
  290.4000	            -1174
  290.6000	            -1198
  290.8000	            -1140
  291.0000	            -1179
  291.2000	            -1146
  291.4000	            -1198
  291.6000	            -1190
  291.8000	            -1152
  292.0000	            -1155
  292.2000	            -1149
  292.4000	            -1175
  292.6000	            -1158
  292.8000	            -1127
  293.0000	            -1154
  293.2000	            -1139
  293.4000	            -1179
  293.6000	            -1151
  293.8000	            -1107
  294.0000	            -1105
  294.2000	            -1099
  294.4000	            -1118
  294.6000	            -1065
  294.8000	            -1019
  295.0000	            -1105
  295.2000	             -880
  295.4000	            -1070
  295.6000	            -1028
  295.8000	            -1033
  296.0000	             -870
  296.2000	             -890
  296.4000	            -1128
  296.6000	            -1105
  296.8000	            -1052
  297.0000	            -1048
  297.2000	             -981
  297.4000	             -986
  297.6000	             -525
  297.8000	            -1160
  298.0000	            -1167
  298.2000	            -1101
  298.4000	            -1165
  298.6000	            -1190
  298.8000	            -1130
  299.0000	            -1179
  299.2000	            -1135
  299.4000	            -1153
  299.6000	            -1128
  299.8000	            -1161
  300.0000	            -1143
  300.2000	            -1160
  300.4000	            -1142
  300.6000	            -1141
  300.8000	            -1165
  301.0000	            -1124
  301.2000	            -1131
  301.4000	            -1167
  301.6000	            -1190
  301.8000	            -1179
  302.0000	            -1138
  302.2000	            -1114
  302.4000	            -1151
  302.6000	            -1119
  302.8000	            -1142
  303.0000	            -1081
  303.2000	            -1140
  303.4000	            -1151
  303.6000	            -1066
  303.8000	            -1101
  304.0000	            -1042
  304.2000	            -1048
  304.4000	             -964
  304.6000	            -1077
  304.8000	             -968
  305.0000	            -1105
  305.2000	            -1017
  305.4000	            -1069
  305.6000	            -1100
  305.8000	             -943
  306.0000	            -1076
  306.2000	             -658
  306.4000	             6463
  306.6000	             3146
  306.8000	             9599
  307.0000	             6749
  307.2000	             5472
  307.4000	             1720
  307.6000	              310
  307.8000	            12540
  308.0000	            14096
  308.2000	             9274
  308.4000	             4053
  308.6000	            11923
  308.8000	              589
  309.0000	            36431
  309.2000	             9202
  309.4000	             7213
  309.6000	            21142
  309.8000	             7924
  310.0000	             5145
  310.2000	            14911
  310.4000	              579
  310.6000	            13725
  310.8000	             3189
  311.0000	             6998
  311.2000	            12171
  311.4000	             6627
  311.6000	             5197
  311.8000	             4767
  312.0000	             2979
  312.2000	            12387
  312.4000	             8970
  312.6000	             7065
  312.8000	            10573
  313.0000	            12037
  313.2000	             5330
  313.4000	            16390
  313.6000	            14852
  313.8000	             7271
  314.0000	             8048
  314.2000	            10035
  314.4000	             7717
  314.6000	            18153
  314.8000	             7907
  315.0000	            14172
  315.2000	            16134
  315.4000	            13442
  315.6000	            15006
  315.8000	            33046
  316.0000	             5781
  316.2000	             2707
  316.4000	             6991
  316.6000	             3780
  316.8000	             4699
  317.0000	              354
  317.2000	              401
  317.4000	             6441
  317.6000	             -330
  317.8000	              709
  318.0000	             1449
  318.2000	             1891
  318.4000	             -512
  318.6000	             2720
  318.8000	              173
  319.0000	             -120
  319.2000	             1623
  319.4000	             2840
  319.6000	             -924
  319.8000	              401
  320.0000	             1634
  320.2000	             1591
  320.4000	              321
  320.6000	              644
  320.8000	              -39
  321.0000	             2780
  321.2000	              692
  321.4000	             -273
  321.6000	             -728
  321.8000	              -39
  322.0000	              939
  322.2000	             -119
  322.4000	             -817
  322.6000	               97
  322.8000	            -1011
  323.0000	              607
  323.2000	             -801
  323.4000	             -331
  323.6000	             -969
  323.8000	             -189
  324.0000	             -595
  324.2000	             -936
  324.4000	              518
  324.6000	             -786
  324.8000	             -907
  325.0000	             -901
  325.2000	             -269
  325.4000	             -584
  325.6000	             -389
  325.8000	             -370
  326.0000	             -459
  326.2000	             -274
  326.4000	              -99
  326.6000	             1122
  326.8000	             -595
  327.0000	             -743
  327.2000	             -463
  327.4000	             -456
  327.6000	              -39
  327.8000	              292
  328.0000	               87
  328.2000	             -224
  328.4000	             1787
  328.6000	             -429
  328.8000	             -144
  329.0000	             -577
  329.2000	             -694
  329.4000	             -660
  329.6000	               21
  329.8000	               44
  330.0000	              160
  330.2000	              -92
  330.4000	              -45
  330.6000	             -249
  330.8000	             1308
  331.0000	              899
  331.2000	             1003
  331.4000	             1958
  331.6000	             1839
  331.8000	             2536
  332.0000	             2330
  332.2000	             3090
  332.4000	             3023
  332.6000	             4060
  332.8000	             3795
  333.0000	             4621
  333.2000	             3860
  333.4000	             3632
  333.6000	             4704
  333.8000	             6806
  334.0000	             7860
  334.2000	             7423
  334.4000	             7477
  334.6000	            10698
  334.8000	            10820
  335.0000	            11680
  335.2000	            12988
  335.4000	            14713
  335.6000	            17008
  335.8000	            20653
  336.0000	            24977
  336.2000	            25602
  336.4000	            29051
  336.6000	            33724
  336.8000	            37116
  337.0000	            96348
  337.2000	              369
  337.4000	             -711
  337.6000	             -329
  337.8000	             -462
  338.0000	             -611
  338.2000	             -596
  338.4000	             -679
  338.6000	             -469
  338.8000	             -457
  339.0000	             -734
  339.2000	             -698
  339.4000	             -852
  339.6000	             -838
  339.8000	             -847
  340.0000	             -981
  340.2000	             -927
  340.4000	            -1028
  340.6000	             -863
  340.8000	             -980
  341.0000	             -957
  341.2000	             -994
  341.4000	            -1040
  341.6000	             -959
  341.8000	            -1015
  342.0000	             -904
  342.2000	            -1033
  342.4000	            -1028
  342.6000	             -936
  342.8000	             -657
  343.0000	             -825
  343.2000	             -504
  343.4000	             -815
  343.6000	             -872
  343.8000	             -659
  344.0000	             -823
  344.2000	             -731
  344.4000	             -645
  344.6000	             -798
  344.8000	             -740
  345.0000	             -811
  345.2000	             -854
  345.4000	            -1006
  345.6000	             -906
  345.8000	             -504
  346.0000	             -430
  346.2000	             -374
  346.4000	             -519
  346.6000	             -153
  346.8000	              194
  347.0000	             -454
  347.2000	              262
  347.4000	              119
  347.6000	              190
  347.8000	              589
  348.0000	              610
  348.2000	             -242
  348.4000	              827
  348.6000	              430
  348.8000	              454
  349.0000	             1403
  349.2000	             1708
  349.4000	             1365
  349.6000	             1836
  349.8000	             3670
  350.0000	             2959
  350.2000	              605
  350.4000	             2039
  350.6000	             2781
  350.8000	             2574
  351.0000	             1743
  351.2000	             2840
  351.4000	             5040
  351.6000	             4609
  351.8000	             4545
  352.0000	             4623
  352.2000	             5501
  352.4000	             7106
  352.6000	             8759
  352.8000	            10333
  353.0000	            11249
  353.2000	            12905
  353.4000	            15083
  353.6000	            28220
  353.8000	             4854
  354.0000	             6539
  354.2000	             6459
  354.4000	             7977
  354.6000	             7129
  354.8000	             7749
  355.0000	             8532
  355.2000	             9527
  355.4000	            11632
  355.6000	            11784
  355.8000	            12696
  356.0000	            14171
  356.2000	            17024
  356.4000	            19325
  356.6000	            21344
  356.8000	            24757
  357.0000	            27244
  357.2000	            30353
  357.4000	            34567
  357.6000	            84376
  357.8000	             -459
  358.0000	             -782
  358.2000	             -792
  358.4000	             -662
  358.6000	             -745
  358.8000	             -792
  359.0000	             -853
  359.2000	             -812
  359.4000	             -915
  359.6000	             -937
  359.8000	             -954
  360.0000	             -983
  360.2000	             -893
  360.4000	            -1000
  360.6000	             -696
  360.8000	             -920
  361.0000	             -952
  361.2000	             -754
  361.4000	             -921
  361.6000	             -976
  361.8000	             -798
  362.0000	             -946
  362.2000	             -932
  362.4000	             -877
  362.6000	             -818
  362.8000	             -826
  363.0000	             -447
  363.2000	             -639
  363.4000	             -416
  363.6000	             -400
  363.8000	             -246
  364.0000	             -173
  364.2000	              -51
  364.4000	             -278
  364.6000	             -469
  364.8000	             -448
  365.0000	             -468
  365.2000	             -318
  365.4000	             -312
  365.6000	             -416
  365.8000	             -173
  366.0000	             -177
  366.2000	              272
  366.4000	              557
  366.6000	              564
  366.8000	              790
  367.0000	             3126
  367.2000	              -24
  367.4000	              494
  367.6000	             -172
  367.8000	               -3
  368.0000	              653
  368.2000	              511
  368.4000	             -160
  368.6000	             1056
  368.8000	              801
  369.0000	             -101
  369.2000	              827
  369.4000	             2047
  369.6000	             2077
  369.8000	             1548
  370.0000	             2588
  370.2000	             2979
  370.4000	             4875
  370.6000	             2909
  370.8000	             7033
  371.0000	             5630
  371.2000	             -117
  371.4000	             1484
  371.6000	             1350
  371.8000	             1847
  372.0000	             2772
  372.2000	             2195
  372.4000	             2321
  372.6000	             3424
  372.8000	             1853
  373.0000	             2903
  373.2000	             3539
  373.4000	             2520
  373.6000	             4534
  373.8000	             5268
  374.0000	             4719
  374.2000	             5060
  374.4000	             7760
  374.6000	             8960
  374.8000	             7859
  375.0000	             8006
  375.2000	            12460
  375.4000	            27522
  375.6000	             2025
  375.8000	              349
  376.0000	              -21
  376.2000	             1159
  376.4000	             2197
  376.6000	             4111
  376.8000	             3934
  377.0000	             4951
  377.2000	             4303
  377.4000	             5319
  377.6000	             4674
  377.8000	             5618
  378.0000	             4674
  378.2000	             4997
  378.4000	             5178
  378.6000	             6097
  378.8000	             7949
  379.0000	             7875
  379.2000	             9181
  379.4000	             9924
  379.6000	            11335
  379.8000	            12151
  380.0000	            13066
  380.2000	            18899
  380.4000	            27055
  380.6000	             -791
  380.8000	             -862
  381.0000	             -910
  381.2000	             -867
  381.4000	             -890
  381.6000	             -972
  381.8000	             -966
  382.0000	             -747
  382.2000	             -974
  382.4000	             -807
  382.6000	             -890
  382.8000	             -800
  383.0000	             -829
  383.2000	             -683
  383.4000	             -342
  383.6000	             -800
  383.8000	             -779
  384.0000	             -607
  384.2000	             -589
  384.4000	             -564
  384.6000	             -343
  384.8000	             -303
  385.0000	              -39
  385.2000	             -118
  385.4000	              494
  385.6000	              747
  385.8000	             -712
  386.0000	             -337
  386.2000	             -749
  386.4000	             -421
  386.6000	             -380
  386.8000	             -607
  387.0000	             -118
  387.2000	             -581
  387.4000	             -535
  387.6000	              -39
  387.8000	             -182
  388.0000	               88
  388.2000	              345
  388.4000	              387
  388.6000	              178
  388.8000	              423
  389.0000	              733
  389.2000	             2642
  389.4000	             1473
  389.6000	             -415
  389.8000	             -228
  390.0000	              -86
  390.2000	             -542
  390.4000	             -312
  390.6000	             -654
  390.8000	              -39
  391.0000	             -418
  391.2000	            -1006
  391.4000	            -1014
  391.6000	            -1048
  391.8000	            -1075
  392.0000	            -1103
  392.2000	             -986
  392.4000	             -971
  392.6000	             -992
  392.8000	             -809
  393.0000	             -945
  393.2000	             -878
  393.4000	             -770
  393.6000	             -952
  393.8000	             -785
  394.0000	             -488
  394.2000	             -509
  394.4000	            -1084
  394.6000	             -949
  394.8000	             -859
  395.0000	            -1069
  395.2000	            -1111
  395.4000	             -932
  395.6000	             -983
  395.8000	             -994
  396.0000	            -1067
  396.2000	            -1051
  396.4000	            -1023
  396.6000	             -976
  396.8000	             -899
  397.0000	             -930
  397.2000	             -873
  397.4000	              451
  397.6000	             1177
  397.8000	              892
  398.0000	             1401
  398.2000	             1735
  398.4000	             1611
  398.6000	             2626
  398.8000	             2129
  399.0000	             2869
  399.2000	             3631
  399.4000	             3154
  399.6000	             9275
  399.8000	             2223
  400.0000	             -992
  400.2000	              -93
  400.4000	              -26
  400.6000	             -998
  400.8000	             -345
  401.0000	              469
  401.2000	             -316
  401.4000	             -813
  401.6000	             -203
  401.8000	              736
  402.0000	              440
  402.2000	             -129
  402.4000	             -403
  402.6000	             -236
  402.8000	              287
  403.0000	              534
  403.2000	              683
  403.4000	              874
  403.6000	              904
  403.8000	              924
  404.0000	             1107
  404.2000	             1399
  404.4000	             3821
  404.6000	             2071
  404.8000	             2097
  405.0000	             2562
  405.2000	             2873
  405.4000	             3097
  405.6000	             3830
  405.8000	             9420
  406.0000	             -838
  406.2000	             -975
  406.4000	             -895
  406.6000	             -955
  406.8000	             -937
  407.0000	             -947
  407.2000	             -923
  407.4000	             -878
  407.6000	             -762
  407.8000	             -722
  408.0000	             -660
  408.2000	             -616
  408.4000	             -572
  408.6000	             -380
  408.8000	             -537
  409.0000	             -389
  409.2000	              469
  409.4000	              -64
  409.6000	             -999
  409.8000	             -896
  410.0000	             -838
  410.2000	             -851
  410.4000	             -908
  410.6000	             -795
  410.8000	             -852
  411.0000	             -552
  411.2000	             -863
  411.4000	             -588
  411.6000	             -928
  411.8000	             -454
  412.0000	             -735
  412.2000	             -338
  412.4000	             -518
  412.6000	             -297
  412.8000	             -233
  413.0000	             -300
  413.2000	              134
  413.4000	             -380
  413.6000	              -37
  413.8000	              473
  414.0000	             1756
  414.2000	             -399
  414.4000	             -825
  414.6000	             -897
  414.8000	             -476
  415.0000	             -867
  415.2000	             -834
  415.4000	             -585
  415.6000	             -596
  415.8000	            14079
  416.0000	             -730
  416.2000	             -481
  416.4000	              579
  416.6000	             -514
  416.8000	             -772
  417.0000	             -537
  417.2000	             -749
  417.4000	             -393
  417.6000	             -363
  417.8000	             -196
  418.0000	             -245
  418.2000	              702
  418.4000	             -129
  418.6000	              177
  418.8000	               89
  419.0000	             4318
  419.2000	              104
  419.4000	              171
  419.6000	              743
  419.8000	            10875
  420.0000	            12807
  420.2000	             -935
  420.4000	             -616
  420.6000	             -801
  420.8000	             -899
  421.0000	             -433
  421.2000	             -932
  421.4000	             -703
  421.6000	             -405
  421.8000	             -872
  422.0000	             -676
  422.2000	             -247
  422.4000	             -869
  422.6000	             -642
  422.8000	             -330
  423.0000	             -475
  423.2000	             -686
  423.4000	             -657
  423.6000	             -310
  423.8000	             -206
  424.0000	             -277
  424.2000	             -316
  424.4000	             -219
  424.6000	             -296
  424.8000	             -166
  425.0000	              412
  425.2000	               51
  425.4000	               59
  425.6000	              179
  425.8000	             4460
  426.0000	              541
  426.2000	              491
  426.4000	              773
  426.6000	             2830
  426.8000	             2790
  427.0000	             -938
  427.2000	             1143
  427.4000	            -1012
  427.6000	             -753
  427.8000	             -965
  428.0000	            -1032
  428.2000	             -691
  428.4000	            -1128
  428.6000	             -737
  428.8000	             -871
  429.0000	             -979
  429.2000	             -615
  429.4000	             -949
  429.6000	             -764
  429.8000	             -358
  430.0000	               84
  430.2000	             -830
  430.4000	             -595
  430.6000	             -509
  430.8000	             -844
  431.0000	             -735
  431.2000	             -442
  431.4000	             -378
  431.6000	             -326
  431.8000	             -476
  432.0000	             -431
  432.2000	             -398
  432.4000	             -297
  432.6000	             -271
  432.8000	             -298
  433.0000	             -130
  433.2000	             1707
  433.4000	              989
  433.6000	               84
  433.8000	              161
  434.0000	              227
  434.2000	             1403
  434.4000	              802
  434.6000	             -720
  434.8000	             -793
  435.0000	             -700
  435.2000	             -662
  435.4000	             -190
  435.6000	             -637
  435.8000	            -1076
  436.0000	             -997
  436.2000	             -962
  436.4000	            -1055
  436.6000	             -977
  436.8000	            -1078
  437.0000	             -984
  437.2000	             -941
  437.4000	            -1009
  437.6000	             -867
  437.8000	             -949
  438.0000	             -962
  438.2000	             -929
  438.4000	             -960
  438.6000	             -952
  438.8000	             -962
  439.0000	             -857
  439.2000	             -935
  439.4000	             -867
  439.6000	             -857
  439.8000	             -778
  440.0000	             -785
  440.2000	             -701
  440.4000	             -750
  440.6000	             -778
  440.8000	             -667
  441.0000	             -610
  441.2000	             -459
  441.4000	               51
  441.6000	             -856
  441.8000	            -1065
  442.0000	            -1074
  442.2000	             -961
  442.4000	            -1069
  442.6000	             -940
  442.8000	            -1055
  443.0000	             -867
  443.2000	            -1076
  443.4000	             -946
  443.6000	             -946
  443.8000	            -1058
  444.0000	             -949
  444.2000	            -1006
  444.4000	             -958
  444.6000	             -952
  444.8000	             -947
  445.0000	             -963
  445.2000	             -921
  445.4000	             -880
  445.6000	            -1075
  445.8000	             -909
  446.0000	             -882
  446.2000	             -893
  446.4000	             -826
  446.6000	             -913
  446.8000	             -810
  447.0000	             -800
  447.2000	             -856
  447.4000	             -748
  447.6000	             -750
  447.8000	             -675
  448.0000	             -786
  448.2000	             -458
  448.4000	             -545
  448.6000	             -266
  448.8000	              124
  449.0000	             -937
  449.2000	            -1100
  449.4000	            -1041
  449.6000	            -1026
  449.8000	            -1072
  450.0000	            -1051
  450.2000	            -1006
  450.4000	             -998
  450.6000	            -1007
  450.8000	            -1015
  451.0000	             3587
  451.2000	            -1062
  451.4000	             -868
  451.6000	            -1127
  451.8000	             -867
  452.0000	            -1061
  452.2000	             -660
  452.4000	             -935
  452.6000	            -1088
  452.8000	             -893
  453.0000	             -976
  453.2000	             -988
  453.4000	             -880
  453.6000	             -960
  453.8000	            -1008
  454.0000	             -836
  454.2000	             -865
  454.4000	             -902
  454.6000	             -886
  454.8000	             -900
  455.0000	             -838
  455.2000	             -908
  455.4000	             -893
  455.6000	             -782
  455.8000	             -796
  456.0000	             -732
  456.2000	             -725
  456.4000	             -752
  456.6000	             -645
  456.8000	             -662
  457.0000	             -526
  457.2000	              -71
  457.4000	             -878
  457.6000	            -1100
  457.8000	            -1132
  458.0000	            -1022
  458.2000	            -1069
  458.4000	             -988
  458.6000	            -1101
  458.8000	             -986
  459.0000	            -1073
  459.2000	             -945
  459.4000	            -1089
  459.6000	             -619
  459.8000	            -1046
  460.0000	             -974
  460.2000	            -1019
  460.4000	             -937
  460.6000	            -1070
  460.8000	             -940
  461.0000	            -1054
  461.2000	             -980
  461.4000	            -1069
  461.6000	            -1016
  461.8000	             -939
  462.0000	            -1079
  462.2000	             -921
  462.4000	             -982
  462.6000	             -993
  462.8000	             -501
  463.0000	             -957
  463.2000	             -989
  463.4000	             -868
  463.6000	             -890
  463.8000	             -868
  464.0000	             -852
  464.2000	             -797
  464.4000	             -838
  464.6000	             -665
  464.8000	             -741
  465.0000	             -974
  465.2000	             -925
  465.4000	             -908
  465.6000	             -952
  465.8000	             -913
  466.0000	             -871
  466.2000	             -892
  466.4000	             -755
  466.6000	             -800
  466.8000	            -1085
  467.0000	            -1097
  467.2000	            -1088
  467.4000	            -1120
  467.6000	            -1112
  467.8000	            -1042
  468.0000	            -1115
  468.2000	            -1069
  468.4000	            -1054
  468.6000	            -1116
  468.8000	            -1103
  469.0000	            -1079
  469.2000	            -1097
  469.4000	            -1075
  469.6000	            -1051
  469.8000	            -1087
  470.0000	            -1059
  470.2000	             -414
  470.4000	            -1042
  470.6000	            -1000
  470.8000	            -1006
  471.0000	            -1042
  471.2000	            -1006
  471.4000	            -1042
  471.6000	             -961
  471.8000	             -913
  472.0000	             -731
  472.2000	             -878
  472.4000	            -1141
  472.6000	            -1071
  472.8000	            -1131
  473.0000	            -1087
  473.2000	            -1133
  473.4000	            -1089
  473.6000	            -1112
  473.8000	            -1130
  474.0000	            -1095
  474.2000	            -1097
  474.4000	            -1078
  474.6000	            -1101
  474.8000	            -1019
  475.0000	            -1105
  475.2000	             -980
  475.4000	            -1087
  475.6000	            -1079
  475.8000	            -1052
  476.0000	            -1081
  476.2000	            -1096
  476.4000	            -1034
  476.6000	            -1081
  476.8000	             -989
  477.0000	            -1102
  477.2000	            -1122
  477.4000	            -1069
  477.6000	            -1089
  477.8000	            -1113
  478.0000	            -1044
  478.2000	            -1100
  478.4000	            -1083
  478.6000	            -1001
  478.8000	             -996
  479.0000	            -1082
  479.2000	            -1041
  479.4000	            -1059
  479.6000	            -1028
  479.8000	            -1042
  480.0000	            -1089
  480.2000	            -1017
  480.4000	            -1006
  480.6000	             -980
  480.8000	             -942
  481.0000	             -952
  481.2000	             -721
  481.4000	            -1010
  481.6000	            -1139
  481.8000	            -1099
  482.0000	            -1109
  482.2000	            -1105
  482.4000	            -1063
  482.6000	            -1116
  482.8000	            -1069
  483.0000	            -1135
  483.2000	            -1115
  483.4000	            -1063
  483.6000	            -1094
  483.8000	            -1054
  484.0000	            -1130
  484.2000	            -1110
  484.4000	            -1145
  484.6000	            -1135
  484.8000	            -1112
  485.0000	            -1132
  485.2000	            -1103
  485.4000	            -1076
  485.6000	            -1111
  485.8000	            -1132
  486.0000	             -866
  486.2000	            -1113
  486.4000	            -1077
  486.6000	            -1096
  486.8000	            -1047
  487.0000	            -1069
  487.2000	            -1105
  487.4000	            -1064
  487.6000	            -1019
  487.8000	            -1069
  488.0000	            -1074
  488.2000	            -1012
  488.4000	            -1061
  488.6000	            -1000
  488.8000	            -1001
  489.0000	            -1067
  489.2000	            -1044
  489.4000	            -1001
  489.6000	            -1015
  489.8000	            -1019
  490.0000	            -1054
  490.2000	            -1016
  490.4000	            -1040
  490.6000	             -984
  490.8000	            -1051
  491.0000	            -1000
  491.2000	            -1006
  491.4000	             -935
  491.6000	             -866
  491.8000	            -1047
  492.0000	            -1097
  492.2000	            -1089
  492.4000	            -1091
  492.6000	            -1083
  492.8000	            -1107
  493.0000	            -1116
  493.2000	            -1114
  493.4000	            -1101
  493.6000	            -1140
  493.8000	            -1132
  494.0000	            -1129
  494.2000	            -1081
  494.4000	            -1107
  494.6000	            -1111
  494.8000	            -1092
  495.0000	            -1128
  495.2000	            -1113
  495.4000	            -1105
  495.6000	            -1073
  495.8000	            -1096
  496.0000	            -1099
  496.2000	            -1088
  496.4000	            -1105
  496.6000	            -1034
  496.8000	            -1052
  497.0000	            -1034
  497.2000	             -965
  497.4000	            -1070
  497.6000	            -1127
  497.8000	            -1106
  498.0000	            -1130
  498.2000	            -1081
  498.4000	            -1093
  498.6000	            -1116
  498.8000	            -1117
  499.0000	            -1108
  499.2000	            -1111
  499.4000	            -1116
  499.6000	            -1089
  499.8000	            -1100
  500.0000	            -1127
