  200.0000	            -1203
  200.2000	            -1156
  200.4000	            -1206
  200.6000	            -1220
  200.8000	            -1202
  201.0000	            -1216
  201.2000	            -1195
  201.4000	            -1222
  201.6000	            -1220
  201.8000	            -1163
  202.0000	            -1198
  202.2000	            -1222
  202.4000	            -1175
  202.6000	            -1216
  202.8000	            -1171
  203.0000	            -1213
  203.2000	            -1226
  203.4000	            -1208
  203.6000	            -1158
  203.8000	            -1215
  204.0000	            -1222
  204.2000	            -1202
  204.4000	            -1205
  204.6000	            -1199
  204.8000	            -1192
  205.0000	            -1212
  205.2000	            -1190
  205.4000	            -1213
  205.6000	            -1233
  205.8000	            -1190
  206.0000	            -1199
  206.2000	            -1186
  206.4000	            -1209
  206.6000	            -1220
  206.8000	            -1202
  207.0000	            -1220
  207.2000	            -1213
  207.4000	            -1188
  207.6000	            -1206
  207.8000	            -1201
  208.0000	            -1191
  208.2000	            -1233
  208.4000	            -1215
  208.6000	            -1213
  208.8000	            -1195
  209.0000	            -1207
  209.2000	            -1213
  209.4000	            -1230
  209.6000	            -1236
  209.8000	            -1211
  210.0000	            -1175
  210.2000	            -1206
  210.4000	            -1213
  210.6000	            -1224
  210.8000	            -1222
  211.0000	            -1183
  211.2000	            -1217
  211.4000	            -1198
  211.6000	            -1198
  211.8000	            -1193
  212.0000	            -1218
  212.2000	            -1175
  212.4000	            -1218
  212.6000	            -1195
  212.8000	            -1229
  213.0000	            -1224
  213.2000	            -1190
  213.4000	            -1239
  213.6000	            -1202
  213.8000	            -1218
  214.0000	            -1208
  214.2000	            -1192
  214.4000	            -1174
  214.6000	            -1218
  214.8000	            -1184
  215.0000	            -1237
  215.2000	            -1156
  215.4000	            -1221
  215.6000	            -1213
  215.8000	            -1213
  216.0000	            -1200
  216.2000	            -1237
  216.4000	            -1211
  216.6000	            -1206
  216.8000	            -1206
  217.0000	            -1207
  217.2000	            -1187
  217.4000	            -1180
  217.6000	            -1225
  217.8000	            -1164
  218.0000	            -1202
  218.2000	            -1206
  218.4000	            -1202
  218.6000	            -1213
  218.8000	            -1202
  219.0000	            -1218
  219.2000	            -1195
  219.4000	            -1194
  219.6000	            -1198
  219.8000	            -1158
  220.0000	            -1156
  220.2000	            -1171
  220.4000	            -1189
  220.6000	            -1230
  220.8000	            -1186
  221.0000	            -1216
  221.2000	            -1208
  221.4000	            -1216
  221.6000	            -1208
  221.8000	            -1203
  222.0000	            -1195
  222.2000	            -1191
  222.4000	            -1220
  222.6000	            -1198
  222.8000	            -1222
  223.0000	            -1214
  223.2000	            -1176
  223.4000	            -1215
  223.6000	            -1208
  223.8000	            -1225
  224.0000	            -1206
  224.2000	            -1211
  224.4000	            -1206
  224.6000	            -1202
  224.8000	            -1190
  225.0000	            -1190
  225.2000	            -1193
  225.4000	            -1216
  225.6000	            -1212
  225.8000	            -1216
  226.0000	            -1213
  226.2000	            -1218
  226.4000	            -1175
  226.6000	            -1206
  226.8000	            -1202
  227.0000	            -1190
  227.2000	            -1205
  227.4000	            -1167
  227.6000	            -1225
  227.8000	            -1191
  228.0000	            -1189
  228.2000	            -1208
  228.4000	            -1220
  228.6000	            -1190
  228.8000	            -1194
  229.0000	            -1182
  229.2000	            -1187
  229.4000	            -1221
  229.6000	            -1221
  229.8000	            -1206
  230.0000	            -1213
  230.2000	            -1200
  230.4000	            -1190
  230.6000	            -1224
  230.8000	            -1190
  231.0000	            -1191
  231.2000	            -1205
  231.4000	            -1179
  231.6000	            -1186
  231.8000	            -1186
  232.0000	            -1218
  232.2000	            -1207
  232.4000	            -1224
  232.6000	            -1159
  232.8000	            -1213
  233.0000	            -1214
  233.2000	            -1222
  233.4000	            -1164
  233.6000	            -1212
  233.8000	            -1202
  234.0000	            -1206
  234.2000	            -1189
  234.4000	            -1208
  234.6000	            -1198
  234.8000	            -1206
  235.0000	            -1216
  235.2000	            -1215
  235.4000	            -1230
  235.6000	            -1216
  235.8000	            -1233
  236.0000	            -1215
  236.2000	            -1221
  236.4000	            -1222
  236.6000	            -1213
  236.8000	            -1174
  237.0000	            -1221
  237.2000	            -1153
  237.4000	            -1206
  237.6000	            -1211
  237.8000	            -1198
  238.0000	            -1229
  238.2000	            -1178
  238.4000	            -1208
  238.6000	            -1227
  238.8000	            -1175
  239.0000	            -1190
  239.2000	            -1222
  239.4000	            -1224
  239.6000	            -1224
  239.8000	            -1206
  240.0000	            -1213
  240.2000	            -1227
  240.4000	            -1218
  240.6000	            -1222
  240.8000	            -1202
  241.0000	            -1210
  241.2000	            -1206
  241.4000	            -1175
  241.6000	            -1199
  241.8000	            -1210
  242.0000	            -1200
  242.2000	            -1180
  242.4000	            -1179
  242.6000	            -1186
  242.8000	            -1222
  243.0000	            -1200
  243.2000	            -1208
  243.4000	            -1179
  243.6000	            -1212
  243.8000	            -1168
  244.0000	            -1189
  244.2000	            -1180
  244.4000	            -1230
  244.6000	            -1206
  244.8000	            -1213
  245.0000	            -1203
  245.2000	            -1225
  245.4000	            -1218
  245.6000	            -1220
  245.8000	            -1180
  246.0000	            -1205
  246.2000	            -1196
  246.4000	            -1206
  246.6000	            -1202
  246.8000	            -1153
  247.0000	            -1212
  247.2000	            -1216
  247.4000	            -1212
  247.6000	            -1215
  247.8000	            -1209
  248.0000	            -1216
  248.2000	            -1153
  248.4000	            -1203
  248.6000	            -1206
  248.8000	            -1211
  249.0000	            -1189
  249.2000	            -1183
  249.4000	            -1206
  249.6000	            -1206
  249.8000	            -1190
  250.0000	            -1230
  250.2000	            -1215
  250.4000	            -1190
  250.6000	            -1190
  250.8000	            -1188
  251.0000	            -1174
  251.2000	            -1185
  251.4000	            -1236
  251.6000	            -1198
  251.8000	            -1201
  252.0000	            -1218
  252.2000	            -1213
  252.4000	            -1208
  252.6000	            -1208
  252.8000	            -1215
  253.0000	            -1206
  253.2000	            -1218
  253.4000	            -1222
  253.6000	            -1203
  253.8000	            -1221
  254.0000	            -1190
  254.2000	            -1189
  254.4000	            -1170
  254.6000	            -1193
  254.8000	            -1186
  255.0000	            -1208
  255.2000	            -1213
  255.4000	            -1208
  255.6000	            -1190
  255.8000	            -1198
  256.0000	            -1190
  256.2000	            -1213
  256.4000	            -1206
  256.6000	            -1221
  256.8000	            -1190
  257.0000	            -1189
  257.2000	            -1208
  257.4000	            -1213
  257.6000	            -1184
  257.8000	            -1205
  258.0000	            -1218
  258.2000	            -1216
  258.4000	            -1224
  258.6000	            -1218
  258.8000	            -1191
  259.0000	            -1159
  259.2000	            -1235
  259.4000	            -1199
  259.6000	            -1221
  259.8000	            -1183
  260.0000	            -1209
  260.2000	            -1156
  260.4000	            -1177
  260.6000	            -1188
  260.8000	            -1202
  261.0000	            -1202
  261.2000	            -1136
  261.4000	            -1213
  261.6000	            -1236
  261.8000	            -1180
  262.0000	            -1208
  262.2000	            -1199
  262.4000	            -1195
  262.6000	            -1208
  262.8000	            -1227
  263.0000	            -1222
  263.2000	            -1216
  263.4000	            -1198
  263.6000	            -1208
  263.8000	            -1222
  264.0000	            -1180
  264.2000	            -1215
  264.4000	            -1205
  264.6000	            -1198
  264.8000	            -1186
  265.0000	            -1226
  265.2000	            -1174
  265.4000	            -1187
  265.6000	            -1208
  265.8000	            -1204
  266.0000	            -1222
  266.2000	            -1202
  266.4000	            -1216
  266.6000	            -1195
  266.8000	            -1216
  267.0000	            -1208
  267.2000	            -1208
  267.4000	            -1206
  267.6000	            -1239
  267.8000	            -1175
  268.0000	            -1202
  268.2000	            -1186
  268.4000	            -1222
  268.6000	            -1190
  268.8000	            -1208
  269.0000	            -1222
  269.2000	            -1205
  269.4000	            -1208
  269.6000	            -1222
  269.8000	            -1208
  270.0000	            -1222
  270.2000	            -1189
  270.4000	            -1177
  270.6000	            -1168
  270.8000	            -1190
  271.0000	            -1177
  271.2000	            -1171
  271.4000	            -1208
  271.6000	            -1222
  271.8000	            -1224
  272.0000	            -1229
  272.2000	            -1206
  272.4000	            -1209
  272.6000	            -1202
  272.8000	            -1218
  273.0000	            -1208
  273.2000	            -1218
  273.4000	            -1189
  273.6000	            -1192
  273.8000	            -1232
  274.0000	            -1186
  274.2000	            -1206
  274.4000	            -1222
  274.6000	            -1206
  274.8000	            -1202
  275.0000	            -1239
  275.2000	            -1208
  275.4000	            -1202
  275.6000	            -1177
  275.8000	            -1174
  276.0000	            -1219
  276.2000	            -1207
  276.4000	            -1190
  276.6000	            -1187
  276.8000	            -1180
  277.0000	            -1174
  277.2000	            -1174
  277.4000	            -1214
  277.6000	            -1206
  277.8000	            -1190
  278.0000	            -1213
  278.2000	            -1206
  278.4000	            -1181
  278.6000	            -1175
  278.8000	            -1174
  279.0000	            -1184
  279.2000	            -1219
  279.4000	            -1206
  279.6000	            -1202
  279.8000	            -1189
  280.0000	            -1202
  280.2000	            -1202
  280.4000	            -1190
  280.6000	            -1178
  280.8000	            -1230
  281.0000	            -1198
  281.2000	            -1206
  281.4000	            -1194
  281.6000	            -1187
  281.8000	            -1187
  282.0000	            -1210
  282.2000	            -1216
  282.4000	            -1199
  282.6000	            -1222
  282.8000	            -1209
  283.0000	            -1201
  283.2000	            -1182
  283.4000	            -1187
  283.6000	            -1221
  283.8000	            -1174
  284.0000	            -1213
  284.2000	            -1222
  284.4000	            -1228
  284.6000	            -1218
  284.8000	            -1190
  285.0000	            -1231
  285.2000	            -1202
  285.4000	            -1206
  285.6000	            -1187
  285.8000	            -1206
  286.0000	            -1202
  286.2000	            -1179
  286.4000	            -1171
  286.6000	            -1229
  286.8000	            -1224
  287.0000	            -1216
  287.2000	            -1189
  287.4000	            -1215
  287.6000	            -1222
  287.8000	            -1173
  288.0000	            -1200
  288.2000	            -1216
  288.4000	            -1218
  288.6000	            -1196
  288.8000	            -1174
  289.0000	            -1230
  289.2000	            -1203
  289.4000	            -1215
  289.6000	            -1208
  289.8000	            -1170
  290.0000	            -1151
  290.2000	            -1222
  290.4000	            -1216
  290.6000	            -1216
  290.8000	            -1190
  291.0000	            -1202
  291.2000	            -1190
  291.4000	            -1190
  291.6000	            -1211
  291.8000	            -1184
  292.0000	            -1222
  292.2000	            -1224
  292.4000	            -1206
  292.6000	            -1198
  292.8000	            -1198
  293.0000	            -1203
  293.2000	            -1182
  293.4000	            -1208
  293.6000	            -1206
  293.8000	            -1156
  294.0000	            -1118
  294.2000	            -1159
  294.4000	            -1192
  294.6000	            -1158
  294.8000	            -1145
  295.0000	            -1178
  295.2000	            -1097
  295.4000	            -1100
  295.6000	            -1144
  295.8000	            -1115
  296.0000	            -1061
  296.2000	             -946
  296.4000	            -1147
  296.6000	            -1165
  296.8000	            -1084
  297.0000	            -1116
  297.2000	            -1034
  297.4000	            -1075
  297.6000	             -581
  297.8000	            -1197
  298.0000	            -1180
  298.2000	            -1165
  298.4000	            -1223
  298.6000	            -1178
  298.8000	            -1199
  299.0000	            -1196
  299.2000	            -1136
  299.4000	            -1143
  299.6000	            -1174
  299.8000	            -1179
  300.0000	            -1210
  300.2000	            -1179
  300.4000	            -1179
  300.6000	            -1151
  300.8000	            -1174
  301.0000	            -1208
  301.2000	            -1210
  301.4000	            -1163
  301.6000	            -1189
  301.8000	            -1164
  302.0000	            -1189
  302.2000	            -1151
  302.4000	            -1199
  302.6000	            -1174
  302.8000	            -1220
  303.0000	            -1151
  303.2000	            -1193
  303.4000	            -1198
  303.6000	            -1142
  303.8000	            -1125
  304.0000	            -1124
  304.2000	            -1125
  304.4000	            -1081
  304.6000	            -1142
  304.8000	            -1148
  305.0000	            -1161
  305.2000	            -1152
  305.4000	            -1159
  305.6000	            -1147
  305.8000	            -1146
  306.0000	            -1147
  306.2000	            -1175
  306.4000	             -781
  306.6000	             -886
  306.8000	             -623
  307.0000	             -748
  307.2000	             -789
  307.4000	            -1017
  307.6000	            -1078
  307.8000	             -475
  308.0000	             -313
  308.2000	             -291
  308.4000	             -736
  308.6000	             -429
  308.8000	             -944
  309.0000	             1203
  309.2000	             -354
  309.4000	             -506
  309.6000	              238
  309.8000	             -588
  310.0000	             -396
  310.2000	              -39
  310.4000	             -612
  310.6000	              131
  310.8000	             -269
  311.0000	              -39
  311.2000	              483
  311.4000	              299
  311.6000	             1591
  311.8000	              -99
  312.0000	              -46
  312.2000	              175
  312.4000	              745
  312.6000	             1069
  312.8000	             2143
  313.0000	             2704
  313.2000	             2182
  313.4000	             6801
  313.6000	             3304
  313.8000	              505
  314.0000	              861
  314.2000	             1274
  314.4000	             2055
  314.6000	             3008
  314.8000	             4300
  315.0000	             6130
  315.2000	             7679
  315.4000	             8865
  315.6000	             8777
  315.8000	            38638
  316.0000	             -568
  316.2000	             -714
  316.4000	             -814
  316.6000	             -918
  316.8000	             -919
  317.0000	             -985
  317.2000	            -1086
  317.4000	             -863
  317.6000	            -1103
  317.8000	            -1041
  318.0000	            -1037
  318.2000	             -999
  318.4000	            -1087
  318.6000	             -906
  318.8000	            -1019
  319.0000	            -1089
  319.2000	            -1007
  319.4000	             -972
  319.6000	            -1089
  319.8000	             -959
  320.0000	             -883
  320.2000	             -924
  320.4000	             -990
  320.6000	             -975
  320.8000	             -959
  321.0000	             -851
  321.2000	             -952
  321.4000	            -1020
  321.6000	            -1080
  321.8000	            -1052
  322.0000	            -1010
  322.2000	            -1071
  322.4000	            -1122
  322.6000	            -1105
  322.8000	            -1154
  323.0000	            -1019
  323.2000	            -1140
  323.4000	            -1089
  323.6000	            -1143
  323.8000	            -1107
  324.0000	            -1037
  324.2000	            -1116
  324.4000	            -1015
  324.6000	            -1088
  324.8000	            -1068
  325.0000	            -1035
  325.2000	             -949
  325.4000	             -950
  325.6000	             -857
  325.8000	             -714
  326.0000	             -723
  326.2000	             -696
  326.4000	             -611
  326.6000	               79
  326.8000	             -597
  327.0000	             -912
  327.2000	             -728
  327.4000	             -779
  327.6000	             -551
  327.8000	             -307
  328.0000	             -263
  328.2000	             -443
  328.4000	             1373
  328.6000	             -669
  328.8000	             -630
  329.0000	             -855
  329.2000	             -901
  329.4000	             -662
  329.6000	             -217
  329.8000	             -158
  330.0000	              -39
  330.2000	             -336
  330.4000	             -354
  330.6000	             -200
  330.8000	             1487
  331.0000	              803
  331.2000	              786
  331.4000	             1305
  331.6000	             1341
  331.8000	             1625
  332.0000	             1785
  332.2000	             2287
  332.4000	             2402
  332.6000	             3274
  332.8000	             3398
  333.0000	             4149
  333.2000	             3902
  333.4000	             4054
  333.6000	             4668
  333.8000	             7473
  334.0000	             6536
  334.2000	             6854
  334.4000	             7528
  334.6000	             9509
  334.8000	            10854
  335.0000	            11864
  335.2000	            14166
  335.4000	            16948
  335.6000	            20759
  335.8000	            26614
  336.0000	            33119
  336.2000	            37982
  336.4000	            44839
  336.6000	            50037
  336.8000	            52301
  337.0000	           180315
  337.2000	             1983
  337.4000	             -809
  337.6000	             -642
  337.8000	             -732
  338.0000	             -863
  338.2000	             -818
  338.4000	             -853
  338.6000	             -796
  338.8000	             -777
  339.0000	             -899
  339.2000	             -896
  339.4000	             -950
  339.6000	             -995
  339.8000	            -1016
  340.0000	            -1018
  340.2000	            -1037
  340.4000	            -1108
  340.6000	             -976
  340.8000	            -1089
  341.0000	            -1078
  341.2000	            -1101
  341.4000	            -1135
  341.6000	            -1042
  341.8000	            -1115
  342.0000	            -1075
  342.2000	            -1106
  342.4000	            -1069
  342.6000	            -1089
  342.8000	            -1052
  343.0000	            -1045
  343.2000	            -1042
  343.4000	            -1055
  343.6000	            -1051
  343.8000	             -994
  344.0000	            -1035
  344.2000	             -991
  344.4000	             -968
  344.6000	             -987
  344.8000	             -986
  345.0000	            -1006
  345.2000	             -999
  345.4000	            -1049
  345.6000	             -952
  345.8000	             -867
  346.0000	             -882
  346.2000	             -836
  346.4000	             -867
  346.6000	             -669
  346.8000	             -478
  347.0000	             -863
  347.2000	             -550
  347.4000	             -473
  347.6000	             -514
  347.8000	             -161
  348.0000	             -231
  348.2000	             -645
  348.4000	               70
  348.6000	               81
  348.8000	               70
  349.0000	             1069
  349.2000	             1348
  349.4000	              881
  349.6000	             1660
  349.8000	             3181
  350.0000	             3575
  350.2000	              230
  350.4000	             1616
  350.6000	             2015
  350.8000	             1637
  351.0000	             1157
  351.2000	             2628
  351.4000	             4164
  351.6000	             4253
  351.8000	             4295
  352.0000	             4667
  352.2000	             6070
  352.4000	             8337
  352.6000	            10478
  352.8000	            13014
  353.0000	            14111
  353.2000	            15838
  353.4000	            19721
  353.6000	            45527
  353.8000	             5033
  354.0000	             6181
  354.2000	             6455
  354.4000	             7764
  354.6000	             7629
  354.8000	             8506
  355.0000	             9379
  355.2000	            10528
  355.4000	            12810
  355.6000	            14529
  355.8000	            16106
  356.0000	            20242
  356.2000	            24262
  356.4000	            27726
  356.6000	            33168
  356.8000	            39700
  357.0000	            45181
  357.2000	            50503
  357.4000	            57991
  357.6000	           176925
  357.8000	              -19
  358.0000	             -664
  358.2000	             -685
  358.4000	             -783
  358.6000	             -925
  358.8000	             -867
  359.0000	             -957
  359.2000	            -1006
  359.4000	            -1037
  359.6000	            -1062
  359.8000	            -1042
  360.0000	            -1051
  360.2000	            -1037
  360.4000	            -1059
  360.6000	            -1023
  360.8000	            -1037
  361.0000	            -1088
  361.2000	             -966
  361.4000	            -1062
  361.6000	            -1018
  361.8000	             -980
  362.0000	            -1044
  362.2000	            -1016
  362.4000	             -986
  362.6000	             -978
  362.8000	             -952
  363.0000	             -799
  363.2000	             -860
  363.4000	             -782
  363.6000	             -760
  363.8000	             -621
  364.0000	             -448
  364.2000	             -412
  364.4000	             -737
  364.6000	             -760
  364.8000	             -753
  365.0000	             -701
  365.2000	             -694
  365.4000	             -581
  365.6000	             -580
  365.8000	             -325
  366.0000	             -278
  366.2000	               20
  366.4000	              314
  366.6000	              389
  366.8000	              312
  367.0000	             3012
  367.2000	               63
  367.4000	             -112
  367.6000	             -512
  367.8000	             -213
  368.0000	               87
  368.2000	              162
  368.4000	             -317
  368.6000	              614
  368.8000	              293
  369.0000	             -206
  369.2000	              777
  369.4000	             1697
  369.6000	             2086
  369.8000	             2110
  370.0000	             3269
  370.2000	             3775
  370.4000	             5397
  370.6000	             3639
  370.8000	            10237
  371.0000	             9134
  371.2000	             -226
  371.4000	             1177
  371.6000	              953
  371.8000	             1348
  372.0000	             2333
  372.2000	             1453
  372.4000	             2178
  372.6000	             3058
  372.8000	             1820
  373.0000	             3473
  373.2000	             4242
  373.4000	             3601
  373.6000	             5686
  373.8000	             7184
  374.0000	             7157
  374.2000	             8549
  374.4000	            11673
  374.6000	            13697
  374.8000	            13363
  375.0000	            14888
  375.2000	            20996
  375.4000	            53081
  375.6000	             2471
  375.8000	              602
  376.0000	              430
  376.2000	             1993
  376.4000	             2931
  376.6000	             4434
  376.8000	             4404
  377.0000	             5373
  377.2000	             5192
  377.4000	             6130
  377.6000	             6057
  377.8000	             6973
  378.0000	             6950
  378.2000	             7993
  378.4000	             8765
  378.6000	            10550
  378.8000	            12691
  379.0000	            14953
  379.2000	            16390
  379.4000	            19492
  379.6000	            22595
  379.8000	            24647
  380.0000	            27282
  380.2000	            40912
  380.4000	            72828
  380.6000	             -602
  380.8000	             -848
  381.0000	             -959
  381.2000	             -915
  381.4000	            -1006
  381.6000	            -1042
  381.8000	            -1022
  382.0000	             -952
  382.2000	            -1019
  382.4000	             -915
  382.6000	             -964
  382.8000	             -973
  383.0000	             -952
  383.2000	             -850
  383.4000	             -793
  383.6000	             -895
  383.8000	             -897
  384.0000	             -742
  384.2000	             -705
  384.4000	             -667
  384.6000	             -469
  384.8000	             -489
  385.0000	             -297
  385.2000	             -282
  385.4000	              325
  385.6000	              649
  385.8000	             -779
  386.0000	             -626
  386.2000	             -865
  386.4000	             -720
  386.6000	             -631
  386.8000	             -653
  387.0000	             -405
  387.2000	             -696
  387.4000	             -535
  387.6000	             -228
  387.8000	             -128
  388.0000	               52
  388.2000	              523
  388.4000	              796
  388.6000	              618
  388.8000	              627
  389.0000	              945
  389.2000	             3879
  389.4000	             2243
  389.6000	             -510
  389.8000	             -356
  390.0000	             -222
  390.2000	             -397
  390.4000	             -244
  390.6000	             -491
  390.8000	              -90
  391.0000	             -351
  391.2000	              504
  391.4000	              712
  391.6000	             -236
  391.8000	             -299
  392.0000	             -159
  392.2000	              503
  392.4000	              842
  392.6000	              941
  392.8000	             1875
  393.0000	             1836
  393.2000	             2290
  393.4000	             3441
  393.6000	             2194
  393.8000	             3504
  394.0000	             8746
  394.2000	             7947
  394.4000	             -756
  394.6000	               61
  394.8000	              262
  395.0000	             -288
  395.2000	             -639
  395.4000	              239
  395.6000	              297
  395.8000	              449
  396.0000	             -116
  396.2000	              120
  396.4000	              137
  396.6000	              362
  396.8000	             1020
  397.0000	              889
  397.2000	             1717
  397.4000	             1424
  397.6000	             2321
  397.8000	             2325
  398.0000	             3020
  398.2000	             3971
  398.4000	             3893
  398.6000	             5678
  398.8000	             5870
  399.0000	             6838
  399.2000	             8061
  399.4000	             7966
  399.6000	            23593
  399.8000	             7012
  400.0000	             -853
  400.2000	              114
  400.4000	              302
  400.6000	             -853
  400.8000	              -89
  401.0000	              706
  401.2000	               94
  401.4000	             -607
  401.6000	              194
  401.8000	             1115
  402.0000	             1004
  402.2000	              476
  402.4000	              221
  402.6000	              412
  402.8000	              987
  403.0000	             1402
  403.2000	             1653
  403.4000	             2200
  403.6000	             2508
  403.8000	             2904
  404.0000	             3416
  404.2000	             3987
  404.4000	             5482
  404.6000	             5558
  404.8000	             6306
  405.0000	             7583
  405.2000	             8333
  405.4000	             9198
  405.6000	            12498
  405.8000	            29725
  406.0000	             -572
  406.2000	             -905
  406.4000	             -941
  406.6000	             -908
  406.8000	             -950
  407.0000	             -941
  407.2000	             -779
  407.4000	             -892
  407.6000	             -761
  407.8000	             -633
  408.0000	             -593
  408.2000	             -493
  408.4000	             -496
  408.6000	             -311
  408.8000	             -285
  409.0000	             -131
  409.2000	             1085
  409.4000	              122
  409.6000	            -1014
  409.8000	             -856
  410.0000	             -920
  410.2000	             -803
  410.4000	             -867
  410.6000	             -827
  410.8000	             -853
  411.0000	             -540
  411.2000	             -803
  411.4000	             -618
  411.6000	             -849
  411.8000	             -484
  412.0000	             -543
  412.2000	             -300
  412.4000	             -208
  412.6000	               37
  412.8000	              169
  413.0000	              260
  413.2000	              719
  413.4000	              153
  413.6000	              749
  413.8000	             2020
  414.0000	             4098
  414.2000	             -244
  414.4000	             -719
  414.6000	             -949
  414.8000	             -518
  415.0000	             -789
  415.2000	             -814
  415.4000	             -651
  415.6000	             -557
  415.8000	             3000
  416.0000	             -761
  416.2000	             -405
  416.4000	             -276
  416.6000	             -334
  416.8000	             -552
  417.0000	             -318
  417.2000	             -622
  417.4000	             -136
  417.6000	               26
  417.8000	              412
  418.0000	              531
  418.2000	             1302
  418.4000	              926
  418.6000	             1539
  418.8000	             1356
  419.0000	             3700
  419.2000	             1409
  419.4000	             2125
  419.6000	             3114
  419.8000	             8239
  420.0000	            11340
  420.2000	             -742
  420.4000	             -512
  420.6000	             -577
  420.8000	             -772
  421.0000	             -297
  421.2000	             -695
  421.4000	             -579
  421.6000	             -136
  421.8000	             -645
  422.0000	             -458
  422.2000	              123
  422.4000	             -560
  422.6000	             -439
  422.8000	              109
  423.0000	               35
  423.2000	              -85
  423.4000	             -182
  423.6000	              433
  423.8000	              478
  424.0000	              603
  424.2000	              545
  424.4000	             1104
  424.6000	              989
  424.8000	             1522
  425.0000	             1850
  425.2000	             2041
  425.4000	             2135
  425.6000	             2717
  425.8000	             6302
  426.0000	             3964
  426.2000	             4060
  426.4000	             5240
  426.6000	             8770
  426.8000	            12775
  427.0000	             -810
  427.2000	              500
  427.4000	             -804
  427.6000	              117
  427.8000	             -518
  428.0000	             -973
  428.2000	             -411
  428.4000	            -1072
  428.6000	             -467
  428.8000	             -562
  429.0000	             -865
  429.2000	             -232
  429.4000	             -661
  429.6000	             -637
  429.8000	              129
  430.0000	              177
  430.2000	             -565
  430.4000	               27
  430.6000	              120
  430.8000	             -259
  431.0000	             -338
  431.2000	              217
  431.4000	              448
  431.6000	              526
  431.8000	              593
  432.0000	              712
  432.2000	              980
  432.4000	             1166
  432.6000	             1266
  432.8000	             1616
  433.0000	             2026
  433.2000	             4040
  433.4000	             3426
  433.6000	             3041
  433.8000	             3425
  434.0000	             3941
  434.2000	            10768
  434.4000	             3105
  434.6000	             -354
  434.8000	             -292
  435.0000	             -300
  435.2000	              -94
  435.4000	              809
  435.6000	             -116
  435.8000	            -1105
  436.0000	            -1004
  436.2000	             -955
  436.4000	            -1069
  436.6000	             -952
  436.8000	             -993
  437.0000	             -872
  437.2000	             -863
  437.4000	            -1004
  437.6000	             -812
  437.8000	             -911
  438.0000	             -805
  438.2000	             -940
  438.4000	             -995
  438.6000	             -839
  438.8000	             -758
  439.0000	             -691
  439.2000	             -632
  439.4000	             -472
  439.6000	             -506
  439.8000	             -321
  440.0000	             -316
  440.2000	             -114
  440.4000	             -160
  440.6000	             -210
  440.8000	               37
  441.0000	              299
  441.2000	             1138
  441.4000	             2403
  441.6000	             -539
  441.8000	             -977
  442.0000	            -1051
  442.2000	             -824
  442.4000	            -1129
  442.6000	             -822
  442.8000	            -1012
  443.0000	             -793
  443.2000	             -944
  443.4000	             -915
  443.6000	             -816
  443.8000	             -935
  444.0000	             -794
  444.2000	             -908
  444.4000	             -856
  444.6000	             -716
  444.8000	             -779
  445.0000	             -830
  445.2000	             -665
  445.4000	             -637
  445.6000	             -964
  445.8000	             -753
  446.0000	             -488
  446.2000	             -572
  446.4000	             -299
  446.6000	             -317
  446.8000	             -184
  447.0000	             -108
  447.2000	             -104
  447.4000	              195
  447.6000	              194
  447.8000	              195
  448.0000	              320
  448.2000	              841
  448.4000	              999
  448.6000	             2129
  448.8000	             3713
  449.0000	             -526
  449.2000	            -1037
  449.4000	             -928
  449.6000	             -999
  449.8000	             -950
  450.0000	            -1037
  450.2000	             -890
  450.4000	            -1010
  450.6000	             -926
  450.8000	             -989
  451.0000	              994
  451.2000	            -1012
  451.4000	             -660
  451.6000	            -1125
  451.8000	             -683
  452.0000	            -1028
  452.2000	             -633
  452.4000	             -668
  452.6000	            -1050
  452.8000	             -644
  453.0000	             -753
  453.2000	             -881
  453.4000	             -534
  453.6000	             -657
  453.8000	             -827
  454.0000	             -446
  454.2000	             -492
  454.4000	             -300
  454.6000	             -389
  454.8000	             -340
  455.0000	             -271
  455.2000	             -243
  455.4000	             -244
  455.6000	               86
  455.8000	               89
  456.0000	              296
  456.2000	              402
  456.4000	              494
  456.6000	              844
  456.8000	              875
  457.0000	             1556
  457.2000	             4241
  457.4000	             -231
  457.6000	            -1047
  457.8000	            -1022
  458.0000	             -951
  458.2000	            -1105
  458.4000	             -906
  458.6000	            -1128
  458.8000	             -862
  459.0000	            -1121
  459.2000	             -843
  459.4000	            -1070
  459.6000	             -577
  459.8000	             -998
  460.0000	             -848
  460.2000	            -1048
  460.4000	             -788
  460.6000	            -1049
  460.8000	             -718
  461.0000	            -1016
  461.2000	             -801
  461.4000	             -979
  461.6000	             -883
  461.8000	             -785
  462.0000	             -940
  462.2000	             -579
  462.4000	             -788
  462.6000	             -807
  462.8000	             -373
  463.0000	             -711
  463.2000	             -658
  463.4000	             -463
  463.6000	             -493
  463.8000	             -446
  464.0000	             -373
  464.2000	             -270
  464.4000	             -216
  464.6000	              288
  464.8000	               -9
  465.0000	             -376
  465.2000	             -392
  465.4000	             -278
  465.6000	             -293
  465.8000	             -204
  466.0000	             -177
  466.2000	              -39
  466.4000	              823
  466.6000	              566
  466.8000	            -1054
  467.0000	            -1121
  467.2000	            -1056
  467.4000	            -1124
  467.6000	            -1126
  467.8000	            -1051
  468.0000	            -1075
  468.2000	            -1101
  468.4000	            -1015
  468.6000	            -1108
  468.8000	            -1111
  469.0000	            -1051
  469.2000	            -1018
  469.4000	             -961
  469.6000	             -936
  469.8000	             -933
  470.0000	             -937
  470.2000	             -471
  470.4000	             -877
  470.6000	             -773
  470.8000	             -668
  471.0000	             -833
  471.2000	             -773
  471.4000	             -785
  471.6000	             -615
  471.8000	             -597
  472.0000	               50
  472.2000	             -323
  472.4000	            -1155
  472.6000	            -1006
  472.8000	            -1123
  473.0000	            -1061
  473.2000	            -1101
  473.4000	            -1109
  473.6000	            -1107
  473.8000	            -1052
  474.0000	            -1077
  474.2000	            -1053
  474.4000	            -1039
  474.6000	            -1059
  474.8000	             -984
  475.0000	            -1068
  475.2000	            -1017
  475.4000	            -1103
  475.6000	            -1021
  475.8000	            -1105
  476.0000	            -1019
  476.2000	            -1070
  476.4000	             -825
  476.6000	            -1026
  476.8000	            -1060
  477.0000	            -1045
  477.2000	            -1076
  477.4000	            -1052
  477.6000	            -1089
  477.8000	            -1052
  478.0000	             -991
  478.2000	            -1076
  478.4000	            -1028
  478.6000	             -929
  478.8000	             -972
  479.0000	            -1006
  479.2000	             -945
  479.4000	             -893
  479.6000	             -872
  479.8000	             -809
  480.0000	             -969
  480.2000	             -827
  480.4000	             -688
  480.6000	             -682
  480.8000	             -567
  481.0000	             -511
  481.2000	              153
  481.4000	             -652
  481.6000	            -1135
  481.8000	            -1087
  482.0000	            -1158
  482.2000	            -1140
  482.4000	            -1080
  482.6000	            -1151
  482.8000	            -1085
  483.0000	            -1172
  483.2000	            -1113
  483.4000	            -1103
  483.6000	            -1152
  483.8000	            -1037
  484.0000	            -1125
  484.2000	            -1105
  484.4000	            -1111
  484.6000	            -1120
  484.8000	            -1087
  485.0000	            -1142
  485.2000	            -1053
  485.4000	            -1122
  485.6000	            -1067
  485.8000	            -1135
  486.0000	            -1010
  486.2000	            -1083
  486.4000	            -1012
  486.6000	            -1132
  486.8000	            -1045
  487.0000	            -1038
  487.2000	            -1069
  487.4000	            -1033
  487.6000	            -1070
  487.8000	             -983
  488.0000	             -986
  488.2000	            -1012
  488.4000	            -1035
  488.6000	            -1006
  488.8000	             -942
  489.0000	            -1011
  489.2000	            -1035
  489.4000	             -890
  489.6000	             -923
  489.8000	             -899
  490.0000	             -908
  490.2000	             -857
  490.4000	             -847
  490.6000	             -825
  490.8000	             -884
  491.0000	             -792
  491.2000	             -786
  491.4000	             -693
  491.6000	             -218
  491.8000	             -915
  492.0000	            -1096
  492.2000	            -1101
  492.4000	            -1095
  492.6000	            -1114
  492.8000	            -1094
  493.0000	            -1130
  493.2000	            -1140
  493.4000	            -1132
  493.6000	            -1124
  493.8000	            -1078
  494.0000	            -1139
  494.2000	            -1095
  494.4000	            -1108
  494.6000	            -1095
  494.8000	            -1102
  495.0000	            -1105
  495.2000	            -1116
  495.4000	            -1078
  495.6000	            -1075
  495.8000	            -1105
  496.0000	            -1117
  496.2000	            -1044
  496.4000	             -998
  496.6000	            -1079
  496.8000	            -1049
  497.0000	            -1015
  497.2000	             -902
  497.4000	             -995
  497.6000	            -1092
  497.8000	            -1119
  498.0000	            -1069
  498.2000	            -1152
  498.4000	            -1126
  498.6000	            -1155
  498.8000	            -1113
  499.0000	            -1122
  499.2000	            -1132
  499.4000	            -1107
  499.6000	            -1084
  499.8000	            -1123
  500.0000	            -1106
