  200.0000	            -1213
  200.2000	            -1222
  200.4000	            -1233
  200.6000	            -1212
  200.8000	            -1212
  201.0000	            -1214
  201.2000	            -1235
  201.4000	            -1216
  201.6000	            -1232
  201.8000	            -1238
  202.0000	            -1221
  202.2000	            -1212
  202.4000	            -1212
  202.6000	            -1228
  202.8000	            -1237
  203.0000	            -1217
  203.2000	            -1223
  203.4000	            -1202
  203.6000	            -1168
  203.8000	            -1201
  204.0000	            -1222
  204.2000	            -1198
  204.4000	            -1171
  204.6000	            -1204
  204.8000	            -1222
  205.0000	            -1195
  205.2000	            -1213
  205.4000	            -1219
  205.6000	            -1214
  205.8000	            -1215
  206.0000	            -1222
  206.2000	            -1230
  206.4000	            -1189
  206.6000	            -1214
  206.8000	            -1227
  207.0000	            -1229
  207.2000	            -1197
  207.4000	            -1214
  207.6000	            -1208
  207.8000	            -1210
  208.0000	            -1221
  208.2000	            -1239
  208.4000	            -1212
  208.6000	            -1194
  208.8000	            -1205
  209.0000	            -1220
  209.2000	            -1192
  209.4000	            -1232
  209.6000	            -1201
  209.8000	            -1222
  210.0000	            -1221
  210.2000	            -1206
  210.4000	            -1234
  210.6000	            -1229
  210.8000	            -1197
  211.0000	            -1238
  211.2000	            -1205
  211.4000	            -1168
  211.6000	            -1225
  211.8000	            -1233
  212.0000	            -1214
  212.2000	            -1193
  212.4000	            -1259
  212.6000	            -1238
  212.8000	            -1222
  213.0000	            -1192
  213.2000	            -1239
  213.4000	            -1229
  213.6000	            -1251
  213.8000	            -1235
  214.0000	            -1257
  214.2000	            -1215
  214.4000	            -1227
  214.6000	            -1192
  214.8000	            -1202
  215.0000	            -1243
  215.2000	            -1213
  215.4000	            -1192
  215.6000	            -1233
  215.8000	            -1232
  216.0000	            -1223
  216.2000	            -1234
  216.4000	            -1233
  216.6000	            -1176
  216.8000	            -1233
  217.0000	            -1257
  217.2000	            -1202
  217.4000	            -1204
  217.6000	            -1216
  217.8000	            -1211
  218.0000	            -1234
  218.2000	            -1218
  218.4000	            -1190
  218.6000	            -1219
  218.8000	            -1213
  219.0000	            -1192
  219.2000	            -1184
  219.4000	            -1224
  219.6000	            -1212
  219.8000	            -1180
  220.0000	            -1239
  220.2000	            -1265
  220.4000	            -1216
  220.6000	            -1201
  220.8000	            -1238
  221.0000	            -1216
  221.2000	            -1202
  221.4000	            -1168
  221.6000	            -1224
  221.8000	            -1217
  222.0000	            -1230
  222.2000	            -1204
  222.4000	            -1230
  222.6000	            -1168
  222.8000	            -1189
  223.0000	            -1207
  223.2000	            -1208
  223.4000	            -1237
  223.6000	            -1232
  223.8000	            -1230
  224.0000	            -1199
  224.2000	            -1201
  224.4000	            -1185
  224.6000	            -1233
  224.8000	            -1184
  225.0000	            -1231
  225.2000	            -1218
  225.4000	            -1204
  225.6000	            -1235
  225.8000	            -1206
  226.0000	            -1220
  226.2000	            -1238
  226.4000	            -1229
  226.6000	            -1224
  226.8000	            -1238
  227.0000	            -1218
  227.2000	            -1244
  227.4000	            -1237
  227.6000	            -1213
  227.8000	            -1192
  228.0000	            -1217
  228.2000	            -1257
  228.4000	            -1232
  228.6000	            -1200
  228.8000	            -1213
  229.0000	            -1223
  229.2000	            -1244
  229.4000	            -1225
  229.6000	            -1190
  229.8000	            -1237
  230.0000	            -1233
  230.2000	            -1216
  230.4000	            -1213
  230.6000	            -1206
  230.8000	            -1228
  231.0000	            -1213
  231.2000	            -1238
  231.4000	            -1214
  231.6000	            -1215
  231.8000	            -1227
  232.0000	            -1206
  232.2000	            -1216
  232.4000	            -1229
  232.6000	            -1246
  232.8000	            -1229
  233.0000	            -1194
  233.2000	            -1198
  233.4000	            -1211
  233.6000	            -1271
  233.8000	            -1208
  234.0000	            -1204
  234.2000	            -1227
  234.4000	            -1204
  234.6000	            -1225
  234.8000	            -1223
  235.0000	            -1228
  235.2000	            -1192
  235.4000	            -1237
  235.6000	            -1220
  235.8000	            -1209
  236.0000	            -1210
  236.2000	            -1181
  236.4000	            -1216
  236.6000	            -1215
  236.8000	            -1214
  237.0000	            -1234
  237.2000	            -1233
  237.4000	            -1218
  237.6000	            -1235
  237.8000	            -1243
  238.0000	            -1222
  238.2000	            -1198
  238.4000	            -1233
  238.6000	            -1216
  238.8000	            -1237
  239.0000	            -1228
  239.2000	            -1210
  239.4000	            -1203
  239.6000	            -1202
  239.8000	            -1208
  240.0000	            -1216
  240.2000	            -1202
  240.4000	            -1227
  240.6000	            -1176
  240.8000	            -1232
  241.0000	            -1192
  241.2000	            -1194
  241.4000	            -1237
  241.6000	            -1218
  241.8000	            -1254
  242.0000	            -1168
  242.2000	            -1168
  242.4000	            -1237
  242.6000	            -1201
  242.8000	            -1168
  243.0000	            -1198
  243.2000	            -1259
  243.4000	            -1189
  243.6000	            -1227
  243.8000	            -1236
  244.0000	            -1211
  244.2000	            -1215
  244.4000	            -1213
  244.6000	            -1229
  244.8000	            -1208
  245.0000	            -1229
  245.2000	            -1168
  245.4000	            -1209
  245.6000	            -1235
  245.8000	            -1168
  246.0000	            -1206
  246.2000	            -1210
  246.4000	            -1229
  246.6000	            -1238
  246.8000	            -1216
  247.0000	            -1232
  247.2000	            -1239
  247.4000	            -1227
  247.6000	            -1214
  247.8000	            -1238
  248.0000	            -1227
  248.2000	            -1205
  248.4000	            -1168
  248.6000	            -1206
  248.8000	            -1235
  249.0000	            -1189
  249.2000	            -1214
  249.4000	            -1230
  249.6000	            -1223
  249.8000	            -1212
  250.0000	            -1190
  250.2000	            -1234
  250.4000	            -1227
  250.6000	            -1206
  250.8000	            -1237
  251.0000	            -1168
  251.2000	            -1227
  251.4000	            -1212
  251.6000	            -1216
  251.8000	            -1205
  252.0000	            -1194
  252.2000	            -1218
  252.4000	            -1230
  252.6000	            -1206
  252.8000	            -1168
  253.0000	            -1219
  253.2000	            -1216
  253.4000	            -1246
  253.6000	            -1205
  253.8000	            -1192
  254.0000	            -1222
  254.2000	            -1222
  254.4000	            -1168
  254.6000	            -1199
  254.8000	            -1228
  255.0000	            -1224
  255.2000	            -1226
  255.4000	            -1201
  255.6000	            -1233
  255.8000	            -1229
  256.0000	            -1216
  256.2000	            -1227
  256.4000	            -1232
  256.6000	            -1212
  256.8000	            -1192
  257.0000	            -1176
  257.2000	            -1224
  257.4000	            -1232
  257.6000	            -1204
  257.8000	            -1222
  258.0000	            -1214
  258.2000	            -1217
  258.4000	            -1216
  258.6000	            -1236
  258.8000	            -1213
  259.0000	            -1230
  259.2000	            -1202
  259.4000	            -1239
  259.6000	            -1192
  259.8000	            -1218
  260.0000	            -1225
  260.2000	            -1216
  260.4000	            -1250
  260.6000	            -1212
  260.8000	            -1238
  261.0000	            -1206
  261.2000	            -1201
  261.4000	            -1203
  261.6000	            -1218
  261.8000	            -1219
  262.0000	            -1202
  262.2000	            -1223
  262.4000	            -1212
  262.6000	            -1227
  262.8000	            -1233
  263.0000	            -1259
  263.2000	            -1229
  263.4000	            -1218
  263.6000	            -1234
  263.8000	            -1215
  264.0000	            -1224
  264.2000	            -1237
  264.4000	            -1227
  264.6000	            -1222
  264.8000	            -1168
  265.0000	            -1229
  265.2000	            -1183
  265.4000	            -1189
  265.6000	            -1216
  265.8000	            -1216
  266.0000	            -1201
  266.2000	            -1206
  266.4000	            -1243
  266.6000	            -1206
  266.8000	            -1201
  267.0000	            -1202
  267.2000	            -1206
  267.4000	            -1212
  267.6000	            -1227
  267.8000	            -1229
  268.0000	            -1225
  268.2000	            -1225
  268.4000	            -1222
  268.6000	            -1230
  268.8000	            -1222
  269.0000	            -1231
  269.2000	            -1220
  269.4000	            -1229
  269.6000	            -1225
  269.8000	            -1246
  270.0000	            -1205
  270.2000	            -1187
  270.4000	            -1203
  270.6000	            -1216
  270.8000	            -1218
  271.0000	            -1190
  271.2000	            -1242
  271.4000	            -1243
  271.6000	            -1246
  271.8000	            -1204
  272.0000	            -1222
  272.2000	            -1196
  272.4000	            -1223
  272.6000	            -1220
  272.8000	            -1225
  273.0000	            -1237
  273.2000	            -1220
  273.4000	            -1205
  273.6000	            -1237
  273.8000	            -1220
  274.0000	            -1183
  274.2000	            -1220
  274.4000	            -1223
  274.6000	            -1224
  274.8000	            -1224
  275.0000	            -1214
  275.2000	            -1209
  275.4000	            -1176
  275.6000	            -1225
  275.8000	            -1216
  276.0000	            -1233
  276.2000	            -1216
  276.4000	            -1168
  276.6000	            -1226
  276.8000	            -1202
  277.0000	            -1215
  277.2000	            -1218
  277.4000	            -1216
  277.6000	            -1214
  277.8000	            -1230
  278.0000	            -1216
  278.2000	            -1214
  278.4000	            -1203
  278.6000	            -1233
  278.8000	            -1189
  279.0000	            -1227
  279.2000	            -1235
  279.4000	            -1227
  279.6000	            -1246
  279.8000	            -1209
  280.0000	            -1176
  280.2000	            -1233
  280.4000	            -1229
  280.6000	            -1216
  280.8000	            -1208
  281.0000	            -1212
  281.2000	            -1212
  281.4000	            -1216
  281.6000	            -1230
  281.8000	            -1212
  282.0000	            -1238
  282.2000	            -1225
  282.4000	            -1198
  282.6000	            -1218
  282.8000	            -1248
  283.0000	            -1221
  283.2000	            -1215
  283.4000	            -1222
  283.6000	            -1202
  283.8000	            -1222
  284.0000	            -1210
  284.2000	            -1220
  284.4000	            -1237
  284.6000	            -1202
  284.8000	            -1203
  285.0000	            -1199
  285.2000	            -1195
  285.4000	            -1193
  285.6000	            -1212
  285.8000	            -1171
  286.0000	            -1214
  286.2000	            -1213
  286.4000	            -1205
  286.6000	            -1220
  286.8000	            -1246
  287.0000	            -1227
  287.2000	            -1237
  287.4000	            -1230
  287.6000	            -1229
  287.8000	            -1168
  288.0000	            -1223
  288.2000	            -1214
  288.4000	            -1189
  288.6000	            -1220
  288.8000	            -1225
  289.0000	            -1168
  289.2000	            -1213
  289.4000	            -1192
  289.6000	            -1237
  289.8000	            -1227
  290.0000	            -1224
  290.2000	            -1222
  290.4000	            -1239
  290.6000	            -1202
  290.8000	            -1205
  291.0000	            -1218
  291.2000	            -1233
  291.4000	            -1217
  291.6000	            -1216
  291.8000	            -1254
  292.0000	            -1228
  292.2000	            -1246
  292.4000	            -1227
  292.6000	            -1214
  292.8000	            -1205
  293.0000	            -1212
  293.2000	            -1176
  293.4000	            -1208
  293.6000	            -1203
  293.8000	            -1174
  294.0000	            -1196
  294.2000	            -1174
  294.4000	            -1132
  294.6000	            -1163
  294.8000	            -1142
  295.0000	            -1135
  295.2000	            -1003
  295.4000	            -1129
  295.6000	            -1141
  295.8000	            -1102
  296.0000	            -1059
  296.2000	             -974
  296.4000	            -1178
  296.6000	            -1150
  296.8000	            -1103
  297.0000	            -1127
  297.2000	            -1114
  297.4000	            -1069
  297.6000	             -714
  297.8000	            -1222
  298.0000	            -1205
  298.2000	            -1192
  298.4000	            -1203
  298.6000	            -1155
  298.8000	            -1159
  299.0000	            -1192
  299.2000	            -1156
  299.4000	            -1154
  299.6000	            -1128
  299.8000	            -1199
  300.0000	            -1194
  300.2000	            -1198
  300.4000	            -1198
  300.6000	            -1137
  300.8000	            -1192
  301.0000	            -1208
  301.2000	            -1222
  301.4000	            -1176
  301.6000	            -1212
  301.8000	            -1203
  302.0000	            -1216
  302.2000	            -1206
  302.4000	            -1200
  302.6000	            -1175
  302.8000	            -1153
  303.0000	            -1192
  303.2000	            -1163
  303.4000	            -1209
  303.6000	            -1150
  303.8000	            -1155
  304.0000	            -1133
  304.2000	            -1113
  304.4000	            -1109
  304.6000	            -1141
  304.8000	            -1145
  305.0000	            -1150
  305.2000	            -1135
  305.4000	            -1146
  305.6000	            -1156
  305.8000	            -1151
  306.0000	            -1191
  306.2000	            -1163
  306.4000	             -749
  306.6000	             -912
  306.8000	             -553
  307.0000	             -702
  307.2000	             -781
  307.4000	             -960
  307.6000	            -1044
  307.8000	             -409
  308.0000	             -256
  308.2000	             -194
  308.4000	             -679
  308.6000	             -397
  308.8000	             -879
  309.0000	             1539
  309.2000	             -187
  309.4000	             -357
  309.6000	              489
  309.8000	             -548
  310.0000	             -240
  310.2000	              221
  310.4000	             -459
  310.6000	              340
  310.8000	              -96
  311.0000	               79
  311.2000	              697
  311.4000	              496
  311.6000	             2050
  311.8000	             -114
  312.0000	              -85
  312.2000	              271
  312.4000	              692
  312.6000	             1102
  312.8000	             2081
  313.0000	             2556
  313.2000	             2014
  313.4000	             6743
  313.6000	             3314
  313.8000	              254
  314.0000	              602
  314.2000	             1021
  314.4000	             1777
  314.6000	             2776
  314.8000	             3923
  315.0000	             5544
  315.2000	             6813
  315.4000	             7883
  315.6000	             7776
  315.8000	            35968
  316.0000	             -574
  316.2000	             -717
  316.4000	             -853
  316.6000	             -842
  316.8000	             -912
  317.0000	             -935
  317.2000	            -1075
  317.4000	             -848
  317.6000	            -1075
  317.8000	            -1009
  318.0000	            -1057
  318.2000	            -1002
  318.4000	            -1055
  318.6000	             -899
  318.8000	            -1037
  319.0000	            -1127
  319.2000	            -1006
  319.4000	             -974
  319.6000	            -1113
  319.8000	             -899
  320.0000	             -829
  320.2000	             -949
  320.4000	             -998
  320.6000	             -979
  320.8000	             -901
  321.0000	             -826
  321.2000	             -966
  321.4000	             -992
  321.6000	             -996
  321.8000	            -1013
  322.0000	             -987
  322.2000	            -1107
  322.4000	            -1115
  322.6000	            -1127
  322.8000	            -1113
  323.0000	            -1064
  323.2000	            -1117
  323.4000	            -1084
  323.6000	            -1160
  323.8000	            -1069
  324.0000	             -988
  324.2000	            -1109
  324.4000	            -1002
  324.6000	            -1011
  324.8000	            -1016
  325.0000	             -945
  325.2000	             -856
  325.4000	             -842
  325.6000	             -717
  325.8000	             -478
  326.0000	             -599
  326.2000	             -488
  326.4000	             -470
  326.6000	              630
  326.8000	             -441
  327.0000	             -854
  327.2000	             -562
  327.4000	             -637
  327.6000	             -436
  327.8000	              -92
  328.0000	             -150
  328.2000	             -219
  328.4000	             2036
  328.6000	             -785
  328.8000	             -755
  329.0000	             -832
  329.2000	             -842
  329.4000	             -665
  329.6000	             -384
  329.8000	             -295
  330.0000	             -279
  330.2000	             -410
  330.4000	             -414
  330.6000	             -337
  330.8000	             1345
  331.0000	              194
  331.2000	              116
  331.4000	              436
  331.6000	              509
  331.8000	              676
  332.0000	              902
  332.2000	             1184
  332.4000	             1312
  332.6000	             1850
  332.8000	             2009
  333.0000	             2589
  333.2000	             2412
  333.4000	             2557
  333.6000	             3171
  333.8000	             5455
  334.0000	             4019
  334.2000	             4332
  334.4000	             4940
  334.6000	             6338
  334.8000	             7450
  335.0000	             8578
  335.2000	            10321
  335.4000	            13028
  335.6000	            16631
  335.8000	            24115
  336.0000	            29442
  336.2000	            30888
  336.4000	            35484
  336.6000	            39960
  336.8000	            42753
  337.0000	           154293
  337.2000	             2717
  337.4000	             -516
  337.6000	             -362
  337.8000	             -397
  338.0000	             -547
  338.2000	             -471
  338.4000	             -515
  338.6000	             -425
  338.8000	             -459
  339.0000	             -827
  339.2000	             -711
  339.4000	             -841
  339.6000	             -926
  339.8000	             -919
  340.0000	             -998
  340.2000	             -904
  340.4000	            -1057
  340.6000	             -886
  340.8000	            -1040
  341.0000	             -980
  341.2000	            -1047
  341.4000	            -1075
  341.6000	            -1028
  341.8000	            -1108
  342.0000	             -976
  342.2000	            -1076
  342.4000	            -1089
  342.6000	            -1012
  342.8000	            -1062
  343.0000	            -1050
  343.2000	            -1000
  343.4000	            -1051
  343.6000	             -997
  343.8000	             -949
  344.0000	             -968
  344.2000	             -902
  344.4000	             -912
  344.6000	             -945
  344.8000	             -943
  345.0000	            -1023
  345.2000	             -921
  345.4000	            -1028
  345.6000	             -930
  345.8000	             -894
  346.0000	             -867
  346.2000	             -867
  346.4000	             -865
  346.6000	             -716
  346.8000	             -510
  347.0000	             -855
  347.2000	             -637
  347.4000	             -531
  347.6000	             -582
  347.8000	             -234
  348.0000	             -255
  348.2000	             -707
  348.4000	             -110
  348.6000	              -55
  348.8000	              -31
  349.0000	              802
  349.2000	             1069
  349.4000	              854
  349.6000	             1320
  349.8000	             2755
  350.0000	             3501
  350.2000	               30
  350.4000	              903
  350.6000	             1257
  350.8000	              998
  351.0000	              856
  351.2000	             2003
  351.4000	             2973
  351.6000	             3407
  351.8000	             3580
  352.0000	             4145
  352.2000	             5375
  352.4000	             7153
  352.6000	             9007
  352.8000	            10848
  353.0000	            12416
  353.2000	            13942
  353.4000	            17973
  353.6000	            42662
  353.8000	             3214
  354.0000	             3616
  354.2000	             3992
  354.4000	             4709
  354.6000	             4858
  354.8000	             5645
  355.0000	             6245
  355.2000	             7436
  355.4000	             8976
  355.6000	            10728
  355.8000	            12159
  356.0000	            15478
  356.2000	            18991
  356.4000	            22092
  356.6000	            26601
  356.8000	            31874
  357.0000	            36392
  357.2000	            40764
  357.4000	            48215
  357.6000	           151088
  357.8000	               13
  358.0000	             -562
  358.2000	             -442
  358.4000	             -699
  358.6000	             -895
  358.8000	             -850
  359.0000	             -897
  359.2000	             -957
  359.4000	             -952
  359.6000	            -1025
  359.8000	            -1001
  360.0000	            -1043
  360.2000	            -1026
  360.4000	            -1044
  360.6000	            -1012
  360.8000	            -1001
  361.0000	            -1009
  361.2000	             -944
  361.4000	            -1006
  361.6000	             -999
  361.8000	             -989
  362.0000	             -990
  362.2000	             -944
  362.4000	             -880
  362.6000	             -897
  362.8000	             -857
  363.0000	             -728
  363.2000	             -786
  363.4000	             -684
  363.6000	             -560
  363.8000	             -455
  364.0000	              -28
  364.2000	             -105
  364.4000	             -622
  364.6000	             -645
  364.8000	             -616
  365.0000	             -609
  365.2000	             -566
  365.4000	             -454
  365.6000	             -378
  365.8000	              -39
  366.0000	               20
  366.2000	              419
  366.4000	              707
  366.6000	              675
  366.8000	              790
  367.0000	             4245
  367.2000	              359
  367.4000	             -109
  367.6000	             -470
  367.8000	             -191
  368.0000	              100
  368.2000	              112
  368.4000	             -188
  368.6000	              576
  368.8000	              382
  369.0000	             -105
  369.2000	              991
  369.4000	             1829
  369.6000	             2406
  369.8000	             2457
  370.0000	             3549
  370.2000	             4015
  370.4000	             5581
  370.6000	             4135
  370.8000	            11752
  371.0000	            10299
  371.2000	             -222
  371.4000	              738
  371.6000	              684
  371.8000	             1011
  372.0000	             1763
  372.2000	             1259
  372.4000	             1785
  372.6000	             2410
  372.8000	             1756
  373.0000	             3157
  373.2000	             3836
  373.4000	             3689
  373.6000	             5417
  373.8000	             6514
  374.0000	             7213
  374.2000	             8408
  374.4000	            11023
  374.6000	            12919
  374.8000	            13515
  375.0000	            15316
  375.2000	            20889
  375.4000	            52741
  375.6000	             1521
  375.8000	              155
  376.0000	               67
  376.2000	             1012
  376.4000	             1620
  376.6000	             2575
  376.8000	             2820
  377.0000	             3323
  377.2000	             3416
  377.4000	             3956
  377.6000	             4218
  377.8000	             4684
  378.0000	             5013
  378.2000	             5932
  378.4000	             6953
  378.6000	             8294
  378.8000	            10261
  379.0000	            12443
  379.2000	            13529
  379.4000	            16476
  379.6000	            19087
  379.8000	            21156
  380.0000	            23522
  380.2000	            36533
  380.4000	            65385
  380.6000	             -538
  380.8000	             -802
  381.0000	             -923
  381.2000	             -839
  381.4000	             -976
  381.6000	             -995
  381.8000	             -948
  382.0000	             -838
  382.2000	             -928
  382.4000	             -862
  382.6000	             -886
  382.8000	             -847
  383.0000	             -899
  383.2000	             -738
  383.4000	             -697
  383.6000	             -756
  383.8000	             -683
  384.0000	             -456
  384.2000	             -473
  384.4000	             -336
  384.6000	             -163
  384.8000	             -161
  385.0000	              151
  385.2000	              209
  385.4000	             1266
  385.6000	             1683
  385.8000	             -607
  386.0000	             -389
  386.2000	             -622
  386.4000	             -463
  386.6000	             -376
  386.8000	             -319
  387.0000	              -20
  387.2000	             -423
  387.4000	              -95
  387.6000	              223
  387.8000	              453
  388.0000	              799
  388.2000	             1419
  388.4000	             1944
  388.6000	             1390
  388.8000	             1420
  389.0000	             1882
  389.2000	             6167
  389.4000	             3487
  389.6000	             -291
  389.8000	             -105
  390.0000	              102
  390.2000	             -110
  390.4000	               81
  390.6000	             -145
  390.8000	              108
  391.0000	              -54
  391.2000	             1424
  391.4000	             1646
  391.6000	              -54
  391.8000	             -200
  392.0000	              117
  392.2000	              812
  392.4000	             1274
  392.6000	             1361
  392.8000	             2364
  393.0000	             2434
  393.2000	             2985
  393.4000	             4084
  393.6000	             3030
  393.8000	             4571
  394.0000	            11269
  394.2000	             9395
  394.4000	             -731
  394.6000	             -151
  394.8000	              111
  395.0000	             -308
  395.2000	             -632
  395.4000	               80
  395.6000	              271
  395.8000	              266
  396.0000	              -18
  396.2000	              102
  396.4000	              135
  396.6000	              390
  396.8000	              996
  397.0000	             1007
  397.2000	             1647
  397.4000	             1708
  397.6000	             2501
  397.8000	             2587
  398.0000	             3329
  398.2000	             4355
  398.4000	             4405
  398.6000	             6069
  398.8000	             6699
  399.0000	             7468
  399.2000	             8954
  399.4000	             9415
  399.6000	            26554
  399.8000	             7399
  400.0000	             -903
  400.2000	             -248
  400.4000	              -39
  400.6000	             -893
  400.8000	             -420
  401.0000	              148
  401.2000	             -256
  401.4000	             -729
  401.6000	             -213
  401.8000	              488
  402.0000	              485
  402.2000	              190
  402.4000	               93
  402.6000	              163
  402.8000	              684
  403.0000	             1024
  403.2000	             1380
  403.4000	             1739
  403.6000	             2084
  403.8000	             2558
  404.0000	             3056
  404.2000	             3692
  404.4000	             4978
  404.6000	             5088
  404.8000	             6133
  405.0000	             7231
  405.2000	             7970
  405.4000	             8797
  405.6000	            12585
  405.8000	            28769
  406.0000	             -467
  406.2000	             -793
  406.4000	             -856
  406.6000	             -779
  406.8000	             -802
  407.0000	             -715
  407.2000	             -543
  407.4000	             -607
  407.6000	             -414
  407.8000	             -284
  408.0000	             -253
  408.2000	               50
  408.4000	               90
  408.6000	              316
  408.8000	              317
  409.0000	              697
  409.2000	             2762
  409.4000	              968
  409.6000	             -902
  409.8000	             -821
  410.0000	             -797
  410.2000	             -694
  410.4000	             -748
  410.6000	             -632
  410.8000	             -652
  411.0000	             -367
  411.2000	             -591
  411.4000	             -269
  411.6000	             -637
  411.8000	              -19
  412.0000	             -115
  412.2000	              198
  412.4000	              471
  412.6000	              735
  412.8000	              936
  413.0000	             1307
  413.2000	             1714
  413.4000	             1079
  413.6000	             1990
  413.8000	             3823
  414.0000	             7057
  414.2000	              227
  414.4000	             -619
  414.6000	             -787
  414.8000	             -343
  415.0000	             -732
  415.2000	             -685
  415.4000	             -446
  415.6000	             -388
  415.8000	             1635
  416.0000	             -516
  416.2000	             -228
  416.4000	             -210
  416.6000	              149
  416.8000	             -236
  417.0000	               -1
  417.2000	             -312
  417.4000	              313
  417.6000	              575
  417.8000	             1092
  418.0000	             1337
  418.2000	             2026
  418.4000	             1855
  418.6000	             2541
  418.8000	             2375
  419.0000	             4284
  419.2000	             2463
  419.4000	             3636
  419.6000	             4968
  419.8000	            10113
  420.0000	            12955
  420.2000	             -599
  420.4000	             -364
  420.6000	             -478
  420.8000	             -620
  421.0000	             -206
  421.2000	             -572
  421.4000	             -371
  421.6000	              159
  421.8000	             -481
  422.0000	             -211
  422.2000	              282
  422.4000	             -397
  422.6000	             -227
  422.8000	              350
  423.0000	              202
  423.2000	              157
  423.4000	              520
  423.6000	             1173
  423.8000	              680
  424.0000	              924
  424.2000	              905
  424.4000	             1389
  424.6000	             1350
  424.8000	             1981
  425.0000	             2278
  425.2000	             2502
  425.4000	             2863
  425.6000	             3419
  425.8000	             5921
  426.0000	             4600
  426.2000	             5330
  426.4000	             6374
  426.6000	            10148
  426.8000	            15369
  427.0000	             -615
  427.2000	              152
  427.4000	             -663
  427.6000	              453
  427.8000	             -390
  428.0000	            -1023
  428.2000	             -593
  428.4000	            -1067
  428.6000	             -559
  428.8000	             -629
  429.0000	             -899
  429.2000	             -425
  429.4000	             -785
  429.6000	             -666
  429.8000	             -188
  430.0000	             -187
  430.2000	             -651
  430.4000	             -159
  430.6000	                2
  430.8000	             -262
  431.0000	             -329
  431.2000	              131
  431.4000	              343
  431.6000	              399
  431.8000	              518
  432.0000	              641
  432.2000	              973
  432.4000	             1139
  432.6000	             1291
  432.8000	             1578
  433.0000	             2026
  433.2000	             3165
  433.4000	             3201
  433.6000	             3169
  433.8000	             3680
  434.0000	             4254
  434.2000	            10265
  434.4000	             3528
  434.6000	              182
  434.8000	              191
  435.0000	              327
  435.2000	              626
  435.4000	             2209
  435.6000	              520
  435.8000	            -1028
  436.0000	             -881
  436.2000	             -936
  436.4000	             -986
  436.6000	             -829
  436.8000	             -952
  437.0000	             -902
  437.2000	             -752
  437.4000	             -904
  437.6000	             -751
  437.8000	             -838
  438.0000	             -701
  438.2000	             -790
  438.4000	             -866
  438.6000	             -739
  438.8000	             -499
  439.0000	             -482
  439.2000	             -465
  439.4000	             -184
  439.6000	             -198
  439.8000	               43
  440.0000	              161
  440.2000	              428
  440.4000	              314
  440.6000	              256
  440.8000	              672
  441.0000	             1121
  441.2000	             2073
  441.4000	             4026
  441.6000	             -228
  441.8000	             -968
  442.0000	            -1012
  442.2000	             -838
  442.4000	            -1094
  442.6000	             -827
  442.8000	            -1092
  443.0000	             -801
  443.2000	             -937
  443.4000	             -723
  443.6000	             -764
  443.8000	             -826
  444.0000	             -611
  444.2000	             -761
  444.4000	             -724
  444.6000	             -571
  444.8000	             -681
  445.0000	             -592
  445.2000	             -495
  445.4000	             -439
  445.6000	             -862
  445.8000	             -458
  446.0000	             -341
  446.2000	             -326
  446.4000	              -78
  446.6000	              -39
  446.8000	              121
  447.0000	              116
  447.2000	              192
  447.4000	              431
  447.6000	              520
  447.8000	              563
  448.0000	              655
  448.2000	             1303
  448.4000	             1528
  448.6000	             2687
  448.8000	             4782
  449.0000	             -353
  449.2000	            -1011
  449.4000	             -882
  449.6000	             -897
  449.8000	             -923
  450.0000	             -932
  450.2000	             -894
  450.4000	             -933
  450.6000	             -838
  450.8000	             -940
  451.0000	              171
  451.2000	             -975
  451.4000	             -624
  451.6000	            -1061
  451.8000	             -730
  452.0000	            -1015
  452.2000	             -679
  452.4000	             -738
  452.6000	             -996
  452.8000	             -624
  453.0000	             -751
  453.2000	             -869
  453.4000	             -488
  453.6000	             -707
  453.8000	             -749
  454.0000	             -397
  454.2000	             -418
  454.4000	             -425
  454.6000	             -313
  454.8000	             -256
  455.0000	             -228
  455.2000	             -163
  455.4000	              -73
  455.6000	               98
  455.8000	              153
  456.0000	              351
  456.2000	              556
  456.4000	              606
  456.6000	              919
  456.8000	             1024
  457.0000	             1582
  457.2000	             4240
  457.4000	             -152
  457.6000	             -956
  457.8000	            -1042
  458.0000	             -981
  458.2000	            -1072
  458.4000	             -872
  458.6000	            -1073
  458.8000	             -929
  459.0000	             -996
  459.2000	             -898
  459.4000	             -978
  459.6000	             -661
  459.8000	             -794
  460.0000	             -792
  460.2000	            -1006
  460.4000	             -919
  460.6000	            -1009
  460.8000	             -842
  461.0000	            -1024
  461.2000	             -785
  461.4000	             -868
  461.6000	             -791
  461.8000	             -823
  462.0000	             -886
  462.2000	             -660
  462.4000	             -772
  462.6000	             -714
  462.8000	             -439
  463.0000	             -538
  463.2000	             -582
  463.4000	             -466
  463.6000	             -391
  463.8000	             -324
  464.0000	             -254
  464.2000	             -159
  464.4000	              -39
  464.6000	              658
  464.8000	              219
  465.0000	             -326
  465.2000	             -345
  465.4000	             -457
  465.6000	             -414
  465.8000	             -364
  466.0000	             -269
  466.2000	             -185
  466.4000	              444
  466.6000	              367
  466.8000	            -1015
  467.0000	            -1070
  467.2000	            -1072
  467.4000	            -1079
  467.6000	            -1055
  467.8000	            -1006
  468.0000	            -1061
  468.2000	            -1006
  468.4000	            -1061
  468.6000	            -1037
  468.8000	            -1048
  469.0000	             -988
  469.2000	             -940
  469.4000	             -841
  469.6000	             -824
  469.8000	             -872
  470.0000	             -883
  470.2000	             -687
  470.4000	             -769
  470.6000	             -672
  470.8000	             -457
  471.0000	             -752
  471.2000	             -722
  471.4000	             -622
  471.6000	             -555
  471.8000	             -441
  472.0000	              198
  472.2000	             -181
  472.4000	            -1116
  472.6000	            -1075
  472.8000	            -1150
  473.0000	            -1081
  473.2000	            -1112
  473.4000	            -1081
  473.6000	            -1055
  473.8000	            -1064
  474.0000	            -1032
  474.2000	            -1050
  474.4000	            -1000
  474.6000	             -995
  474.8000	             -908
  475.0000	            -1011
  475.2000	            -1002
  475.4000	            -1041
  475.6000	             -941
  475.8000	             -990
  476.0000	            -1002
  476.2000	            -1051
  476.4000	             -945
  476.6000	            -1011
  476.8000	            -1015
  477.0000	            -1056
  477.2000	             -999
  477.4000	            -1035
  477.6000	            -1008
  477.8000	            -1075
  478.0000	             -950
  478.2000	             -964
  478.4000	             -981
  478.6000	             -893
  478.8000	             -937
  479.0000	             -986
  479.2000	             -899
  479.4000	             -825
  479.6000	             -840
  479.8000	             -804
  480.0000	             -949
  480.2000	             -807
  480.4000	             -719
  480.6000	             -680
  480.8000	             -582
  481.0000	             -512
  481.2000	              167
  481.4000	             -622
  481.6000	            -1118
  481.8000	            -1092
  482.0000	            -1095
  482.2000	            -1088
  482.4000	            -1024
  482.6000	            -1153
  482.8000	            -1111
  483.0000	            -1113
  483.2000	            -1079
  483.4000	            -1058
  483.6000	            -1143
  483.8000	            -1075
  484.0000	            -1125
  484.2000	            -1139
  484.4000	            -1098
  484.6000	            -1087
  484.8000	            -1048
  485.0000	            -1107
  485.2000	            -1083
  485.4000	            -1089
  485.6000	            -1045
  485.8000	            -1138
  486.0000	            -1002
  486.2000	            -1069
  486.4000	             -984
  486.6000	            -1070
  486.8000	            -1059
  487.0000	            -1043
  487.2000	            -1040
  487.4000	            -1048
  487.6000	            -1074
  487.8000	             -950
  488.0000	            -1001
  488.2000	             -976
  488.4000	            -1017
  488.6000	             -942
  488.8000	             -893
  489.0000	             -998
  489.2000	             -939
  489.4000	             -906
  489.6000	             -886
  489.8000	             -912
  490.0000	             -899
  490.2000	             -849
  490.4000	             -805
  490.6000	             -783
  490.8000	             -845
  491.0000	             -749
  491.2000	             -779
  491.4000	             -732
  491.6000	             -266
  491.8000	             -860
  492.0000	            -1107
  492.2000	            -1078
  492.4000	            -1076
  492.6000	             -977
  492.8000	            -1062
  493.0000	            -1096
  493.2000	            -1131
  493.4000	            -1092
  493.6000	            -1095
  493.8000	            -1059
  494.0000	            -1132
  494.2000	            -1092
  494.4000	            -1070
  494.6000	            -1080
  494.8000	            -1097
  495.0000	            -1145
  495.2000	            -1118
  495.4000	            -1115
  495.6000	            -1044
  495.8000	            -1100
  496.0000	            -1097
  496.2000	            -1057
  496.4000	            -1015
  496.6000	            -1079
  496.8000	            -1023
  497.0000	            -1008
  497.2000	             -953
  497.4000	             -969
  497.6000	            -1051
  497.8000	            -1192
  498.0000	            -1154
  498.2000	            -1175
  498.4000	            -1142
  498.6000	            -1120
  498.8000	            -1122
  499.0000	            -1104
  499.2000	            -1126
  499.4000	            -1065
  499.6000	            -1082
  499.8000	            -1052
  500.0000	            -1125
