  200.0000	             -870
  200.2000	             -893
  200.4000	             -883
  200.6000	             -905
  200.8000	             -902
  201.0000	             -885
  201.2000	             -885
  201.4000	             -864
  201.6000	             -910
  201.8000	             -883
  202.0000	             -913
  202.2000	             -909
  202.4000	             -913
  202.6000	             -905
  202.8000	             -899
  203.0000	             -843
  203.2000	             -894
  203.4000	             -918
  203.6000	             -899
  203.8000	             -899
  204.0000	             -899
  204.2000	             -875
  204.4000	             -908
  204.6000	             -870
  204.8000	             -866
  205.0000	             -857
  205.2000	             -869
  205.4000	             -855
  205.6000	             -898
  205.8000	             -888
  206.0000	             -856
  206.2000	             -864
  206.4000	             -881
  206.6000	             -885
  206.8000	             -889
  207.0000	             -878
  207.2000	             -905
  207.4000	             -885
  207.6000	             -909
  207.8000	             -910
  208.0000	             -907
  208.2000	             -891
  208.4000	             -909
  208.6000	             -905
  208.8000	             -843
  209.0000	             -842
  209.2000	             -832
  209.4000	             -911
  209.6000	             -857
  209.8000	             -885
  210.0000	             -883
  210.2000	             -909
  210.4000	             -878
  210.6000	             -875
  210.8000	             -914
  211.0000	             -864
  211.2000	             -856
  211.4000	             -857
  211.6000	             -899
  211.8000	             -875
  212.0000	             -874
  212.2000	             -907
  212.4000	             -916
  212.6000	             -855
  212.8000	             -909
  213.0000	             -896
  213.2000	             -907
  213.4000	             -899
  213.6000	             -911
  213.8000	             -868
  214.0000	             -910
  214.2000	             -854
  214.4000	             -883
  214.6000	             -920
  214.8000	             -920
  215.0000	             -864
  215.2000	             -832
  215.4000	             -857
  215.6000	             -887
  215.8000	             -896
  216.0000	             -906
  216.2000	             -908
  216.4000	             -916
  216.6000	             -896
  216.8000	             -899
  217.0000	             -866
  217.2000	             -910
  217.4000	             -918
  217.6000	             -855
  217.8000	             -908
  218.0000	             -854
  218.2000	             -905
  218.4000	             -899
  218.6000	             -908
  218.8000	             -866
  219.0000	             -908
  219.2000	             -910
  219.4000	             -855
  219.6000	             -866
  219.8000	             -887
  220.0000	             -881
  220.2000	             -885
  220.4000	             -914
  220.6000	             -907
  220.8000	             -857
  221.0000	             -905
  221.2000	             -857
  221.4000	             -925
  221.6000	             -907
  221.8000	             -902
  222.0000	             -832
  222.2000	             -914
  222.4000	             -857
  222.6000	             -909
  222.8000	             -892
  223.0000	             -908
  223.2000	             -875
  223.4000	             -899
  223.6000	             -885
  223.8000	             -869
  224.0000	             -905
  224.2000	             -911
  224.4000	             -906
  224.6000	             -921
  224.8000	             -908
  225.0000	             -843
  225.2000	             -832
  225.4000	             -856
  225.6000	             -911
  225.8000	             -875
  226.0000	             -875
  226.2000	             -866
  226.4000	             -903
  226.6000	             -844
  226.8000	             -857
  227.0000	             -907
  227.2000	             -899
  227.4000	             -855
  227.6000	             -905
  227.8000	             -875
  228.0000	             -896
  228.2000	             -875
  228.4000	             -899
  228.6000	             -902
  228.8000	             -925
  229.0000	             -853
  229.2000	             -907
  229.4000	             -869
  229.6000	             -866
  229.8000	             -896
  230.0000	             -915
  230.2000	             -868
  230.4000	             -899
  230.6000	             -899
  230.8000	             -916
  231.0000	             -855
  231.2000	             -901
  231.4000	             -866
  231.6000	             -907
  231.8000	             -866
  232.0000	             -870
  232.2000	             -905
  232.4000	             -911
  232.6000	             -870
  232.8000	             -910
  233.0000	             -913
  233.2000	             -875
  233.4000	             -885
  233.6000	             -898
  233.8000	             -920
  234.0000	             -891
  234.2000	             -899
  234.4000	             -896
  234.6000	             -911
  234.8000	             -899
  235.0000	             -909
  235.2000	             -884
  235.4000	             -903
  235.6000	             -844
  235.8000	             -898
  236.0000	             -878
  236.2000	             -921
  236.4000	             -914
  236.6000	             -874
  236.8000	             -867
  237.0000	             -911
  237.2000	             -907
  237.4000	             -875
  237.6000	             -909
  237.8000	             -883
  238.0000	             -917
  238.2000	             -868
  238.4000	             -888
  238.6000	             -870
  238.8000	             -896
  239.0000	             -909
  239.2000	             -909
  239.4000	             -907
  239.6000	             -895
  239.8000	             -909
  240.0000	             -915
  240.2000	             -896
  240.4000	             -856
  240.6000	             -832
  240.8000	             -899
  241.0000	             -853
  241.2000	             -915
  241.4000	             -892
  241.6000	             -911
  241.8000	             -899
  242.0000	             -899
  242.2000	             -911
  242.4000	             -896
  242.6000	             -891
  242.8000	             -866
  243.0000	             -909
  243.2000	             -855
  243.4000	             -869
  243.6000	             -875
  243.8000	             -917
  244.0000	             -885
  244.2000	             -877
  244.4000	             -875
  244.6000	             -926
  244.8000	             -920
  245.0000	             -908
  245.2000	             -904
  245.4000	             -870
  245.6000	             -885
  245.8000	             -899
  246.0000	             -905
  246.2000	             -888
  246.4000	             -899
  246.6000	             -896
  246.8000	             -884
  247.0000	             -875
  247.2000	             -864
  247.4000	             -885
  247.6000	             -908
  247.8000	             -908
  248.0000	             -869
  248.2000	             -875
  248.4000	             -864
  248.6000	             -879
  248.8000	             -853
  249.0000	             -875
  249.2000	             -902
  249.4000	             -908
  249.6000	             -870
  249.8000	             -869
  250.0000	             -896
  250.2000	             -900
  250.4000	             -869
  250.6000	             -887
  250.8000	             -896
  251.0000	             -905
  251.2000	             -899
  251.4000	             -877
  251.6000	             -910
  251.8000	             -881
  252.0000	             -908
  252.2000	             -896
  252.4000	             -857
  252.6000	             -895
  252.8000	             -870
  253.0000	             -888
  253.2000	             -881
  253.4000	             -878
  253.6000	             -899
  253.8000	             -896
  254.0000	             -900
  254.2000	             -884
  254.4000	             -887
  254.6000	             -875
  254.8000	             -892
  255.0000	             -888
  255.2000	             -888
  255.4000	             -901
  255.6000	             -869
  255.8000	             -903
  256.0000	             -887
  256.2000	             -870
  256.4000	             -875
  256.6000	             -907
  256.8000	             -870
  257.0000	             -896
  257.2000	             -909
  257.4000	             -907
  257.6000	             -882
  257.8000	             -902
  258.0000	             -902
  258.2000	             -875
  258.4000	             -875
  258.6000	             -926
  258.8000	             -874
  259.0000	             -893
  259.2000	             -905
  259.4000	             -857
  259.6000	             -887
  259.8000	             -896
  260.0000	             -870
  260.2000	             -878
  260.4000	             -869
  260.6000	             -848
  260.8000	             -901
  261.0000	             -875
  261.2000	             -907
  261.4000	             -869
  261.6000	             -857
  261.8000	             -908
  262.0000	             -869
  262.2000	             -909
  262.4000	             -889
  262.6000	             -866
  262.8000	             -907
  263.0000	             -899
  263.2000	             -875
  263.4000	             -875
  263.6000	             -896
  263.8000	             -901
  264.0000	             -903
  264.2000	             -875
  264.4000	             -884
  264.6000	             -874
  264.8000	             -866
  265.0000	             -889
  265.2000	             -891
  265.4000	             -875
  265.6000	             -896
  265.8000	             -892
  266.0000	             -898
  266.2000	             -857
  266.4000	             -875
  266.6000	             -884
  266.8000	             -902
  267.0000	             -909
  267.2000	             -896
  267.4000	             -921
  267.6000	             -896
  267.8000	             -897
  268.0000	             -887
  268.2000	             -910
  268.4000	             -875
  268.6000	             -870
  268.8000	             -917
  269.0000	             -834
  269.2000	             -835
  269.4000	             -896
  269.6000	             -862
  269.8000	             -905
  270.0000	             -869
  270.2000	             -884
  270.4000	             -896
  270.6000	             -891
  270.8000	             -866
  271.0000	             -875
  271.2000	             -913
  271.4000	             -916
  271.6000	             -869
  271.8000	             -910
  272.0000	             -848
  272.2000	             -891
  272.4000	             -887
  272.6000	             -869
  272.8000	             -909
  273.0000	             -899
  273.2000	             -907
  273.4000	             -908
  273.6000	             -908
  273.8000	             -896
  274.0000	             -843
  274.2000	             -855
  274.4000	             -866
  274.6000	             -875
  274.8000	             -908
  275.0000	             -891
  275.2000	             -896
  275.4000	             -875
  275.6000	             -896
  275.8000	             -869
  276.0000	             -897
  276.2000	             -896
  276.4000	             -905
  276.6000	             -909
  276.8000	             -875
  277.0000	             -904
  277.2000	             -908
  277.4000	             -912
  277.6000	             -869
  277.8000	             -877
  278.0000	             -913
  278.2000	             -893
  278.4000	             -909
  278.6000	             -863
  278.8000	             -908
  279.0000	             -848
  279.2000	             -912
  279.4000	             -884
  279.6000	             -844
  279.8000	             -889
  280.0000	             -875
  280.2000	             -908
  280.4000	             -896
  280.6000	             -904
  280.8000	             -857
  281.0000	             -875
  281.2000	             -896
  281.4000	             -879
  281.6000	             -835
  281.8000	             -899
  282.0000	             -887
  282.2000	             -897
  282.4000	             -878
  282.6000	             -899
  282.8000	             -892
  283.0000	             -883
  283.2000	             -875
  283.4000	             -893
  283.6000	             -879
  283.8000	             -891
  284.0000	             -877
  284.2000	             -893
  284.4000	             -898
  284.6000	             -912
  284.8000	             -878
  285.0000	             -869
  285.2000	             -832
  285.4000	             -875
  285.6000	             -893
  285.8000	             -891
  286.0000	             -869
  286.2000	             -875
  286.4000	             -902
  286.6000	             -907
  286.8000	             -900
  287.0000	             -896
  287.2000	             -921
  287.4000	             -904
  287.6000	             -872
  287.8000	             -870
  288.0000	             -872
  288.2000	             -909
  288.4000	             -880
  288.6000	             -909
  288.8000	             -889
  289.0000	             -891
  289.2000	             -848
  289.4000	             -878
  289.6000	             -871
  289.8000	             -848
  290.0000	             -875
  290.2000	             -843
  290.4000	             -901
  290.6000	             -909
  290.8000	             -905
  291.0000	             -917
  291.2000	             -901
  291.4000	             -866
  291.6000	             -907
  291.8000	             -857
  292.0000	             -888
  292.2000	             -881
  292.4000	             -890
  292.6000	             -879
  292.8000	             -872
  293.0000	             -891
  293.2000	             -900
  293.4000	             -913
  293.6000	             -897
  293.8000	             -866
  294.0000	             -887
  294.2000	             -889
  294.4000	             -881
  294.6000	             -903
  294.8000	             -913
  295.0000	             -856
  295.2000	             -885
  295.4000	             -846
  295.6000	             -881
  295.8000	             -883
  296.0000	             -870
  296.2000	             -822
  296.4000	             -867
  296.6000	             -880
  296.8000	             -899
  297.0000	             -870
  297.2000	             -870
  297.4000	             -880
  297.6000	             -780
  297.8000	             -862
  298.0000	             -905
  298.2000	             -864
  298.4000	             -898
  298.6000	             -889
  298.8000	             -873
  299.0000	             -867
  299.2000	             -862
  299.4000	             -886
  299.6000	             -883
  299.8000	             -876
  300.0000	             -899
  300.2000	             -900
  300.4000	             -898
  300.6000	             -880
  300.8000	             -848
  301.0000	             -867
  301.2000	             -884
  301.4000	             -871
  301.6000	             -909
  301.8000	             -898
  302.0000	             -908
  302.2000	             -894
  302.4000	             -843
  302.6000	             -899
  302.8000	             -911
  303.0000	             -873
  303.2000	             -905
  303.4000	             -875
  303.6000	             -901
  303.8000	             -880
  304.0000	             -907
  304.2000	             -889
  304.4000	             -885
  304.6000	             -879
  304.8000	             -847
  305.0000	             -845
  305.2000	             -879
  305.4000	             -881
  305.6000	             -872
  305.8000	             -879
  306.0000	             -871
  306.2000	             -884
  306.4000	             -843
  306.6000	             -853
  306.8000	             -818
  307.0000	             -781
  307.2000	             -845
  307.4000	             -861
  307.6000	             -879
  307.8000	             -813
  308.0000	             -710
  308.2000	             -724
  308.4000	             -803
  308.6000	             -762
  308.8000	             -849
  309.0000	             -473
  309.2000	             -742
  309.4000	             -751
  309.6000	             -630
  309.8000	             -806
  310.0000	             -771
  310.2000	             -670
  310.4000	             -705
  310.6000	             -683
  310.8000	             -726
  311.0000	             -687
  311.2000	             -587
  311.4000	             -683
  311.6000	             -344
  311.8000	             -730
  312.0000	             -712
  312.2000	             -702
  312.4000	             -616
  312.6000	             -531
  312.8000	             -386
  313.0000	             -303
  313.2000	             -308
  313.4000	              145
  313.6000	              248
  313.8000	             -700
  314.0000	             -647
  314.2000	             -558
  314.4000	             -464
  314.6000	             -291
  314.8000	             -137
  315.0000	              213
  315.2000	              521
  315.4000	              775
  315.6000	              581
  315.8000	             5647
  316.0000	             -633
  316.2000	             -801
  316.4000	             -839
  316.6000	             -841
  316.8000	             -861
  317.0000	             -844
  317.2000	             -852
  317.4000	             -793
  317.6000	             -873
  317.8000	             -873
  318.0000	             -893
  318.2000	             -870
  318.4000	             -888
  318.6000	             -807
  318.8000	             -830
  319.0000	             -854
  319.2000	             -839
  319.4000	             -883
  319.6000	             -881
  319.8000	             -820
  320.0000	             -819
  320.2000	             -864
  320.4000	             -873
  320.6000	             -885
  320.8000	             -853
  321.0000	             -862
  321.2000	             -852
  321.4000	             -811
  321.6000	             -874
  321.8000	             -836
  322.0000	             -865
  322.2000	             -879
  322.4000	             -889
  322.6000	             -859
  322.8000	             -848
  323.0000	             -879
  323.2000	             -873
  323.4000	             -887
  323.6000	             -898
  323.8000	             -848
  324.0000	             -840
  324.2000	             -864
  324.4000	             -844
  324.6000	             -861
  324.8000	             -858
  325.0000	             -856
  325.2000	             -857
  325.4000	             -854
  325.6000	             -786
  325.8000	             -793
  326.0000	             -770
  326.2000	             -759
  326.4000	             -791
  326.6000	             -661
  326.8000	             -712
  327.0000	             -818
  327.2000	             -816
  327.4000	             -808
  327.6000	             -799
  327.8000	             -673
  328.0000	             -742
  328.2000	             -769
  328.4000	             -365
  328.6000	             -828
  328.8000	             -873
  329.0000	             -873
  329.2000	             -843
  329.4000	             -826
  329.6000	             -793
  329.8000	             -800
  330.0000	             -777
  330.2000	             -782
  330.4000	             -763
  330.6000	             -756
  330.8000	             -486
  331.0000	             -670
  331.2000	             -763
  331.4000	             -696
  331.6000	             -754
  331.8000	             -716
  332.0000	             -702
  332.2000	             -672
  332.4000	             -616
  332.6000	             -505
  332.8000	             -511
  333.0000	             -433
  333.2000	             -384
  333.4000	             -392
  333.6000	             -380
  333.8000	              119
  334.0000	             -267
  334.2000	             -275
  334.4000	             -145
  334.6000	                0
  334.8000	              171
  335.0000	              445
  335.2000	              654
  335.4000	             1215
  335.6000	             1762
  335.8000	             3185
  336.0000	             4223
  336.2000	             4824
  336.4000	             5779
  336.6000	             6548
  336.8000	             6600
  337.0000	            27005
  337.2000	             1288
  337.4000	             -771
  337.6000	             -700
  337.8000	             -726
  338.0000	             -806
  338.2000	             -797
  338.4000	             -784
  338.6000	             -755
  338.8000	             -759
  339.0000	             -846
  339.2000	             -794
  339.4000	             -811
  339.6000	             -815
  339.8000	             -821
  340.0000	             -861
  340.2000	             -871
  340.4000	             -879
  340.6000	             -830
  340.8000	             -876
  341.0000	             -888
  341.2000	             -879
  341.4000	             -876
  341.6000	             -863
  341.8000	             -889
  342.0000	             -828
  342.2000	             -873
  342.4000	             -841
  342.6000	             -869
  342.8000	             -884
  343.0000	             -832
  343.2000	             -872
  343.4000	             -872
  343.6000	             -873
  343.8000	             -819
  344.0000	             -873
  344.2000	             -853
  344.4000	             -817
  344.6000	             -830
  344.8000	             -833
  345.0000	             -870
  345.2000	             -883
  345.4000	             -858
  345.6000	             -866
  345.8000	             -864
  346.0000	             -851
  346.2000	             -833
  346.4000	             -830
  346.6000	             -782
  346.8000	             -842
  347.0000	             -861
  347.2000	             -807
  347.4000	             -787
  347.6000	             -781
  347.8000	             -804
  348.0000	             -838
  348.2000	             -823
  348.4000	             -739
  348.6000	             -749
  348.8000	             -711
  349.0000	             -617
  349.2000	             -592
  349.4000	             -562
  349.6000	             -516
  349.8000	             -385
  350.0000	               40
  350.2000	             -702
  350.4000	             -643
  350.6000	             -654
  350.8000	             -689
  351.0000	             -634
  351.2000	             -468
  351.4000	             -429
  351.6000	             -367
  351.8000	             -312
  352.0000	             -176
  352.2000	              128
  352.4000	              364
  352.6000	              644
  352.8000	              933
  353.0000	             1199
  353.2000	             1468
  353.4000	             1804
  353.6000	             7444
  353.8000	             -432
  354.0000	             -431
  354.2000	             -373
  354.4000	             -270
  354.6000	             -194
  354.8000	              -81
  355.0000	              -14
  355.2000	              134
  355.4000	              364
  355.6000	              669
  355.8000	             1039
  356.0000	             1612
  356.2000	             2218
  356.4000	             3015
  356.6000	             3965
  356.8000	             5121
  357.0000	             5853
  357.2000	             6877
  357.4000	             7384
  357.6000	            29256
  357.8000	              180
  358.0000	             -775
  358.2000	             -780
  358.4000	             -774
  358.6000	             -843
  358.8000	             -862
  359.0000	             -809
  359.2000	             -872
  359.4000	             -863
  359.6000	             -828
  359.8000	             -870
  360.0000	             -870
  360.2000	             -845
  360.4000	             -841
  360.6000	             -887
  360.8000	             -885
  361.0000	             -882
  361.2000	             -817
  361.4000	             -862
  361.6000	             -892
  361.8000	             -834
  362.0000	             -841
  362.2000	             -852
  362.4000	             -879
  362.6000	             -866
  362.8000	             -806
  363.0000	             -838
  363.2000	             -818
  363.4000	             -834
  363.6000	             -829
  363.8000	             -821
  364.0000	             -763
  364.2000	             -756
  364.4000	             -854
  364.6000	             -811
  364.8000	             -814
  365.0000	             -822
  365.2000	             -829
  365.4000	             -793
  365.6000	             -774
  365.8000	             -706
  366.0000	             -718
  366.2000	             -688
  366.4000	             -670
  366.6000	             -676
  366.8000	             -643
  367.0000	             -202
  367.2000	             -609
  367.4000	             -812
  367.6000	             -828
  367.8000	             -788
  368.0000	             -773
  368.2000	             -776
  368.4000	             -783
  368.6000	             -694
  368.8000	             -738
  369.0000	             -770
  369.2000	             -633
  369.4000	             -525
  369.6000	             -446
  369.8000	             -398
  370.0000	             -211
  370.2000	              -94
  370.4000	               14
  370.6000	             -190
  370.8000	              670
  371.0000	             1519
  371.2000	             -725
  371.4000	             -644
  371.6000	             -682
  371.8000	             -619
  372.0000	             -593
  372.2000	             -629
  372.4000	             -513
  372.6000	             -504
  372.8000	             -511
  373.0000	             -373
  373.2000	             -283
  373.4000	             -253
  373.6000	              -22
  373.8000	              114
  374.0000	              258
  374.2000	              474
  374.4000	              892
  374.6000	             1115
  374.8000	             1311
  375.0000	             1714
  375.2000	             2204
  375.4000	             8246
  375.6000	             -296
  375.8000	             -754
  376.0000	             -721
  376.2000	             -593
  376.4000	             -544
  376.6000	             -446
  376.8000	             -431
  377.0000	             -434
  377.2000	             -425
  377.4000	             -337
  377.6000	             -282
  377.8000	             -162
  378.0000	              -82
  378.2000	              141
  378.4000	              194
  378.6000	              366
  378.8000	              739
  379.0000	             1024
  379.2000	             1427
  379.4000	             1928
  379.6000	             2530
  379.8000	             2848
  380.0000	             3149
  380.2000	             4839
  380.4000	            13686
  380.6000	             -801
  380.8000	             -838
  381.0000	             -872
  381.2000	             -814
  381.4000	             -872
  381.6000	             -861
  381.8000	             -872
  382.0000	             -849
  382.2000	             -840
  382.4000	             -862
  382.6000	             -879
  382.8000	             -828
  383.0000	             -870
  383.2000	             -814
  383.4000	             -852
  383.6000	             -811
  383.8000	             -834
  384.0000	             -814
  384.2000	             -840
  384.4000	             -790
  384.6000	             -785
  384.8000	             -802
  385.0000	             -778
  385.2000	             -744
  385.4000	             -683
  385.6000	             -535
  385.8000	             -829
  386.0000	             -816
  386.2000	             -828
  386.4000	             -814
  386.6000	             -815
  386.8000	             -794
  387.0000	             -771
  387.2000	             -856
  387.4000	             -791
  387.6000	             -714
  387.8000	             -696
  388.0000	             -672
  388.2000	             -579
  388.4000	             -596
  388.6000	             -568
  388.8000	             -568
  389.0000	             -581
  389.2000	             -179
  389.4000	             -167
  389.6000	             -803
  389.8000	             -775
  390.0000	             -785
  390.2000	             -839
  390.4000	             -783
  390.6000	             -780
  390.8000	             -786
  391.0000	             -801
  391.2000	             -704
  391.4000	             -636
  391.6000	             -762
  391.8000	             -800
  392.0000	             -745
  392.2000	             -675
  392.4000	             -638
  392.6000	             -583
  392.8000	             -454
  393.0000	             -422
  393.2000	             -318
  393.4000	             -269
  393.6000	             -357
  393.8000	             -148
  394.0000	              350
  394.2000	             1029
  394.4000	             -835
  394.6000	             -734
  394.8000	             -815
  395.0000	             -837
  395.2000	             -814
  395.4000	             -756
  395.6000	             -782
  395.8000	             -777
  396.0000	             -820
  396.2000	             -755
  396.4000	             -756
  396.6000	             -714
  396.8000	             -633
  397.0000	             -602
  397.2000	             -554
  397.4000	             -575
  397.6000	             -486
  397.8000	             -391
  398.0000	             -323
  398.2000	             -287
  398.4000	             -221
  398.6000	               71
  398.8000	               15
  399.0000	              191
  399.2000	              392
  399.4000	              480
  399.6000	             2343
  399.8000	             1098
  400.0000	             -860
  400.2000	             -799
  400.4000	             -782
  400.6000	             -870
  400.8000	             -818
  401.0000	             -771
  401.2000	             -854
  401.4000	             -819
  401.6000	             -739
  401.8000	             -700
  402.0000	             -795
  402.2000	             -835
  402.4000	             -806
  402.6000	             -737
  402.8000	             -683
  403.0000	             -606
  403.2000	             -597
  403.4000	             -583
  403.6000	             -517
  403.8000	             -451
  404.0000	             -399
  404.2000	             -342
  404.4000	             -183
  404.6000	             -111
  404.8000	              124
  405.0000	              154
  405.2000	              321
  405.4000	              406
  405.6000	              760
  405.8000	             3748
  406.0000	             -575
  406.2000	             -811
  406.4000	             -830
  406.6000	             -876
  406.8000	             -830
  407.0000	             -858
  407.2000	             -814
  407.4000	             -860
  407.6000	             -833
  407.8000	             -831
  408.0000	             -822
  408.2000	             -801
  408.4000	             -781
  408.6000	             -767
  408.8000	             -736
  409.0000	             -752
  409.2000	             -525
  409.4000	             -649
  409.6000	             -873
  409.8000	             -847
  410.0000	             -873
  410.2000	             -857
  410.4000	             -871
  410.6000	             -873
  410.8000	             -862
  411.0000	             -793
  411.2000	             -841
  411.4000	             -841
  411.6000	             -820
  411.8000	             -806
  412.0000	             -784
  412.2000	             -771
  412.4000	             -766
  412.6000	             -728
  412.8000	             -721
  413.0000	             -641
  413.2000	             -686
  413.4000	             -659
  413.6000	             -634
  413.8000	             -508
  414.0000	              -79
  414.2000	             -682
  414.4000	             -816
  414.6000	             -850
  414.8000	             -817
  415.0000	             -845
  415.2000	             -821
  415.4000	             -841
  415.6000	             -859
  415.8000	             -792
  416.0000	             -836
  416.2000	             -768
  416.4000	             -852
  416.6000	             -784
  416.8000	             -807
  417.0000	             -815
  417.2000	             -824
  417.4000	             -797
  417.6000	             -776
  417.8000	             -729
  418.0000	             -665
  418.2000	             -606
  418.4000	             -634
  418.6000	             -601
  418.8000	             -534
  419.0000	             -509
  419.2000	             -488
  419.4000	             -411
  419.6000	             -364
  419.8000	              -96
  420.0000	              555
  420.2000	             -818
  420.4000	             -784
  420.6000	             -873
  420.8000	             -856
  421.0000	             -830
  421.2000	             -884
  421.4000	             -804
  421.6000	             -824
  421.8000	             -807
  422.0000	             -800
  422.2000	             -803
  422.4000	             -852
  422.6000	             -825
  422.8000	             -797
  423.0000	             -824
  423.2000	             -823
  423.4000	             -729
  423.6000	             -729
  423.8000	             -766
  424.0000	             -722
  424.2000	             -748
  424.4000	             -687
  424.6000	             -636
  424.8000	             -633
  425.0000	             -590
  425.2000	             -585
  425.4000	             -527
  425.6000	             -444
  425.8000	             -390
  426.0000	             -361
  426.2000	             -241
  426.4000	             -176
  426.6000	               17
  426.8000	             1082
  427.0000	             -777
  427.2000	             -834
  427.4000	             -874
  427.6000	             -829
  427.8000	             -843
  428.0000	             -899
  428.2000	             -861
  428.4000	             -880
  428.6000	             -840
  428.8000	             -840
  429.0000	             -861
  429.2000	             -815
  429.4000	             -828
  429.6000	             -848
  429.8000	             -830
  430.0000	             -782
  430.2000	             -838
  430.4000	             -795
  430.6000	             -806
  430.8000	             -837
  431.0000	             -783
  431.2000	             -771
  431.4000	             -762
  431.6000	             -778
  431.8000	             -770
  432.0000	             -742
  432.2000	             -716
  432.4000	             -688
  432.6000	             -631
  432.8000	             -603
  433.0000	             -589
  433.2000	             -583
  433.4000	             -406
  433.6000	             -485
  433.8000	             -433
  434.0000	             -375
  434.2000	              165
  434.4000	             -179
  434.6000	             -781
  434.8000	             -785
  435.0000	             -774
  435.2000	             -799
  435.4000	             -666
  435.6000	             -756
  435.8000	             -869
  436.0000	             -903
  436.2000	             -879
  436.4000	             -841
  436.6000	             -851
  436.8000	             -836
  437.0000	             -859
  437.2000	             -839
  437.4000	             -893
  437.6000	             -877
  437.8000	             -867
  438.0000	             -828
  438.2000	             -861
  438.4000	             -877
  438.6000	             -836
  438.8000	             -833
  439.0000	             -857
  439.2000	             -841
  439.4000	             -817
  439.6000	             -791
  439.8000	             -815
  440.0000	             -785
  440.2000	             -788
  440.4000	             -786
  440.6000	             -806
  440.8000	             -765
  441.0000	             -725
  441.2000	             -665
  441.4000	             -472
  441.6000	             -765
  441.8000	             -895
  442.0000	             -848
  442.2000	             -866
  442.4000	             -840
  442.6000	             -859
  442.8000	             -903
  443.0000	             -866
  443.2000	             -884
  443.4000	             -884
  443.6000	             -873
  443.8000	             -827
  444.0000	             -821
  444.2000	             -883
  444.4000	             -873
  444.6000	             -873
  444.8000	             -825
  445.0000	             -839
  445.2000	             -843
  445.4000	             -833
  445.6000	             -833
  445.8000	             -870
  446.0000	             -834
  446.2000	             -822
  446.4000	             -764
  446.6000	             -828
  446.8000	             -765
  447.0000	             -799
  447.2000	             -783
  447.4000	             -756
  447.6000	             -731
  447.8000	             -687
  448.0000	             -723
  448.2000	             -644
  448.4000	             -665
  448.6000	             -589
  448.8000	             -326
  449.0000	             -783
  449.2000	             -881
  449.4000	             -853
  449.6000	             -840
  449.8000	             -863
  450.0000	             -863
  450.2000	             -902
  450.4000	             -840
  450.6000	             -892
  450.8000	             -861
  451.0000	             -791
  451.2000	             -880
  451.4000	             -873
  451.6000	             -856
  451.8000	             -836
  452.0000	             -874
  452.2000	             -828
  452.4000	             -831
  452.6000	             -876
  452.8000	             -870
  453.0000	             -830
  453.2000	             -834
  453.4000	             -844
  453.6000	             -842
  453.8000	             -833
  454.0000	             -842
  454.2000	             -791
  454.4000	             -840
  454.6000	             -772
  454.8000	             -794
  455.0000	             -818
  455.2000	             -789
  455.4000	             -752
  455.6000	             -791
  455.8000	             -782
  456.0000	             -761
  456.2000	             -731
  456.4000	             -711
  456.6000	             -672
  456.8000	             -646
  457.0000	             -567
  457.2000	             -306
  457.4000	             -747
  457.6000	             -893
  457.8000	             -888
  458.0000	             -859
  458.2000	             -871
  458.4000	             -883
  458.6000	             -866
  458.8000	             -841
  459.0000	             -847
  459.2000	             -879
  459.4000	             -840
  459.6000	             -872
  459.8000	             -903
  460.0000	             -828
  460.2000	             -888
  460.4000	             -828
  460.6000	             -840
  460.8000	             -880
  461.0000	             -888
  461.2000	             -828
  461.4000	             -907
  461.6000	             -865
  461.8000	             -840
  462.0000	             -882
  462.2000	             -809
  462.4000	             -873
  462.6000	             -873
  462.8000	             -804
  463.0000	             -854
  463.2000	             -870
  463.4000	             -839
  463.6000	             -846
  463.8000	             -771
  464.0000	             -825
  464.2000	             -780
  464.4000	             -815
  464.6000	             -724
  464.8000	             -777
  465.0000	             -803
  465.2000	             -784
  465.4000	             -803
  465.6000	             -783
  465.8000	             -791
  466.0000	             -782
  466.2000	             -768
  466.4000	             -680
  466.6000	             -643
  466.8000	             -841
  467.0000	             -861
  467.2000	             -879
  467.4000	             -889
  467.6000	             -853
  467.8000	             -879
  468.0000	             -841
  468.2000	             -888
  468.4000	             -866
  468.6000	             -866
  468.8000	             -880
  469.0000	             -830
  469.2000	             -869
  469.4000	             -836
  469.6000	             -871
  469.8000	             -879
  470.0000	             -809
  470.2000	             -858
  470.4000	             -821
  470.6000	             -840
  470.8000	             -837
  471.0000	             -816
  471.2000	             -831
  471.4000	             -845
  471.6000	             -848
  471.8000	             -791
  472.0000	             -761
  472.2000	             -787
  472.4000	             -870
  472.6000	             -885
  472.8000	             -889
  473.0000	             -881
  473.2000	             -887
  473.4000	             -852
  473.6000	             -854
  473.8000	             -834
  474.0000	             -833
  474.2000	             -907
  474.4000	             -830
  474.6000	             -840
  474.8000	             -884
  475.0000	             -874
  475.2000	             -822
  475.4000	             -872
  475.6000	             -837
  475.8000	             -879
  476.0000	             -872
  476.2000	             -859
  476.4000	             -870
  476.6000	             -840
  476.8000	             -861
  477.0000	             -859
  477.2000	             -859
  477.4000	             -834
  477.6000	             -868
  477.8000	             -876
  478.0000	             -872
  478.2000	             -855
  478.4000	             -836
  478.6000	             -893
  478.8000	             -884
  479.0000	             -830
  479.2000	             -857
  479.4000	             -803
  479.6000	             -855
  479.8000	             -852
  480.0000	             -882
  480.2000	             -878
  480.4000	             -831
  480.6000	             -828
  480.8000	             -813
  481.0000	             -781
  481.2000	             -722
  481.4000	             -796
  481.6000	             -870
  481.8000	             -869
  482.0000	             -834
  482.2000	             -888
  482.4000	             -848
  482.6000	             -866
  482.8000	             -888
  483.0000	             -867
  483.2000	             -879
  483.4000	             -873
  483.6000	             -873
  483.8000	             -881
  484.0000	             -866
  484.2000	             -869
  484.4000	             -868
  484.6000	             -886
  484.8000	             -879
  485.0000	             -854
  485.2000	             -898
  485.4000	             -879
  485.6000	             -879
  485.8000	             -841
  486.0000	             -870
  486.2000	             -886
  486.4000	             -832
  486.6000	             -841
  486.8000	             -888
  487.0000	             -881
  487.2000	             -849
  487.4000	             -827
  487.6000	             -840
  487.8000	             -874
  488.0000	             -886
  488.2000	             -874
  488.4000	             -833
  488.6000	             -828
  488.8000	             -873
  489.0000	             -879
  489.2000	             -811
  489.4000	             -825
  489.6000	             -873
  489.8000	             -852
  490.0000	             -832
  490.2000	             -860
  490.4000	             -806
  490.6000	             -821
  490.8000	             -784
  491.0000	             -823
  491.2000	             -783
  491.4000	             -835
  491.6000	             -735
  491.8000	             -791
  492.0000	             -886
  492.2000	             -880
  492.4000	             -840
  492.6000	             -834
  492.8000	             -880
  493.0000	             -856
  493.2000	             -862
  493.4000	             -840
  493.6000	             -881
  493.8000	             -879
  494.0000	             -885
  494.2000	             -845
  494.4000	             -868
  494.6000	             -855
  494.8000	             -866
  495.0000	             -889
  495.2000	             -874
  495.4000	             -845
  495.6000	             -841
  495.8000	             -828
  496.0000	             -854
  496.2000	             -855
  496.4000	             -840
  496.6000	             -861
  496.8000	             -893
  497.0000	             -846
  497.2000	             -824
  497.4000	             -828
  497.6000	             -879
  497.8000	             -847
  498.0000	             -869
  498.2000	             -879
  498.4000	             -889
  498.6000	             -873
  498.8000	             -888
  499.0000	             -870
  499.2000	             -879
  499.4000	             -832
  499.6000	             -846
  499.8000	             -903
  500.0000	             -879
