  200.0000	             -869
  200.2000	             -850
  200.4000	             -879
  200.6000	             -877
  200.8000	             -889
  201.0000	             -848
  201.2000	             -841
  201.4000	             -870
  201.6000	             -856
  201.8000	             -872
  202.0000	             -869
  202.2000	             -893
  202.4000	             -888
  202.6000	             -867
  202.8000	             -867
  203.0000	             -894
  203.2000	             -896
  203.4000	             -900
  203.6000	             -890
  203.8000	             -889
  204.0000	             -871
  204.2000	             -881
  204.4000	             -882
  204.6000	             -889
  204.8000	             -879
  205.0000	             -880
  205.2000	             -887
  205.4000	             -889
  205.6000	             -864
  205.8000	             -875
  206.0000	             -894
  206.2000	             -867
  206.4000	             -888
  206.6000	             -880
  206.8000	             -902
  207.0000	             -888
  207.2000	             -896
  207.4000	             -880
  207.6000	             -860
  207.8000	             -841
  208.0000	             -888
  208.2000	             -900
  208.4000	             -888
  208.6000	             -862
  208.8000	             -888
  209.0000	             -889
  209.2000	             -856
  209.4000	             -869
  209.6000	             -848
  209.8000	             -862
  210.0000	             -887
  210.2000	             -872
  210.4000	             -850
  210.6000	             -887
  210.8000	             -862
  211.0000	             -879
  211.2000	             -849
  211.4000	             -898
  211.6000	             -866
  211.8000	             -871
  212.0000	             -867
  212.2000	             -895
  212.4000	             -880
  212.6000	             -859
  212.8000	             -858
  213.0000	             -900
  213.2000	             -861
  213.4000	             -879
  213.6000	             -905
  213.8000	             -889
  214.0000	             -879
  214.2000	             -913
  214.4000	             -888
  214.6000	             -869
  214.8000	             -893
  215.0000	             -893
  215.2000	             -898
  215.4000	             -900
  215.6000	             -854
  215.8000	             -879
  216.0000	             -885
  216.2000	             -888
  216.4000	             -881
  216.6000	             -884
  216.8000	             -866
  217.0000	             -889
  217.2000	             -850
  217.4000	             -884
  217.6000	             -871
  217.8000	             -896
  218.0000	             -899
  218.2000	             -876
  218.4000	             -872
  218.6000	             -848
  218.8000	             -881
  219.0000	             -880
  219.2000	             -880
  219.4000	             -848
  219.6000	             -862
  219.8000	             -859
  220.0000	             -867
  220.2000	             -865
  220.4000	             -885
  220.6000	             -889
  220.8000	             -885
  221.0000	             -840
  221.2000	             -867
  221.4000	             -841
  221.6000	             -902
  221.8000	             -846
  222.0000	             -856
  222.2000	             -889
  222.4000	             -889
  222.6000	             -913
  222.8000	             -885
  223.0000	             -880
  223.2000	             -841
  223.4000	             -879
  223.6000	             -848
  223.8000	             -880
  224.0000	             -870
  224.2000	             -887
  224.4000	             -880
  224.6000	             -880
  224.8000	             -869
  225.0000	             -895
  225.2000	             -871
  225.4000	             -899
  225.6000	             -862
  225.8000	             -895
  226.0000	             -888
  226.2000	             -875
  226.4000	             -885
  226.6000	             -848
  226.8000	             -879
  227.0000	             -864
  227.2000	             -880
  227.4000	             -879
  227.6000	             -841
  227.8000	             -879
  228.0000	             -846
  228.2000	             -871
  228.4000	             -862
  228.6000	             -848
  228.8000	             -888
  229.0000	             -894
  229.2000	             -879
  229.4000	             -890
  229.6000	             -888
  229.8000	             -880
  230.0000	             -889
  230.2000	             -889
  230.4000	             -867
  230.6000	             -889
  230.8000	             -889
  231.0000	             -848
  231.2000	             -879
  231.4000	             -900
  231.6000	             -869
  231.8000	             -880
  232.0000	             -835
  232.2000	             -883
  232.4000	             -880
  232.6000	             -893
  232.8000	             -902
  233.0000	             -849
  233.2000	             -867
  233.4000	             -847
  233.6000	             -879
  233.8000	             -883
  234.0000	             -866
  234.2000	             -901
  234.4000	             -884
  234.6000	             -896
  234.8000	             -884
  235.0000	             -862
  235.2000	             -881
  235.4000	             -859
  235.6000	             -859
  235.8000	             -883
  236.0000	             -872
  236.2000	             -862
  236.4000	             -913
  236.6000	             -879
  236.8000	             -873
  237.0000	             -860
  237.2000	             -840
  237.4000	             -859
  237.6000	             -891
  237.8000	             -867
  238.0000	             -888
  238.2000	             -881
  238.4000	             -900
  238.6000	             -873
  238.8000	             -890
  239.0000	             -870
  239.2000	             -889
  239.4000	             -841
  239.6000	             -884
  239.8000	             -868
  240.0000	             -854
  240.2000	             -898
  240.4000	             -867
  240.6000	             -889
  240.8000	             -867
  241.0000	             -896
  241.2000	             -859
  241.4000	             -856
  241.6000	             -883
  241.8000	             -848
  242.0000	             -894
  242.2000	             -871
  242.4000	             -882
  242.6000	             -848
  242.8000	             -843
  243.0000	             -873
  243.2000	             -883
  243.4000	             -867
  243.6000	             -900
  243.8000	             -874
  244.0000	             -900
  244.2000	             -880
  244.4000	             -870
  244.6000	             -872
  244.8000	             -898
  245.0000	             -900
  245.2000	             -889
  245.4000	             -900
  245.6000	             -886
  245.8000	             -895
  246.0000	             -884
  246.2000	             -871
  246.4000	             -902
  246.6000	             -883
  246.8000	             -883
  247.0000	             -899
  247.2000	             -848
  247.4000	             -881
  247.6000	             -886
  247.8000	             -887
  248.0000	             -889
  248.2000	             -859
  248.4000	             -869
  248.6000	             -889
  248.8000	             -899
  249.0000	             -880
  249.2000	             -889
  249.4000	             -889
  249.6000	             -884
  249.8000	             -879
  250.0000	             -863
  250.2000	             -862
  250.4000	             -880
  250.6000	             -859
  250.8000	             -888
  251.0000	             -869
  251.2000	             -889
  251.4000	             -887
  251.6000	             -848
  251.8000	             -880
  252.0000	             -867
  252.2000	             -901
  252.4000	             -873
  252.6000	             -862
  252.8000	             -879
  253.0000	             -880
  253.2000	             -883
  253.4000	             -839
  253.6000	             -889
  253.8000	             -883
  254.0000	             -867
  254.2000	             -885
  254.4000	             -889
  254.6000	             -889
  254.8000	             -909
  255.0000	             -913
  255.2000	             -913
  255.4000	             -859
  255.6000	             -879
  255.8000	             -884
  256.0000	             -848
  256.2000	             -900
  256.4000	             -894
  256.6000	             -889
  256.8000	             -900
  257.0000	             -879
  257.2000	             -894
  257.4000	             -888
  257.6000	             -884
  257.8000	             -851
  258.0000	             -898
  258.2000	             -889
  258.4000	             -858
  258.6000	             -888
  258.8000	             -895
  259.0000	             -854
  259.2000	             -888
  259.4000	             -882
  259.6000	             -888
  259.8000	             -848
  260.0000	             -900
  260.2000	             -848
  260.4000	             -888
  260.6000	             -853
  260.8000	             -872
  261.0000	             -879
  261.2000	             -889
  261.4000	             -873
  261.6000	             -866
  261.8000	             -846
  262.0000	             -862
  262.2000	             -909
  262.4000	             -862
  262.6000	             -883
  262.8000	             -889
  263.0000	             -881
  263.2000	             -879
  263.4000	             -866
  263.6000	             -852
  263.8000	             -894
  264.0000	             -902
  264.2000	             -880
  264.4000	             -888
  264.6000	             -896
  264.8000	             -881
  265.0000	             -889
  265.2000	             -889
  265.4000	             -888
  265.6000	             -869
  265.8000	             -889
  266.0000	             -834
  266.2000	             -860
  266.4000	             -859
  266.6000	             -911
  266.8000	             -888
  267.0000	             -869
  267.2000	             -875
  267.4000	             -885
  267.6000	             -902
  267.8000	             -835
  268.0000	             -848
  268.2000	             -900
  268.4000	             -843
  268.6000	             -871
  268.8000	             -877
  269.0000	             -889
  269.2000	             -908
  269.4000	             -904
  269.6000	             -879
  269.8000	             -888
  270.0000	             -885
  270.2000	             -896
  270.4000	             -872
  270.6000	             -888
  270.8000	             -913
  271.0000	             -862
  271.2000	             -866
  271.4000	             -892
  271.6000	             -884
  271.8000	             -907
  272.0000	             -888
  272.2000	             -881
  272.4000	             -889
  272.6000	             -869
  272.8000	             -881
  273.0000	             -900
  273.2000	             -859
  273.4000	             -871
  273.6000	             -856
  273.8000	             -867
  274.0000	             -895
  274.2000	             -879
  274.4000	             -895
  274.6000	             -913
  274.8000	             -893
  275.0000	             -889
  275.2000	             -895
  275.4000	             -889
  275.6000	             -891
  275.8000	             -885
  276.0000	             -913
  276.2000	             -843
  276.4000	             -888
  276.6000	             -880
  276.8000	             -900
  277.0000	             -862
  277.2000	             -893
  277.4000	             -889
  277.6000	             -900
  277.8000	             -869
  278.0000	             -891
  278.2000	             -898
  278.4000	             -875
  278.6000	             -898
  278.8000	             -894
  279.0000	             -859
  279.2000	             -895
  279.4000	             -889
  279.6000	             -900
  279.8000	             -904
  280.0000	             -879
  280.2000	             -888
  280.4000	             -862
  280.6000	             -889
  280.8000	             -913
  281.0000	             -889
  281.2000	             -856
  281.4000	             -863
  281.6000	             -881
  281.8000	             -889
  282.0000	             -889
  282.2000	             -868
  282.4000	             -884
  282.6000	             -862
  282.8000	             -889
  283.0000	             -888
  283.2000	             -891
  283.4000	             -872
  283.6000	             -843
  283.8000	             -888
  284.0000	             -903
  284.2000	             -889
  284.4000	             -894
  284.6000	             -890
  284.8000	             -888
  285.0000	             -878
  285.2000	             -889
  285.4000	             -877
  285.6000	             -869
  285.8000	             -880
  286.0000	             -848
  286.2000	             -840
  286.4000	             -899
  286.6000	             -862
  286.8000	             -880
  287.0000	             -889
  287.2000	             -889
  287.4000	             -843
  287.6000	             -880
  287.8000	             -853
  288.0000	             -909
  288.2000	             -899
  288.4000	             -862
  288.6000	             -857
  288.8000	             -898
  289.0000	             -869
  289.2000	             -910
  289.4000	             -899
  289.6000	             -902
  289.8000	             -888
  290.0000	             -908
  290.2000	             -903
  290.4000	             -871
  290.6000	             -896
  290.8000	             -869
  291.0000	             -897
  291.2000	             -892
  291.4000	             -890
  291.6000	             -899
  291.8000	             -869
  292.0000	             -896
  292.2000	             -888
  292.4000	             -864
  292.6000	             -885
  292.8000	             -848
  293.0000	             -903
  293.2000	             -881
  293.4000	             -894
  293.6000	             -864
  293.8000	             -889
  294.0000	             -879
  294.2000	             -864
  294.4000	             -859
  294.6000	             -857
  294.8000	             -864
  295.0000	             -893
  295.2000	             -883
  295.4000	             -861
  295.6000	             -866
  295.8000	             -896
  296.0000	             -836
  296.2000	             -841
  296.4000	             -853
  296.6000	             -847
  296.8000	             -898
  297.0000	             -862
  297.2000	             -847
  297.4000	             -839
  297.6000	             -792
  297.8000	             -841
  298.0000	             -908
  298.2000	             -860
  298.4000	             -889
  298.6000	             -874
  298.8000	             -874
  299.0000	             -847
  299.2000	             -840
  299.4000	             -879
  299.6000	             -888
  299.8000	             -879
  300.0000	             -880
  300.2000	             -841
  300.4000	             -879
  300.6000	             -870
  300.8000	             -871
  301.0000	             -860
  301.2000	             -869
  301.4000	             -881
  301.6000	             -889
  301.8000	             -879
  302.0000	             -883
  302.2000	             -866
  302.4000	             -879
  302.6000	             -890
  302.8000	             -845
  303.0000	             -879
  303.2000	             -862
  303.4000	             -865
  303.6000	             -881
  303.8000	             -899
  304.0000	             -886
  304.2000	             -889
  304.4000	             -859
  304.6000	             -903
  304.8000	             -848
  305.0000	             -841
  305.2000	             -870
  305.4000	             -888
  305.6000	             -859
  305.8000	             -849
  306.0000	             -841
  306.2000	             -848
  306.4000	             -848
  306.6000	             -861
  306.8000	             -824
  307.0000	             -863
  307.2000	             -883
  307.4000	             -862
  307.6000	             -863
  307.8000	             -837
  308.0000	             -836
  308.2000	             -821
  308.4000	             -808
  308.6000	             -854
  308.8000	             -848
  309.0000	             -715
  309.2000	             -806
  309.4000	             -789
  309.6000	             -765
  309.8000	             -815
  310.0000	             -801
  310.2000	             -768
  310.4000	             -762
  310.6000	             -762
  310.8000	             -765
  311.0000	             -735
  311.2000	             -684
  311.4000	             -725
  311.6000	             -400
  311.8000	             -771
  312.0000	             -765
  312.2000	             -756
  312.4000	             -713
  312.6000	             -588
  312.8000	             -469
  313.0000	             -459
  313.2000	             -488
  313.4000	              -70
  313.6000	             -116
  313.8000	             -688
  314.0000	             -688
  314.2000	             -641
  314.4000	             -554
  314.6000	             -484
  314.8000	             -279
  315.0000	             -148
  315.2000	                3
  315.4000	              174
  315.6000	              121
  315.8000	             3476
  316.0000	             -687
  316.2000	             -830
  316.4000	             -848
  316.6000	             -869
  316.8000	             -852
  317.0000	             -835
  317.2000	             -855
  317.4000	             -821
  317.6000	             -879
  317.8000	             -893
  318.0000	             -828
  318.2000	             -879
  318.4000	             -859
  318.6000	             -818
  318.8000	             -870
  319.0000	             -863
  319.2000	             -879
  319.4000	             -839
  319.6000	             -864
  319.8000	             -862
  320.0000	             -835
  320.2000	             -817
  320.4000	             -866
  320.6000	             -861
  320.8000	             -843
  321.0000	             -819
  321.2000	             -834
  321.4000	             -821
  321.6000	             -883
  321.8000	             -854
  322.0000	             -818
  322.2000	             -873
  322.4000	             -840
  322.6000	             -859
  322.8000	             -879
  323.0000	             -861
  323.2000	             -840
  323.4000	             -898
  323.6000	             -847
  323.8000	             -841
  324.0000	             -839
  324.2000	             -837
  324.4000	             -878
  324.6000	             -861
  324.8000	             -865
  325.0000	             -873
  325.2000	             -849
  325.4000	             -843
  325.6000	             -841
  325.8000	             -809
  326.0000	             -789
  326.2000	             -781
  326.4000	             -786
  326.6000	             -683
  326.8000	             -759
  327.0000	             -779
  327.2000	             -819
  327.4000	             -801
  327.6000	             -758
  327.8000	             -714
  328.0000	             -765
  328.2000	             -755
  328.4000	             -470
  328.6000	             -807
  328.8000	             -842
  329.0000	             -835
  329.2000	             -829
  329.4000	             -824
  329.6000	             -831
  329.8000	             -803
  330.0000	             -829
  330.2000	             -822
  330.4000	             -823
  330.6000	             -750
  330.8000	             -570
  331.0000	             -756
  331.2000	             -781
  331.4000	             -771
  331.6000	             -759
  331.8000	             -771
  332.0000	             -769
  332.2000	             -749
  332.4000	             -756
  332.6000	             -708
  332.8000	             -697
  333.0000	             -606
  333.2000	             -602
  333.4000	             -574
  333.6000	             -509
  333.8000	             -219
  334.0000	             -520
  334.2000	             -487
  334.4000	             -417
  334.6000	             -309
  334.8000	             -230
  335.0000	              -15
  335.2000	              110
  335.4000	              481
  335.6000	              780
  335.8000	             1742
  336.0000	             2360
  336.2000	             2465
  336.4000	             3021
  336.6000	             3459
  336.8000	             3787
  337.0000	            15281
  337.2000	              614
  337.4000	             -806
  337.6000	             -793
  337.8000	             -771
  338.0000	             -811
  338.2000	             -828
  338.4000	             -768
  338.6000	             -757
  338.8000	             -785
  339.0000	             -825
  339.2000	             -829
  339.4000	             -824
  339.6000	             -860
  339.8000	             -859
  340.0000	             -856
  340.2000	             -800
  340.4000	             -853
  340.6000	             -811
  340.8000	             -830
  341.0000	             -860
  341.2000	             -866
  341.4000	             -830
  341.6000	             -818
  341.8000	             -870
  342.0000	             -851
  342.2000	             -901
  342.4000	             -852
  342.6000	             -822
  342.8000	             -865
  343.0000	             -861
  343.2000	             -890
  343.4000	             -828
  343.6000	             -828
  343.8000	             -831
  344.0000	             -808
  344.2000	             -873
  344.4000	             -830
  344.6000	             -870
  344.8000	             -879
  345.0000	             -821
  345.2000	             -870
  345.4000	             -818
  345.6000	             -873
  345.8000	             -819
  346.0000	             -865
  346.2000	             -865
  346.4000	             -871
  346.6000	             -837
  346.8000	             -783
  347.0000	             -839
  347.2000	             -841
  347.4000	             -803
  347.6000	             -838
  347.8000	             -819
  348.0000	             -830
  348.2000	             -769
  348.4000	             -801
  348.6000	             -786
  348.8000	             -748
  349.0000	             -649
  349.2000	             -667
  349.4000	             -639
  349.6000	             -566
  349.8000	             -496
  350.0000	             -214
  350.2000	             -765
  350.4000	             -725
  350.6000	             -667
  350.8000	             -720
  351.0000	             -687
  351.2000	             -595
  351.4000	             -541
  351.6000	             -445
  351.8000	             -443
  352.0000	             -301
  352.2000	             -192
  352.4000	              -33
  352.6000	              193
  352.8000	              431
  353.0000	              499
  353.2000	              724
  353.4000	             1119
  353.6000	             4679
  353.8000	             -585
  354.0000	             -528
  354.2000	             -559
  354.4000	             -437
  354.6000	             -415
  354.8000	             -322
  355.0000	             -285
  355.2000	             -180
  355.4000	              -14
  355.6000	              200
  355.8000	              388
  356.0000	              815
  356.2000	             1153
  356.4000	             1555
  356.6000	             2150
  356.8000	             2754
  357.0000	             3382
  357.2000	             3926
  357.4000	             4582
  357.6000	            17317
  357.8000	             -302
  358.0000	             -796
  358.2000	             -775
  358.4000	             -822
  358.6000	             -842
  358.8000	             -852
  359.0000	             -807
  359.2000	             -853
  359.4000	             -828
  359.6000	             -850
  359.8000	             -842
  360.0000	             -865
  360.2000	             -879
  360.4000	             -828
  360.6000	             -893
  360.8000	             -872
  361.0000	             -821
  361.2000	             -842
  361.4000	             -883
  361.6000	             -862
  361.8000	             -865
  362.0000	             -882
  362.2000	             -818
  362.4000	             -873
  362.6000	             -836
  362.8000	             -830
  363.0000	             -804
  363.2000	             -843
  363.4000	             -842
  363.6000	             -800
  363.8000	             -766
  364.0000	             -768
  364.2000	             -725
  364.4000	             -827
  364.6000	             -832
  364.8000	             -829
  365.0000	             -809
  365.2000	             -771
  365.4000	             -792
  365.6000	             -813
  365.8000	             -707
  366.0000	             -726
  366.2000	             -666
  366.4000	             -640
  366.6000	             -646
  366.8000	             -649
  367.0000	             -254
  367.2000	             -634
  367.4000	             -785
  367.6000	             -824
  367.8000	             -785
  368.0000	             -773
  368.2000	             -785
  368.4000	             -786
  368.6000	             -700
  368.8000	             -737
  369.0000	             -766
  369.2000	             -606
  369.4000	             -574
  369.6000	             -499
  369.8000	             -449
  370.0000	             -308
  370.2000	             -192
  370.4000	             -173
  370.6000	             -308
  370.8000	              502
  371.0000	              947
  371.2000	             -735
  371.4000	             -738
  371.6000	             -721
  371.8000	             -620
  372.0000	             -627
  372.2000	             -670
  372.4000	             -603
  372.6000	             -585
  372.8000	             -544
  373.0000	             -460
  373.2000	             -443
  373.4000	             -372
  373.6000	             -203
  373.8000	             -103
  374.0000	               87
  374.2000	              203
  374.4000	              464
  374.6000	              629
  374.8000	              808
  375.0000	             1079
  375.2000	             1579
  375.4000	             5780
  375.6000	             -449
  375.8000	             -753
  376.0000	             -745
  376.2000	             -686
  376.4000	             -642
  376.6000	             -643
  376.8000	             -566
  377.0000	             -549
  377.2000	             -530
  377.4000	             -493
  377.6000	             -449
  377.8000	             -389
  378.0000	             -318
  378.2000	             -198
  378.4000	              -86
  378.6000	              111
  378.8000	              253
  379.0000	              469
  379.2000	              748
  379.4000	             1126
  379.6000	             1419
  379.8000	             1612
  380.0000	             1927
  380.2000	             3057
  380.4000	             8339
  380.6000	             -833
  380.8000	             -829
  381.0000	             -833
  381.2000	             -843
  381.4000	             -821
  381.6000	             -866
  381.8000	             -808
  382.0000	             -868
  382.2000	             -847
  382.4000	             -854
  382.6000	             -871
  382.8000	             -862
  383.0000	             -862
  383.2000	             -815
  383.4000	             -818
  383.6000	             -799
  383.8000	             -791
  384.0000	             -822
  384.2000	             -824
  384.4000	             -795
  384.6000	             -778
  384.8000	             -766
  385.0000	             -727
  385.2000	             -743
  385.4000	             -646
  385.6000	             -525
  385.8000	             -771
  386.0000	             -829
  386.2000	             -822
  386.4000	             -839
  386.6000	             -817
  386.8000	             -802
  387.0000	             -741
  387.2000	             -785
  387.4000	             -763
  387.6000	             -725
  387.8000	             -724
  388.0000	             -672
  388.2000	             -577
  388.4000	             -585
  388.6000	             -593
  388.8000	             -587
  389.0000	             -570
  389.2000	             -201
  389.4000	             -219
  389.6000	             -765
  389.8000	             -775
  390.0000	             -791
  390.2000	             -817
  390.4000	             -785
  390.6000	             -802
  390.8000	             -728
  391.0000	             -773
  391.2000	             -655
  391.4000	             -549
  391.6000	             -761
  391.8000	             -801
  392.0000	             -761
  392.2000	             -670
  392.4000	             -652
  392.6000	             -534
  392.8000	             -530
  393.0000	             -485
  393.2000	             -348
  393.4000	             -343
  393.6000	             -441
  393.8000	             -195
  394.0000	              250
  394.2000	              691
  394.4000	             -807
  394.6000	             -791
  394.8000	             -822
  395.0000	             -831
  395.2000	             -834
  395.4000	             -776
  395.6000	             -779
  395.8000	             -771
  396.0000	             -814
  396.2000	             -729
  396.4000	             -768
  396.6000	             -696
  396.8000	             -683
  397.0000	             -653
  397.2000	             -587
  397.4000	             -618
  397.6000	             -546
  397.8000	             -464
  398.0000	             -453
  398.2000	             -363
  398.4000	             -342
  398.6000	             -157
  398.8000	             -127
  399.0000	              -16
  399.2000	              111
  399.4000	              211
  399.6000	             1623
  399.8000	              545
  400.0000	             -817
  400.2000	             -814
  400.4000	             -851
  400.6000	             -875
  400.8000	             -796
  401.0000	             -823
  401.2000	             -817
  401.4000	             -837
  401.6000	             -785
  401.8000	             -775
  402.0000	             -806
  402.2000	             -779
  402.4000	             -770
  402.6000	             -771
  402.8000	             -725
  403.0000	             -664
  403.2000	             -666
  403.4000	             -652
  403.6000	             -583
  403.8000	             -573
  404.0000	             -527
  404.2000	             -460
  404.4000	             -377
  404.6000	             -286
  404.8000	             -212
  405.0000	             -167
  405.2000	             -109
  405.4000	              129
  405.6000	              260
  405.8000	             2072
  406.0000	             -683
  406.2000	             -823
  406.4000	             -870
  406.6000	             -873
  406.8000	             -835
  407.0000	             -841
  407.2000	             -827
  407.4000	             -797
  407.6000	             -781
  407.8000	             -814
  408.0000	             -803
  408.2000	             -789
  408.4000	             -806
  408.6000	             -765
  408.8000	             -756
  409.0000	             -718
  409.2000	             -569
  409.4000	             -671
  409.6000	             -821
  409.8000	             -873
  410.0000	             -870
  410.2000	             -853
  410.4000	             -873
  410.6000	             -805
  410.8000	             -836
  411.0000	             -858
  411.2000	             -791
  411.4000	             -831
  411.6000	             -815
  411.8000	             -792
  412.0000	             -778
  412.2000	             -782
  412.4000	             -769
  412.6000	             -720
  412.8000	             -703
  413.0000	             -642
  413.2000	             -685
  413.4000	             -692
  413.6000	             -616
  413.8000	             -571
  414.0000	             -204
  414.2000	             -728
  414.4000	             -800
  414.6000	             -811
  414.8000	             -818
  415.0000	             -883
  415.2000	             -871
  415.4000	             -817
  415.6000	             -841
  415.8000	             -819
  416.0000	             -773
  416.2000	             -826
  416.4000	             -841
  416.6000	             -768
  416.8000	             -814
  417.0000	             -781
  417.2000	             -825
  417.4000	             -797
  417.6000	             -771
  417.8000	             -745
  418.0000	             -711
  418.2000	             -670
  418.4000	             -660
  418.6000	             -617
  418.8000	             -626
  419.0000	             -551
  419.2000	             -586
  419.4000	             -555
  419.6000	             -472
  419.8000	             -200
  420.0000	              190
  420.2000	             -771
  420.4000	             -829
  420.6000	             -861
  420.8000	             -853
  421.0000	             -849
  421.2000	             -828
  421.4000	             -791
  421.6000	             -824
  421.8000	             -852
  422.0000	             -810
  422.2000	             -814
  422.4000	             -845
  422.6000	             -814
  422.8000	             -779
  423.0000	             -814
  423.2000	             -802
  423.4000	             -751
  423.6000	             -665
  423.8000	             -768
  424.0000	             -788
  424.2000	             -712
  424.4000	             -694
  424.6000	             -725
  424.8000	             -711
  425.0000	             -648
  425.2000	             -645
  425.4000	             -618
  425.6000	             -581
  425.8000	             -512
  426.0000	             -527
  426.2000	             -456
  426.4000	             -353
  426.6000	             -175
  426.8000	              435
  427.0000	             -788
  427.2000	             -832
  427.4000	             -861
  427.6000	             -775
  427.8000	             -790
  428.0000	             -870
  428.2000	             -883
  428.4000	             -874
  428.6000	             -836
  428.8000	             -877
  429.0000	             -855
  429.2000	             -862
  429.4000	             -855
  429.6000	             -820
  429.8000	             -830
  430.0000	             -857
  430.2000	             -837
  430.4000	             -806
  430.6000	             -854
  430.8000	             -843
  431.0000	             -796
  431.2000	             -825
  431.4000	             -790
  431.6000	             -777
  431.8000	             -806
  432.0000	             -802
  432.2000	             -768
  432.4000	             -696
  432.6000	             -679
  432.8000	             -711
  433.0000	             -697
  433.2000	             -670
  433.4000	             -598
  433.6000	             -635
  433.8000	             -575
  434.0000	             -549
  434.2000	             -229
  434.4000	             -465
  434.6000	             -800
  434.8000	             -781
  435.0000	             -805
  435.2000	             -779
  435.4000	             -688
  435.6000	             -776
  435.8000	             -844
  436.0000	             -866
  436.2000	             -840
  436.4000	             -882
  436.6000	             -845
  436.8000	             -854
  437.0000	             -870
  437.2000	             -836
  437.4000	             -832
  437.6000	             -863
  437.8000	             -864
  438.0000	             -842
  438.2000	             -822
  438.4000	             -899
  438.6000	             -868
  438.8000	             -830
  439.0000	             -868
  439.2000	             -810
  439.4000	             -791
  439.6000	             -822
  439.8000	             -790
  440.0000	             -809
  440.2000	             -801
  440.4000	             -783
  440.6000	             -796
  440.8000	             -771
  441.0000	             -748
  441.2000	             -721
  441.4000	             -575
  441.6000	             -800
  441.8000	             -870
  442.0000	             -859
  442.2000	             -841
  442.4000	             -844
  442.6000	             -841
  442.8000	             -880
  443.0000	             -870
  443.2000	             -866
  443.4000	             -870
  443.6000	             -870
  443.8000	             -861
  444.0000	             -861
  444.2000	             -861
  444.4000	             -858
  444.6000	             -881
  444.8000	             -885
  445.0000	             -809
  445.2000	             -868
  445.4000	             -873
  445.6000	             -828
  445.8000	             -814
  446.0000	             -834
  446.2000	             -824
  446.4000	             -828
  446.6000	             -795
  446.8000	             -824
  447.0000	             -815
  447.2000	             -777
  447.4000	             -801
  447.6000	             -795
  447.8000	             -771
  448.0000	             -749
  448.2000	             -762
  448.4000	             -729
  448.6000	             -684
  448.8000	             -510
  449.0000	             -828
  449.2000	             -881
  449.4000	             -846
  449.6000	             -839
  449.8000	             -876
  450.0000	             -898
  450.2000	             -848
  450.4000	             -870
  450.6000	             -879
  450.8000	             -850
  451.0000	             -834
  451.2000	             -879
  451.4000	             -830
  451.6000	             -848
  451.8000	             -872
  452.0000	             -878
  452.2000	             -873
  452.4000	             -830
  452.6000	             -847
  452.8000	             -873
  453.0000	             -879
  453.2000	             -861
  453.4000	             -873
  453.6000	             -872
  453.8000	             -866
  454.0000	             -840
  454.2000	             -860
  454.4000	             -822
  454.6000	             -839
  454.8000	             -841
  455.0000	             -846
  455.2000	             -806
  455.4000	             -815
  455.6000	             -833
  455.8000	             -773
  456.0000	             -806
  456.2000	             -755
  456.4000	             -786
  456.6000	             -713
  456.8000	             -761
  457.0000	             -687
  457.2000	             -557
  457.4000	             -794
  457.6000	             -879
  457.8000	             -879
  458.0000	             -861
  458.2000	             -884
  458.4000	             -866
  458.6000	             -889
  458.8000	             -879
  459.0000	             -887
  459.2000	             -818
  459.4000	             -849
  459.6000	             -836
  459.8000	             -866
  460.0000	             -836
  460.2000	             -885
  460.4000	             -890
  460.6000	             -874
  460.8000	             -836
  461.0000	             -859
  461.2000	             -886
  461.4000	             -834
  461.6000	             -907
  461.8000	             -839
  462.0000	             -828
  462.2000	             -873
  462.4000	             -822
  462.6000	             -860
  462.8000	             -862
  463.0000	             -868
  463.2000	             -843
  463.4000	             -835
  463.6000	             -831
  463.8000	             -816
  464.0000	             -785
  464.2000	             -796
  464.4000	             -792
  464.6000	             -771
  464.8000	             -816
  465.0000	             -829
  465.2000	             -789
  465.4000	             -824
  465.6000	             -848
  465.8000	             -836
  466.0000	             -835
  466.2000	             -822
  466.4000	             -785
  466.6000	             -748
  466.8000	             -879
  467.0000	             -879
  467.2000	             -856
  467.4000	             -859
  467.6000	             -899
  467.8000	             -872
  468.0000	             -889
  468.2000	             -839
  468.4000	             -862
  468.6000	             -840
  468.8000	             -879
  469.0000	             -883
  469.2000	             -886
  469.4000	             -830
  469.6000	             -831
  469.8000	             -870
  470.0000	             -836
  470.2000	             -828
  470.4000	             -872
  470.6000	             -873
  470.8000	             -820
  471.0000	             -804
  471.2000	             -835
  471.4000	             -808
  471.6000	             -825
  471.8000	             -841
  472.0000	             -801
  472.2000	             -806
  472.4000	             -841
  472.6000	             -859
  472.8000	             -888
  473.0000	             -841
  473.2000	             -871
  473.4000	             -866
  473.6000	             -832
  473.8000	             -869
  474.0000	             -862
  474.2000	             -841
  474.4000	             -834
  474.6000	             -880
  474.8000	             -873
  475.0000	             -860
  475.2000	             -866
  475.4000	             -848
  475.6000	             -855
  475.8000	             -880
  476.0000	             -834
  476.2000	             -870
  476.4000	             -834
  476.6000	             -884
  476.8000	             -859
  477.0000	             -895
  477.2000	             -840
  477.4000	             -841
  477.6000	             -845
  477.8000	             -878
  478.0000	             -877
  478.2000	             -834
  478.4000	             -848
  478.6000	             -861
  478.8000	             -839
  479.0000	             -859
  479.2000	             -830
  479.4000	             -808
  479.6000	             -828
  479.8000	             -870
  480.0000	             -849
  480.2000	             -862
  480.4000	             -842
  480.6000	             -811
  480.8000	             -837
  481.0000	             -822
  481.2000	             -799
  481.4000	             -866
  481.6000	             -869
  481.8000	             -859
  482.0000	             -862
  482.2000	             -889
  482.4000	             -888
  482.6000	             -893
  482.8000	             -843
  483.0000	             -889
  483.2000	             -886
  483.4000	             -881
  483.6000	             -846
  483.8000	             -862
  484.0000	             -846
  484.2000	             -862
  484.4000	             -884
  484.6000	             -879
  484.8000	             -895
  485.0000	             -888
  485.2000	             -863
  485.4000	             -847
  485.6000	             -838
  485.8000	             -862
  486.0000	             -895
  486.2000	             -888
  486.4000	             -852
  486.6000	             -859
  486.8000	             -888
  487.0000	             -838
  487.2000	             -876
  487.4000	             -873
  487.6000	             -888
  487.8000	             -828
  488.0000	             -880
  488.2000	             -873
  488.4000	             -888
  488.6000	             -883
  488.8000	             -868
  489.0000	             -869
  489.2000	             -828
  489.4000	             -850
  489.6000	             -849
  489.8000	             -881
  490.0000	             -883
  490.2000	             -883
  490.4000	             -811
  490.6000	             -854
  490.8000	             -873
  491.0000	             -827
  491.2000	             -858
  491.4000	             -810
  491.6000	             -781
  491.8000	             -858
  492.0000	             -879
  492.2000	             -874
  492.4000	             -876
  492.6000	             -870
  492.8000	             -849
  493.0000	             -834
  493.2000	             -907
  493.4000	             -888
  493.6000	             -885
  493.8000	             -881
  494.0000	             -884
  494.2000	             -859
  494.4000	             -862
  494.6000	             -864
  494.8000	             -903
  495.0000	             -859
  495.2000	             -884
  495.4000	             -900
  495.6000	             -879
  495.8000	             -893
  496.0000	             -888
  496.2000	             -879
  496.4000	             -889
  496.6000	             -880
  496.8000	             -852
  497.0000	             -840
  497.2000	             -863
  497.4000	             -874
  497.6000	             -888
  497.8000	             -884
  498.0000	             -871
  498.2000	             -889
  498.4000	             -834
  498.6000	             -884
  498.8000	             -884
  499.0000	             -879
  499.2000	             -871
  499.4000	             -891
  499.6000	             -893
  499.8000	             -880
  500.0000	             -870
