  200.0000	            -1222
  200.2000	            -1213
  200.4000	            -1213
  200.6000	            -1212
  200.8000	            -1236
  201.0000	            -1200
  201.2000	            -1225
  201.4000	            -1225
  201.6000	            -1241
  201.8000	            -1228
  202.0000	            -1225
  202.2000	            -1197
  202.4000	            -1233
  202.6000	            -1223
  202.8000	            -1210
  203.0000	            -1231
  203.2000	            -1211
  203.4000	            -1225
  203.6000	            -1214
  203.8000	            -1225
  204.0000	            -1235
  204.2000	            -1219
  204.4000	            -1228
  204.6000	            -1240
  204.8000	            -1194
  205.0000	            -1214
  205.2000	            -1213
  205.4000	            -1201
  205.6000	            -1203
  205.8000	            -1214
  206.0000	            -1240
  206.2000	            -1223
  206.4000	            -1223
  206.6000	            -1235
  206.8000	            -1195
  207.0000	            -1220
  207.2000	            -1201
  207.4000	            -1220
  207.6000	            -1223
  207.8000	            -1231
  208.0000	            -1235
  208.2000	            -1204
  208.4000	            -1231
  208.6000	            -1205
  208.8000	            -1197
  209.0000	            -1217
  209.2000	            -1201
  209.4000	            -1229
  209.6000	            -1203
  209.8000	            -1200
  210.0000	            -1231
  210.2000	            -1218
  210.4000	            -1225
  210.6000	            -1240
  210.8000	            -1186
  211.0000	            -1208
  211.2000	            -1226
  211.4000	            -1222
  211.6000	            -1236
  211.8000	            -1235
  212.0000	            -1223
  212.2000	            -1232
  212.4000	            -1237
  212.6000	            -1230
  212.8000	            -1214
  213.0000	            -1219
  213.2000	            -1243
  213.4000	            -1205
  213.6000	            -1216
  213.8000	            -1223
  214.0000	            -1211
  214.2000	            -1231
  214.4000	            -1225
  214.6000	            -1227
  214.8000	            -1203
  215.0000	            -1213
  215.2000	            -1225
  215.4000	            -1220
  215.6000	            -1211
  215.8000	            -1225
  216.0000	            -1242
  216.2000	            -1268
  216.4000	            -1223
  216.6000	            -1224
  216.8000	            -1219
  217.0000	            -1228
  217.2000	            -1201
  217.4000	            -1229
  217.6000	            -1195
  217.8000	            -1214
  218.0000	            -1243
  218.2000	            -1197
  218.4000	            -1252
  218.6000	            -1243
  218.8000	            -1213
  219.0000	            -1243
  219.2000	            -1219
  219.4000	            -1218
  219.6000	            -1219
  219.8000	            -1200
  220.0000	            -1231
  220.2000	            -1231
  220.4000	            -1219
  220.6000	            -1244
  220.8000	            -1215
  221.0000	            -1185
  221.2000	            -1240
  221.4000	            -1231
  221.6000	            -1194
  221.8000	            -1213
  222.0000	            -1200
  222.2000	            -1185
  222.4000	            -1218
  222.6000	            -1220
  222.8000	            -1219
  223.0000	            -1240
  223.2000	            -1242
  223.4000	            -1231
  223.6000	            -1242
  223.8000	            -1200
  224.0000	            -1231
  224.2000	            -1214
  224.4000	            -1197
  224.6000	            -1195
  224.8000	            -1211
  225.0000	            -1223
  225.2000	            -1200
  225.4000	            -1225
  225.6000	            -1194
  225.8000	            -1229
  226.0000	            -1231
  226.2000	            -1214
  226.4000	            -1224
  226.6000	            -1201
  226.8000	            -1210
  227.0000	            -1202
  227.2000	            -1225
  227.4000	            -1222
  227.6000	            -1210
  227.8000	            -1214
  228.0000	            -1223
  228.2000	            -1245
  228.4000	            -1221
  228.6000	            -1241
  228.8000	            -1240
  229.0000	            -1218
  229.2000	            -1228
  229.4000	            -1200
  229.6000	            -1186
  229.8000	            -1225
  230.0000	            -1243
  230.2000	            -1240
  230.4000	            -1234
  230.6000	            -1213
  230.8000	            -1185
  231.0000	            -1223
  231.2000	            -1214
  231.4000	            -1207
  231.6000	            -1196
  231.8000	            -1223
  232.0000	            -1219
  232.2000	            -1234
  232.4000	            -1210
  232.6000	            -1224
  232.8000	            -1223
  233.0000	            -1223
  233.2000	            -1200
  233.4000	            -1188
  233.6000	            -1186
  233.8000	            -1220
  234.0000	            -1171
  234.2000	            -1255
  234.4000	            -1211
  234.6000	            -1223
  234.8000	            -1235
  235.0000	            -1225
  235.2000	            -1240
  235.4000	            -1228
  235.6000	            -1226
  235.8000	            -1206
  236.0000	            -1188
  236.2000	            -1212
  236.4000	            -1205
  236.6000	            -1183
  236.8000	            -1225
  237.0000	            -1223
  237.2000	            -1235
  237.4000	            -1231
  237.6000	            -1191
  237.8000	            -1211
  238.0000	            -1215
  238.2000	            -1225
  238.4000	            -1200
  238.6000	            -1244
  238.8000	            -1200
  239.0000	            -1220
  239.2000	            -1220
  239.4000	            -1235
  239.6000	            -1223
  239.8000	            -1215
  240.0000	            -1201
  240.2000	            -1220
  240.4000	            -1223
  240.6000	            -1235
  240.8000	            -1187
  241.0000	            -1221
  241.2000	            -1204
  241.4000	            -1185
  241.6000	            -1221
  241.8000	            -1200
  242.0000	            -1204
  242.2000	            -1231
  242.4000	            -1204
  242.6000	            -1230
  242.8000	            -1217
  243.0000	            -1231
  243.2000	            -1231
  243.4000	            -1231
  243.6000	            -1186
  243.8000	            -1235
  244.0000	            -1224
  244.2000	            -1206
  244.4000	            -1220
  244.6000	            -1185
  244.8000	            -1214
  245.0000	            -1234
  245.2000	            -1183
  245.4000	            -1222
  245.6000	            -1207
  245.8000	            -1223
  246.0000	            -1182
  246.2000	            -1197
  246.4000	            -1186
  246.6000	            -1228
  246.8000	            -1207
  247.0000	            -1220
  247.2000	            -1185
  247.4000	            -1194
  247.6000	            -1192
  247.8000	            -1211
  248.0000	            -1202
  248.2000	            -1201
  248.4000	            -1226
  248.6000	            -1206
  248.8000	            -1231
  249.0000	            -1213
  249.2000	            -1205
  249.4000	            -1210
  249.6000	            -1229
  249.8000	            -1213
  250.0000	            -1210
  250.2000	            -1202
  250.4000	            -1220
  250.6000	            -1185
  250.8000	            -1218
  251.0000	            -1210
  251.2000	            -1190
  251.4000	            -1240
  251.6000	            -1211
  251.8000	            -1228
  252.0000	            -1223
  252.2000	            -1220
  252.4000	            -1222
  252.6000	            -1222
  252.8000	            -1201
  253.0000	            -1240
  253.2000	            -1240
  253.4000	            -1187
  253.6000	            -1235
  253.8000	            -1225
  254.0000	            -1192
  254.2000	            -1237
  254.4000	            -1236
  254.6000	            -1223
  254.8000	            -1231
  255.0000	            -1186
  255.2000	            -1214
  255.4000	            -1214
  255.6000	            -1200
  255.8000	            -1201
  256.0000	            -1254
  256.2000	            -1235
  256.4000	            -1204
  256.6000	            -1211
  256.8000	            -1204
  257.0000	            -1185
  257.2000	            -1235
  257.4000	            -1213
  257.6000	            -1200
  257.8000	            -1241
  258.0000	            -1192
  258.2000	            -1200
  258.4000	            -1228
  258.6000	            -1222
  258.8000	            -1211
  259.0000	            -1201
  259.2000	            -1225
  259.4000	            -1192
  259.6000	            -1231
  259.8000	            -1215
  260.0000	            -1222
  260.2000	            -1201
  260.4000	            -1218
  260.6000	            -1208
  260.8000	            -1223
  261.0000	            -1228
  261.2000	            -1180
  261.4000	            -1240
  261.6000	            -1235
  261.8000	            -1192
  262.0000	            -1213
  262.2000	            -1214
  262.4000	            -1201
  262.6000	            -1226
  262.8000	            -1221
  263.0000	            -1217
  263.2000	            -1240
  263.4000	            -1205
  263.6000	            -1201
  263.8000	            -1223
  264.0000	            -1209
  264.2000	            -1211
  264.4000	            -1214
  264.6000	            -1214
  264.8000	            -1183
  265.0000	            -1235
  265.2000	            -1223
  265.4000	            -1214
  265.6000	            -1217
  265.8000	            -1220
  266.0000	            -1163
  266.2000	            -1229
  266.4000	            -1216
  266.6000	            -1235
  266.8000	            -1223
  267.0000	            -1175
  267.2000	            -1214
  267.4000	            -1190
  267.6000	            -1223
  267.8000	            -1205
  268.0000	            -1200
  268.2000	            -1213
  268.4000	            -1223
  268.6000	            -1219
  268.8000	            -1207
  269.0000	            -1175
  269.2000	            -1221
  269.4000	            -1200
  269.6000	            -1201
  269.8000	            -1215
  270.0000	            -1240
  270.2000	            -1221
  270.4000	            -1220
  270.6000	            -1211
  270.8000	            -1197
  271.0000	            -1204
  271.2000	            -1223
  271.4000	            -1223
  271.6000	            -1224
  271.8000	            -1201
  272.0000	            -1205
  272.2000	            -1208
  272.4000	            -1221
  272.6000	            -1224
  272.8000	            -1225
  273.0000	            -1185
  273.2000	            -1219
  273.4000	            -1185
  273.6000	            -1227
  273.8000	            -1200
  274.0000	            -1238
  274.2000	            -1240
  274.4000	            -1226
  274.6000	            -1238
  274.8000	            -1223
  275.0000	            -1235
  275.2000	            -1204
  275.4000	            -1192
  275.6000	            -1224
  275.8000	            -1240
  276.0000	            -1205
  276.2000	            -1211
  276.4000	            -1195
  276.6000	            -1192
  276.8000	            -1229
  277.0000	            -1226
  277.2000	            -1213
  277.4000	            -1216
  277.6000	            -1215
  277.8000	            -1201
  278.0000	            -1201
  278.2000	            -1183
  278.4000	            -1228
  278.6000	            -1210
  278.8000	            -1224
  279.0000	            -1225
  279.2000	            -1195
  279.4000	            -1187
  279.6000	            -1226
  279.8000	            -1204
  280.0000	            -1195
  280.2000	            -1223
  280.4000	            -1221
  280.6000	            -1235
  280.8000	            -1228
  281.0000	            -1214
  281.2000	            -1220
  281.4000	            -1205
  281.6000	            -1213
  281.8000	            -1214
  282.0000	            -1208
  282.2000	            -1223
  282.4000	            -1197
  282.6000	            -1183
  282.8000	            -1195
  283.0000	            -1197
  283.2000	            -1183
  283.4000	            -1219
  283.6000	            -1195
  283.8000	            -1242
  284.0000	            -1237
  284.2000	            -1205
  284.4000	            -1237
  284.6000	            -1214
  284.8000	            -1204
  285.0000	            -1221
  285.2000	            -1221
  285.4000	            -1208
  285.6000	            -1185
  285.8000	            -1228
  286.0000	            -1192
  286.2000	            -1185
  286.4000	            -1235
  286.6000	            -1223
  286.8000	            -1221
  287.0000	            -1222
  287.2000	            -1185
  287.4000	            -1200
  287.6000	            -1223
  287.8000	            -1227
  288.0000	            -1235
  288.2000	            -1195
  288.4000	            -1237
  288.6000	            -1223
  288.8000	            -1213
  289.0000	            -1224
  289.2000	            -1225
  289.4000	            -1189
  289.6000	            -1215
  289.8000	            -1232
  290.0000	            -1182
  290.2000	            -1235
  290.4000	            -1223
  290.6000	            -1197
  290.8000	            -1207
  291.0000	            -1220
  291.2000	            -1201
  291.4000	            -1225
  291.6000	            -1216
  291.8000	            -1210
  292.0000	            -1218
  292.2000	            -1225
  292.4000	            -1197
  292.6000	            -1221
  292.8000	            -1223
  293.0000	            -1183
  293.2000	            -1196
  293.4000	            -1183
  293.6000	            -1201
  293.8000	            -1224
  294.0000	            -1193
  294.2000	            -1191
  294.4000	            -1186
  294.6000	            -1172
  294.8000	            -1180
  295.0000	            -1182
  295.2000	            -1103
  295.4000	            -1178
  295.6000	            -1141
  295.8000	            -1166
  296.0000	            -1137
  296.2000	            -1093
  296.4000	            -1177
  296.6000	            -1179
  296.8000	            -1171
  297.0000	            -1182
  297.2000	            -1163
  297.4000	            -1127
  297.6000	            -1013
  297.8000	            -1221
  298.0000	            -1225
  298.2000	            -1192
  298.4000	            -1187
  298.6000	            -1180
  298.8000	            -1203
  299.0000	            -1178
  299.2000	            -1201
  299.4000	            -1190
  299.6000	            -1180
  299.8000	            -1211
  300.0000	            -1180
  300.2000	            -1190
  300.4000	            -1197
  300.6000	            -1199
  300.8000	            -1185
  301.0000	            -1182
  301.2000	            -1213
  301.4000	            -1210
  301.6000	            -1224
  301.8000	            -1192
  302.0000	            -1193
  302.2000	            -1184
  302.4000	            -1166
  302.6000	            -1211
  302.8000	            -1177
  303.0000	            -1199
  303.2000	            -1184
  303.4000	            -1185
  303.6000	            -1161
  303.8000	            -1169
  304.0000	            -1189
  304.2000	            -1153
  304.4000	            -1162
  304.6000	            -1167
  304.8000	            -1162
  305.0000	            -1149
  305.2000	            -1110
  305.4000	            -1107
  305.6000	            -1172
  305.8000	            -1139
  306.0000	            -1172
  306.2000	            -1161
  306.4000	             -915
  306.6000	            -1051
  306.8000	             -833
  307.0000	             -979
  307.2000	             -957
  307.4000	            -1048
  307.6000	            -1091
  307.8000	            -1013
  308.0000	             -876
  308.2000	             -802
  308.4000	             -909
  308.6000	             -837
  308.8000	             -911
  309.0000	             -138
  309.2000	             -533
  309.4000	             -613
  309.6000	             -496
  309.8000	             -712
  310.0000	             -649
  310.2000	             -312
  310.4000	             -729
  310.6000	             -421
  310.8000	             -511
  311.0000	             -455
  311.2000	             -144
  311.4000	             -156
  311.6000	              314
  311.8000	             -470
  312.0000	             -356
  312.2000	             -234
  312.4000	              -74
  312.6000	              139
  312.8000	              454
  313.0000	              699
  313.2000	              646
  313.4000	             2595
  313.6000	              651
  313.8000	             -266
  314.0000	                0
  314.2000	              130
  314.4000	              335
  314.6000	              560
  314.8000	              925
  315.0000	             1284
  315.2000	             1622
  315.4000	             1766
  315.6000	             2560
  315.8000	             9418
  316.0000	             -974
  316.2000	             -974
  316.4000	            -1034
  316.6000	            -1077
  316.8000	            -1065
  317.0000	            -1059
  317.2000	            -1101
  317.4000	            -1006
  317.6000	            -1134
  317.8000	            -1118
  318.0000	            -1101
  318.2000	            -1100
  318.4000	            -1134
  318.6000	            -1033
  318.8000	            -1072
  319.0000	            -1097
  319.2000	            -1064
  319.4000	            -1067
  319.6000	            -1135
  319.8000	             -983
  320.0000	             -998
  320.2000	            -1013
  320.4000	            -1069
  320.6000	            -1040
  320.8000	             -971
  321.0000	             -990
  321.2000	            -1033
  321.4000	            -1036
  321.6000	            -1069
  321.8000	            -1015
  322.0000	            -1069
  322.2000	            -1025
  322.4000	            -1072
  322.6000	            -1119
  322.8000	            -1113
  323.0000	            -1037
  323.2000	            -1073
  323.4000	            -1078
  323.6000	            -1101
  323.8000	            -1051
  324.0000	            -1056
  324.2000	            -1077
  324.4000	            -1016
  324.6000	             -949
  324.8000	             -970
  325.0000	             -951
  325.2000	             -911
  325.4000	             -894
  325.6000	             -854
  325.8000	             -827
  326.0000	             -843
  326.2000	             -810
  326.4000	             -700
  326.6000	             -257
  326.8000	             -774
  327.0000	             -858
  327.2000	             -835
  327.4000	             -802
  327.6000	             -748
  327.8000	             -631
  328.0000	             -630
  328.2000	             -588
  328.4000	              162
  328.6000	             -966
  328.8000	             -966
  329.0000	             -970
  329.2000	             -925
  329.4000	             -953
  329.6000	             -811
  329.8000	             -773
  330.0000	             -763
  330.2000	             -828
  330.4000	             -853
  330.6000	             -680
  330.8000	             -194
  331.0000	             -625
  331.2000	             -724
  331.4000	             -637
  331.6000	             -455
  331.8000	             -406
  332.0000	             -280
  332.2000	             -248
  332.4000	             -170
  332.6000	              137
  332.8000	               29
  333.0000	              435
  333.2000	              423
  333.4000	              639
  333.6000	             1076
  333.8000	             1613
  334.0000	             1240
  334.2000	             1527
  334.4000	             2107
  334.6000	             2355
  334.8000	             3106
  335.0000	             3452
  335.2000	             4474
  335.4000	             5048
  335.6000	             5970
  335.8000	             8633
  336.0000	             9767
  336.2000	             9730
  336.4000	            12113
  336.6000	            13525
  336.8000	            16204
  337.0000	            43932
  337.2000	               11
  337.4000	             -977
  337.6000	             -870
  337.8000	             -881
  338.0000	             -901
  338.2000	             -903
  338.4000	             -876
  338.6000	             -811
  338.8000	             -841
  339.0000	             -914
  339.2000	             -836
  339.4000	             -966
  339.6000	             -935
  339.8000	             -933
  340.0000	             -976
  340.2000	             -942
  340.4000	            -1053
  340.6000	             -924
  340.8000	            -1026
  341.0000	             -980
  341.2000	            -1007
  341.4000	            -1092
  341.6000	             -981
  341.8000	            -1049
  342.0000	            -1040
  342.2000	            -1046
  342.4000	            -1074
  342.6000	            -1051
  342.8000	            -1039
  343.0000	            -1040
  343.2000	            -1010
  343.4000	            -1064
  343.6000	            -1055
  343.8000	             -979
  344.0000	             -996
  344.2000	            -1001
  344.4000	             -960
  344.6000	            -1028
  344.8000	            -1032
  345.0000	            -1016
  345.2000	             -982
  345.4000	            -1019
  345.6000	            -1022
  345.8000	             -922
  346.0000	            -1012
  346.2000	             -962
  346.4000	             -967
  346.6000	             -846
  346.8000	             -822
  347.0000	             -920
  347.2000	             -921
  347.4000	             -779
  347.6000	             -764
  347.8000	             -591
  348.0000	             -676
  348.2000	             -813
  348.4000	             -586
  348.6000	             -551
  348.8000	             -446
  349.0000	             -257
  349.2000	              -77
  349.4000	              -60
  349.6000	              284
  349.8000	              844
  350.0000	              865
  350.2000	             -299
  350.4000	              156
  350.6000	              271
  350.8000	              343
  351.0000	              299
  351.2000	              828
  351.4000	             1169
  351.6000	             1419
  351.8000	             1738
  352.0000	             1790
  352.2000	             2288
  352.4000	             2841
  352.6000	             3743
  352.8000	             4570
  353.0000	             5155
  353.2000	             6046
  353.4000	             7836
  353.6000	            13376
  353.8000	             1612
  354.0000	             1643
  354.2000	             1967
  354.4000	             2264
  354.6000	             2408
  354.8000	             3119
  355.0000	             3362
  355.2000	             3980
  355.4000	             4533
  355.6000	             5481
  355.8000	             5970
  356.0000	             7435
  356.2000	             8750
  356.4000	             9464
  356.6000	            10773
  356.8000	            12216
  357.0000	            13684
  357.2000	            15784
  357.4000	            19478
  357.6000	            43416
  357.8000	             -730
  358.0000	             -742
  358.2000	             -541
  358.4000	             -936
  358.6000	             -924
  358.8000	             -919
  359.0000	             -936
  359.2000	             -965
  359.4000	             -966
  359.6000	             -987
  359.8000	             -975
  360.0000	            -1007
  360.2000	             -953
  360.4000	             -943
  360.6000	             -980
  360.8000	             -974
  361.0000	             -964
  361.2000	             -855
  361.4000	             -895
  361.6000	             -975
  361.8000	             -921
  362.0000	             -919
  362.2000	             -913
  362.4000	             -880
  362.6000	             -827
  362.8000	             -839
  363.0000	             -752
  363.2000	             -729
  363.4000	             -706
  363.6000	             -586
  363.8000	             -506
  364.0000	             -384
  364.2000	             -451
  364.4000	             -608
  364.6000	             -551
  364.8000	             -570
  365.0000	             -461
  365.2000	             -425
  365.4000	             -348
  365.6000	             -362
  365.8000	             -255
  366.0000	             -186
  366.2000	               97
  366.4000	              359
  366.6000	              365
  366.8000	              478
  367.0000	             1872
  367.2000	             -176
  367.4000	             -206
  367.6000	             -366
  367.8000	             -284
  368.0000	                7
  368.2000	               65
  368.4000	             -144
  368.6000	              348
  368.8000	              394
  369.0000	              115
  369.2000	              648
  369.4000	             1169
  369.6000	             1303
  369.8000	             1298
  370.0000	             1588
  370.2000	             1819
  370.4000	             2114
  370.6000	             1565
  370.8000	             3768
  371.0000	             2378
  371.2000	             -561
  371.4000	             -189
  371.6000	              -56
  371.8000	              135
  372.0000	              380
  372.2000	              250
  372.4000	              489
  372.6000	              801
  372.8000	              521
  373.0000	             1211
  373.2000	             1575
  373.4000	             1483
  373.6000	             1843
  373.8000	             2411
  374.0000	             2610
  374.2000	             3074
  374.4000	             3592
  374.6000	             4203
  374.8000	             4316
  375.0000	             4857
  375.2000	             6806
  375.4000	            13961
  375.6000	               18
  375.8000	             -399
  376.0000	             -554
  376.2000	             -172
  376.4000	              162
  376.6000	              471
  376.8000	              462
  377.0000	              487
  377.2000	              578
  377.4000	              792
  377.6000	              864
  377.8000	              974
  378.0000	             1106
  378.2000	             1449
  378.4000	             1642
  378.6000	             2158
  378.8000	             2436
  379.0000	             3305
  379.2000	             3337
  379.4000	             4024
  379.6000	             4771
  379.8000	             5344
  380.0000	             6269
  380.2000	             9332
  380.4000	            13418
  380.6000	             -895
  380.8000	             -928
  381.0000	             -859
  381.2000	             -834
  381.4000	             -894
  381.6000	             -990
  381.8000	             -830
  382.0000	             -819
  382.2000	             -908
  382.4000	             -806
  382.6000	             -756
  382.8000	             -764
  383.0000	             -833
  383.2000	             -651
  383.4000	             -782
  383.6000	             -801
  383.8000	             -759
  384.0000	             -599
  384.2000	             -523
  384.4000	             -572
  384.6000	             -410
  384.8000	             -438
  385.0000	             -267
  385.2000	             -198
  385.4000	              261
  385.6000	              216
  385.8000	             -663
  386.0000	             -450
  386.2000	             -663
  386.4000	             -459
  386.6000	             -475
  386.8000	             -436
  387.0000	             -219
  387.2000	             -346
  387.4000	             -210
  387.6000	              -44
  387.8000	              -30
  388.0000	               89
  388.2000	              513
  388.4000	              690
  388.6000	              286
  388.8000	              377
  389.0000	              751
  389.2000	             1912
  389.4000	              542
  389.6000	             -392
  389.8000	             -220
  390.0000	             -114
  390.2000	             -240
  390.4000	             -146
  390.6000	             -295
  390.8000	              -35
  391.0000	              -47
  391.2000	              892
  391.4000	             1029
  391.6000	             -174
  391.8000	             -272
  392.0000	             -138
  392.2000	              285
  392.4000	              426
  392.6000	              347
  392.8000	              754
  393.0000	              745
  393.2000	              802
  393.4000	             1464
  393.6000	              781
  393.8000	             1628
  394.0000	             3388
  394.2000	             2363
  394.4000	             -915
  394.6000	             -470
  394.8000	             -417
  395.0000	             -610
  395.2000	             -771
  395.4000	             -392
  395.6000	             -334
  395.8000	             -269
  396.0000	             -427
  396.2000	             -438
  396.4000	             -375
  396.6000	             -261
  396.8000	                0
  397.0000	              -21
  397.2000	              357
  397.4000	              220
  397.6000	              513
  397.8000	              784
  398.0000	              908
  398.2000	             1245
  398.4000	             1062
  398.6000	             1482
  398.8000	             1559
  399.0000	             1817
  399.2000	             2191
  399.4000	             2300
  399.6000	             5736
  399.8000	             1118
  400.0000	            -1061
  400.2000	             -763
  400.4000	             -541
  400.6000	            -1038
  400.8000	             -782
  401.0000	             -442
  401.2000	             -657
  401.4000	             -922
  401.6000	             -578
  401.8000	             -188
  402.0000	             -405
  402.2000	             -463
  402.4000	             -619
  402.6000	             -563
  402.8000	             -275
  403.0000	             -177
  403.2000	             -106
  403.4000	              -24
  403.6000	              230
  403.8000	              271
  404.0000	              354
  404.2000	              610
  404.4000	              609
  404.6000	              694
  404.8000	             1145
  405.0000	             1472
  405.2000	             1558
  405.4000	             2038
  405.6000	             2525
  405.8000	             5356
  406.0000	             -757
  406.2000	             -903
  406.4000	             -862
  406.6000	             -835
  406.8000	             -922
  407.0000	             -820
  407.2000	             -808
  407.4000	             -790
  407.6000	             -748
  407.8000	             -608
  408.0000	             -703
  408.2000	             -561
  408.4000	             -561
  408.6000	             -442
  408.8000	             -490
  409.0000	             -349
  409.2000	              216
  409.4000	             -303
  409.6000	            -1005
  409.8000	             -776
  410.0000	             -833
  410.2000	             -745
  410.4000	             -827
  410.6000	             -742
  410.8000	             -712
  411.0000	             -567
  411.2000	             -748
  411.4000	             -492
  411.6000	             -670
  411.8000	             -457
  412.0000	             -458
  412.2000	             -399
  412.4000	             -313
  412.6000	             -179
  412.8000	               88
  413.0000	               19
  413.2000	              394
  413.4000	                0
  413.6000	              411
  413.8000	              906
  414.0000	             1478
  414.2000	             -377
  414.4000	             -716
  414.6000	             -889
  414.8000	             -478
  415.0000	             -763
  415.2000	             -765
  415.4000	             -540
  415.6000	             -477
  415.8000	             -569
  416.0000	             -646
  416.2000	             -292
  416.4000	             -383
  416.6000	             -173
  416.8000	             -493
  417.0000	             -365
  417.2000	             -475
  417.4000	             -124
  417.6000	              -23
  417.8000	              223
  418.0000	              204
  418.2000	              421
  418.4000	              292
  418.6000	              719
  418.8000	              500
  419.0000	              986
  419.2000	              551
  419.4000	              863
  419.6000	             1569
  419.8000	             2675
  420.0000	             2411
  420.2000	             -770
  420.4000	             -595
  420.6000	             -609
  420.8000	             -789
  421.0000	             -402
  421.2000	             -625
  421.4000	             -515
  421.6000	             -158
  421.8000	             -505
  422.0000	             -434
  422.2000	             -121
  422.4000	             -359
  422.6000	             -304
  422.8000	               49
  423.0000	                1
  423.2000	               14
  423.4000	              215
  423.6000	              376
  423.8000	              -32
  424.0000	              212
  424.2000	              174
  424.4000	              469
  424.6000	              228
  424.8000	              596
  425.0000	              460
  425.2000	              644
  425.4000	              685
  425.6000	              956
  425.8000	             1402
  426.0000	             1331
  426.2000	             1536
  426.4000	             1907
  426.6000	             2816
  426.8000	             3417
  427.0000	             -748
  427.2000	             -561
  427.4000	             -564
  427.6000	              238
  427.8000	             -500
  428.0000	             -984
  428.2000	             -743
  428.4000	             -978
  428.6000	             -742
  428.8000	             -640
  429.0000	             -930
  429.2000	             -566
  429.4000	             -736
  429.6000	             -816
  429.8000	             -402
  430.0000	             -523
  430.2000	             -742
  430.4000	             -369
  430.6000	             -312
  430.8000	             -300
  431.0000	             -407
  431.2000	             -291
  431.4000	                0
  431.6000	              -16
  431.8000	              121
  432.0000	              156
  432.2000	              323
  432.4000	              404
  432.6000	              437
  432.8000	              442
  433.0000	              652
  433.2000	              630
  433.4000	              870
  433.6000	              850
  433.8000	             1060
  434.0000	             1163
  434.2000	             3043
  434.4000	              303
  434.6000	             -236
  434.8000	             -278
  435.0000	             -170
  435.2000	             -145
  435.4000	              230
  435.6000	             -224
  435.8000	             -992
  436.0000	             -787
  436.2000	             -828
  436.4000	             -839
  436.6000	             -718
  436.8000	             -837
  437.0000	             -793
  437.2000	             -632
  437.4000	             -776
  437.6000	             -568
  437.8000	             -637
  438.0000	             -453
  438.2000	             -578
  438.4000	             -657
  438.6000	             -481
  438.8000	             -371
  439.0000	             -284
  439.2000	             -363
  439.4000	             -173
  439.6000	             -209
  439.8000	             -124
  440.0000	             -248
  440.2000	              -94
  440.4000	             -197
  440.6000	             -224
  440.8000	               12
  441.0000	               89
  441.2000	              417
  441.4000	              807
  441.6000	             -736
  441.8000	             -774
  442.0000	             -979
  442.2000	             -628
  442.4000	            -1026
  442.6000	             -656
  442.8000	             -979
  443.0000	             -675
  443.2000	             -899
  443.4000	             -784
  443.6000	             -708
  443.8000	             -886
  444.0000	             -626
  444.2000	             -763
  444.4000	             -772
  444.6000	             -539
  444.8000	             -596
  445.0000	             -661
  445.2000	             -426
  445.4000	             -378
  445.6000	             -732
  445.8000	             -451
  446.0000	             -417
  446.2000	             -354
  446.4000	             -248
  446.6000	             -291
  446.8000	             -246
  447.0000	             -234
  447.2000	             -262
  447.4000	             -140
  447.6000	              -82
  447.8000	             -190
  448.0000	              212
  448.2000	              669
  448.4000	              636
  448.6000	             1200
  448.8000	             1457
  449.0000	             -545
  449.2000	             -895
  449.4000	             -773
  449.6000	             -772
  449.8000	             -761
  450.0000	             -887
  450.2000	             -707
  450.4000	             -747
  450.6000	             -686
  450.8000	             -815
  451.0000	             -523
  451.2000	             -843
  451.4000	             -440
  451.6000	             -919
  451.8000	             -496
  452.0000	             -891
  452.2000	             -701
  452.4000	             -614
  452.6000	             -900
  452.8000	             -529
  453.0000	             -657
  453.2000	             -701
  453.4000	             -343
  453.6000	             -611
  453.8000	             -696
  454.0000	             -398
  454.2000	             -355
  454.4000	             -418
  454.6000	             -417
  454.8000	             -481
  455.0000	             -395
  455.2000	             -318
  455.4000	             -393
  455.6000	             -391
  455.8000	             -403
  456.0000	             -286
  456.2000	             -320
  456.4000	             -303
  456.6000	             -119
  456.8000	             -232
  457.0000	              150
  457.2000	              606
  457.4000	             -683
  457.6000	             -933
  457.8000	             -934
  458.0000	             -895
  458.2000	             -917
  458.4000	             -752
  458.6000	             -899
  458.8000	             -858
  459.0000	             -840
  459.2000	             -679
  459.4000	             -815
  459.6000	             -622
  459.8000	             -616
  460.0000	             -658
  460.2000	             -952
  460.4000	             -757
  460.6000	             -841
  460.8000	             -764
  461.0000	             -919
  461.2000	             -706
  461.4000	             -796
  461.6000	             -653
  461.8000	             -714
  462.0000	             -785
  462.2000	             -578
  462.4000	             -660
  462.6000	             -632
  462.8000	             -562
  463.0000	             -546
  463.2000	             -624
  463.4000	             -403
  463.6000	             -356
  463.8000	             -453
  464.0000	             -442
  464.2000	             -311
  464.4000	             -202
  464.6000	               20
  464.8000	             -190
  465.0000	             -371
  465.2000	             -522
  465.4000	             -631
  465.6000	             -612
  465.8000	             -630
  466.0000	             -531
  466.2000	             -547
  466.4000	             -273
  466.6000	             -380
  466.8000	             -904
  467.0000	             -937
  467.2000	             -827
  467.4000	             -950
  467.6000	             -910
  467.8000	             -895
  468.0000	             -928
  468.2000	             -833
  468.4000	             -915
  468.6000	             -820
  468.8000	             -903
  469.0000	             -848
  469.2000	             -811
  469.4000	             -691
  469.6000	             -723
  469.8000	             -786
  470.0000	             -735
  470.2000	             -735
  470.4000	             -686
  470.6000	             -599
  470.8000	             -470
  471.0000	             -693
  471.2000	             -712
  471.4000	             -680
  471.6000	             -589
  471.8000	             -553
  472.0000	             -312
  472.2000	             -497
  472.4000	            -1077
  472.6000	            -1006
  472.8000	            -1037
  473.0000	             -949
  473.2000	            -1080
  473.4000	             -964
  473.6000	            -1008
  473.8000	             -960
  474.0000	             -967
  474.2000	             -949
  474.4000	             -912
  474.6000	             -950
  474.8000	             -809
  475.0000	             -957
  475.2000	             -866
  475.4000	             -958
  475.6000	             -817
  475.8000	             -884
  476.0000	             -824
  476.2000	             -901
  476.4000	             -776
  476.6000	             -870
  476.8000	             -913
  477.0000	             -815
  477.2000	             -917
  477.4000	             -874
  477.6000	             -871
  477.8000	             -936
  478.0000	             -773
  478.2000	             -885
  478.4000	             -850
  478.6000	             -806
  478.8000	             -809
  479.0000	             -856
  479.2000	             -851
  479.4000	             -753
  479.6000	             -809
  479.8000	             -716
  480.0000	             -839
  480.2000	             -765
  480.4000	             -701
  480.6000	             -764
  480.8000	             -698
  481.0000	             -716
  481.2000	             -492
  481.4000	             -776
  481.6000	             -946
  481.8000	             -915
  482.0000	             -915
  482.2000	             -830
  482.4000	             -914
  482.6000	            -1006
  482.8000	             -981
  483.0000	             -957
  483.2000	             -935
  483.4000	             -874
  483.6000	             -942
  483.8000	             -870
  484.0000	             -963
  484.2000	             -973
  484.4000	            -1006
  484.6000	             -963
  484.8000	             -901
  485.0000	             -970
  485.2000	             -842
  485.4000	             -908
  485.6000	             -921
  485.8000	            -1015
  486.0000	             -862
  486.2000	             -970
  486.4000	             -875
  486.6000	             -970
  486.8000	             -860
  487.0000	             -929
  487.2000	             -925
  487.4000	             -940
  487.6000	             -947
  487.8000	             -931
  488.0000	             -948
  488.2000	             -849
  488.4000	             -866
  488.6000	             -900
  488.8000	             -877
  489.0000	             -903
  489.2000	             -852
  489.4000	             -874
  489.6000	             -851
  489.8000	             -900
  490.0000	             -803
  490.2000	             -789
  490.4000	             -835
  490.6000	             -784
  490.8000	             -863
  491.0000	             -788
  491.2000	             -793
  491.4000	             -795
  491.6000	             -707
  491.8000	             -866
  492.0000	             -929
  492.2000	             -870
  492.4000	             -953
  492.6000	             -820
  492.8000	             -950
  493.0000	             -944
  493.2000	             -957
  493.4000	             -921
  493.6000	             -976
  493.8000	             -965
  494.0000	             -922
  494.2000	             -943
  494.4000	             -967
  494.6000	             -940
  494.8000	             -953
  495.0000	             -901
  495.2000	             -964
  495.4000	             -935
  495.6000	             -913
  495.8000	             -953
  496.0000	             -943
  496.2000	             -853
  496.4000	             -928
  496.6000	             -897
  496.8000	             -880
  497.0000	             -927
  497.2000	             -835
  497.4000	             -908
  497.6000	             -931
  497.8000	            -1015
  498.0000	             -976
  498.2000	             -965
  498.4000	             -967
  498.6000	             -961
  498.8000	             -953
  499.0000	             -954
  499.2000	             -990
  499.4000	             -931
  499.6000	             -921
  499.8000	             -932
  500.0000	             -899
