  200.0000	            -1077
  200.2000	            -1107
  200.4000	            -1063
  200.6000	            -1086
  200.8000	            -1071
  201.0000	            -1113
  201.2000	            -1111
  201.4000	            -1086
  201.6000	            -1079
  201.8000	            -1093
  202.0000	            -1106
  202.2000	            -1101
  202.4000	            -1086
  202.6000	            -1090
  202.8000	            -1067
  203.0000	            -1093
  203.2000	            -1089
  203.4000	            -1063
  203.6000	            -1103
  203.8000	            -1092
  204.0000	            -1107
  204.2000	            -1092
  204.4000	            -1083
  204.6000	            -1060
  204.8000	            -1067
  205.0000	            -1093
  205.2000	            -1090
  205.4000	            -1085
  205.6000	            -1093
  205.8000	            -1122
  206.0000	            -1090
  206.2000	            -1090
  206.4000	            -1092
  206.6000	            -1085
  206.8000	            -1115
  207.0000	            -1087
  207.2000	            -1104
  207.4000	            -1122
  207.6000	            -1045
  207.8000	            -1102
  208.0000	            -1096
  208.2000	            -1117
  208.4000	            -1060
  208.6000	            -1133
  208.8000	            -1059
  209.0000	            -1117
  209.2000	            -1106
  209.4000	            -1113
  209.6000	            -1099
  209.8000	            -1067
  210.0000	            -1086
  210.2000	            -1107
  210.4000	            -1059
  210.6000	            -1102
  210.8000	            -1093
  211.0000	            -1116
  211.2000	            -1118
  211.4000	            -1093
  211.6000	            -1096
  211.8000	            -1098
  212.0000	            -1108
  212.2000	            -1067
  212.4000	            -1125
  212.6000	            -1118
  212.8000	            -1114
  213.0000	            -1099
  213.2000	            -1095
  213.4000	            -1107
  213.6000	            -1057
  213.8000	            -1113
  214.0000	            -1053
  214.2000	            -1089
  214.4000	            -1118
  214.6000	            -1107
  214.8000	            -1110
  215.0000	            -1057
  215.2000	            -1060
  215.4000	            -1089
  215.6000	            -1116
  215.8000	            -1120
  216.0000	            -1097
  216.2000	            -1090
  216.4000	            -1100
  216.6000	            -1121
  216.8000	            -1090
  217.0000	            -1117
  217.2000	            -1097
  217.4000	            -1064
  217.6000	            -1092
  217.8000	            -1110
  218.0000	            -1104
  218.2000	            -1078
  218.4000	            -1045
  218.6000	            -1092
  218.8000	            -1103
  219.0000	            -1107
  219.2000	            -1073
  219.4000	            -1046
  219.6000	            -1117
  219.8000	            -1090
  220.0000	            -1092
  220.2000	            -1067
  220.4000	            -1091
  220.6000	            -1116
  220.8000	            -1067
  221.0000	            -1067
  221.2000	            -1106
  221.4000	            -1067
  221.6000	            -1059
  221.8000	            -1093
  222.0000	            -1101
  222.2000	            -1064
  222.4000	            -1120
  222.6000	            -1124
  222.8000	            -1113
  223.0000	            -1120
  223.2000	            -1048
  223.4000	            -1093
  223.6000	            -1062
  223.8000	            -1101
  224.0000	            -1064
  224.2000	            -1099
  224.4000	            -1077
  224.6000	            -1087
  224.8000	            -1098
  225.0000	            -1112
  225.2000	            -1092
  225.4000	            -1086
  225.6000	            -1115
  225.8000	            -1113
  226.0000	            -1109
  226.2000	            -1053
  226.4000	            -1081
  226.6000	            -1109
  226.8000	            -1079
  227.0000	            -1097
  227.2000	            -1092
  227.4000	            -1103
  227.6000	            -1100
  227.8000	            -1064
  228.0000	            -1118
  228.2000	            -1075
  228.4000	            -1067
  228.6000	            -1106
  228.8000	            -1098
  229.0000	            -1117
  229.2000	            -1090
  229.4000	            -1067
  229.6000	            -1090
  229.8000	            -1107
  230.0000	            -1107
  230.2000	            -1124
  230.4000	            -1062
  230.6000	            -1098
  230.8000	            -1115
  231.0000	            -1108
  231.2000	            -1098
  231.4000	            -1085
  231.6000	            -1110
  231.8000	            -1086
  232.0000	            -1111
  232.2000	            -1122
  232.4000	            -1101
  232.6000	            -1105
  232.8000	            -1117
  233.0000	            -1099
  233.2000	            -1090
  233.4000	            -1082
  233.6000	            -1110
  233.8000	            -1087
  234.0000	            -1113
  234.2000	            -1087
  234.4000	            -1132
  234.6000	            -1090
  234.8000	            -1116
  235.0000	            -1111
  235.2000	            -1113
  235.4000	            -1115
  235.6000	            -1076
  235.8000	            -1043
  236.0000	            -1117
  236.2000	            -1099
  236.4000	            -1104
  236.6000	            -1069
  236.8000	            -1089
  237.0000	            -1106
  237.2000	            -1117
  237.4000	            -1095
  237.6000	            -1108
  237.8000	            -1086
  238.0000	            -1067
  238.2000	            -1117
  238.4000	            -1090
  238.6000	            -1067
  238.8000	            -1072
  239.0000	            -1097
  239.2000	            -1104
  239.4000	            -1102
  239.6000	            -1093
  239.8000	            -1099
  240.0000	            -1117
  240.2000	            -1106
  240.4000	            -1107
  240.6000	            -1118
  240.8000	            -1048
  241.0000	            -1114
  241.2000	            -1089
  241.4000	            -1068
  241.6000	            -1099
  241.8000	            -1067
  242.0000	            -1064
  242.2000	            -1116
  242.4000	            -1100
  242.6000	            -1096
  242.8000	            -1086
  243.0000	            -1105
  243.2000	            -1098
  243.4000	            -1051
  243.6000	            -1113
  243.8000	            -1087
  244.0000	            -1077
  244.2000	            -1077
  244.4000	            -1043
  244.6000	            -1113
  244.8000	            -1107
  245.0000	            -1064
  245.2000	            -1104
  245.4000	            -1086
  245.6000	            -1053
  245.8000	            -1086
  246.0000	            -1118
  246.2000	            -1063
  246.4000	            -1101
  246.6000	            -1090
  246.8000	            -1089
  247.0000	            -1098
  247.2000	            -1083
  247.4000	            -1089
  247.6000	            -1090
  247.8000	            -1086
  248.0000	            -1093
  248.2000	            -1111
  248.4000	            -1090
  248.6000	            -1122
  248.8000	            -1057
  249.0000	            -1097
  249.2000	            -1114
  249.4000	            -1067
  249.6000	            -1099
  249.8000	            -1043
  250.0000	            -1124
  250.2000	            -1089
  250.4000	            -1122
  250.6000	            -1087
  250.8000	            -1093
  251.0000	            -1106
  251.2000	            -1077
  251.4000	            -1101
  251.6000	            -1092
  251.8000	            -1086
  252.0000	            -1093
  252.2000	            -1105
  252.4000	            -1096
  252.6000	            -1089
  252.8000	            -1099
  253.0000	            -1096
  253.2000	            -1067
  253.4000	            -1094
  253.6000	            -1112
  253.8000	            -1116
  254.0000	            -1088
  254.2000	            -1060
  254.4000	            -1098
  254.6000	            -1120
  254.8000	            -1097
  255.0000	            -1109
  255.2000	            -1098
  255.4000	            -1107
  255.6000	            -1077
  255.8000	            -1111
  256.0000	            -1081
  256.2000	            -1111
  256.4000	            -1059
  256.6000	            -1045
  256.8000	            -1108
  257.0000	            -1102
  257.2000	            -1057
  257.4000	            -1053
  257.6000	            -1115
  257.8000	            -1098
  258.0000	            -1063
  258.2000	            -1091
  258.4000	            -1110
  258.6000	            -1077
  258.8000	            -1090
  259.0000	            -1106
  259.2000	            -1089
  259.4000	            -1093
  259.6000	            -1099
  259.8000	            -1107
  260.0000	            -1078
  260.2000	            -1097
  260.4000	            -1089
  260.6000	            -1093
  260.8000	            -1053
  261.0000	            -1054
  261.2000	            -1092
  261.4000	            -1077
  261.6000	            -1110
  261.8000	            -1110
  262.0000	            -1089
  262.2000	            -1105
  262.4000	            -1122
  262.6000	            -1090
  262.8000	            -1106
  263.0000	            -1113
  263.2000	            -1119
  263.4000	            -1092
  263.6000	            -1112
  263.8000	            -1090
  264.0000	            -1129
  264.2000	            -1107
  264.4000	            -1059
  264.6000	            -1112
  264.8000	            -1127
  265.0000	            -1101
  265.2000	            -1102
  265.4000	            -1063
  265.6000	            -1099
  265.8000	            -1106
  266.0000	            -1105
  266.2000	            -1087
  266.4000	            -1089
  266.6000	            -1067
  266.8000	            -1104
  267.0000	            -1083
  267.2000	            -1106
  267.4000	            -1077
  267.6000	            -1089
  267.8000	            -1090
  268.0000	            -1118
  268.2000	            -1066
  268.4000	            -1083
  268.6000	            -1104
  268.8000	            -1089
  269.0000	            -1092
  269.2000	            -1098
  269.4000	            -1099
  269.6000	            -1090
  269.8000	            -1090
  270.0000	            -1077
  270.2000	            -1102
  270.4000	            -1109
  270.6000	            -1077
  270.8000	            -1055
  271.0000	            -1112
  271.2000	            -1089
  271.4000	            -1090
  271.6000	            -1079
  271.8000	            -1063
  272.0000	            -1116
  272.2000	            -1067
  272.4000	            -1077
  272.6000	            -1108
  272.8000	            -1099
  273.0000	            -1057
  273.2000	            -1110
  273.4000	            -1097
  273.6000	            -1086
  273.8000	            -1089
  274.0000	            -1109
  274.2000	            -1099
  274.4000	            -1113
  274.6000	            -1102
  274.8000	            -1067
  275.0000	            -1104
  275.2000	            -1045
  275.4000	            -1102
  275.6000	            -1104
  275.8000	            -1083
  276.0000	            -1071
  276.2000	            -1118
  276.4000	            -1068
  276.6000	            -1098
  276.8000	            -1089
  277.0000	            -1067
  277.2000	            -1090
  277.4000	            -1099
  277.6000	            -1107
  277.8000	            -1045
  278.0000	            -1090
  278.2000	            -1113
  278.4000	            -1107
  278.6000	            -1071
  278.8000	            -1102
  279.0000	            -1099
  279.2000	            -1075
  279.4000	            -1062
  279.6000	            -1074
  279.8000	            -1090
  280.0000	            -1045
  280.2000	            -1078
  280.4000	            -1117
  280.6000	            -1090
  280.8000	            -1115
  281.0000	            -1099
  281.2000	            -1093
  281.4000	            -1089
  281.6000	            -1115
  281.8000	            -1099
  282.0000	            -1059
  282.2000	            -1092
  282.4000	            -1086
  282.6000	            -1090
  282.8000	            -1109
  283.0000	            -1076
  283.2000	            -1122
  283.4000	            -1077
  283.6000	            -1107
  283.8000	            -1099
  284.0000	            -1107
  284.2000	            -1075
  284.4000	            -1086
  284.6000	            -1089
  284.8000	            -1096
  285.0000	            -1068
  285.2000	            -1077
  285.4000	            -1067
  285.6000	            -1082
  285.8000	            -1089
  286.0000	            -1111
  286.2000	            -1059
  286.4000	            -1089
  286.6000	            -1045
  286.8000	            -1053
  287.0000	            -1088
  287.2000	            -1077
  287.4000	            -1118
  287.6000	            -1093
  287.8000	            -1106
  288.0000	            -1046
  288.2000	            -1086
  288.4000	            -1096
  288.6000	            -1055
  288.8000	            -1045
  289.0000	            -1108
  289.2000	            -1113
  289.4000	            -1077
  289.6000	            -1129
  289.8000	            -1089
  290.0000	            -1089
  290.2000	            -1101
  290.4000	            -1099
  290.6000	            -1110
  290.8000	            -1069
  291.0000	            -1089
  291.2000	            -1122
  291.4000	            -1068
  291.6000	            -1103
  291.8000	            -1043
  292.0000	            -1072
  292.2000	            -1092
  292.4000	            -1045
  292.6000	            -1089
  292.8000	            -1114
  293.0000	            -1102
  293.2000	            -1053
  293.4000	            -1098
  293.6000	            -1104
  293.8000	            -1115
  294.0000	            -1105
  294.2000	            -1092
  294.4000	            -1045
  294.6000	            -1077
  294.8000	            -1057
  295.0000	            -1093
  295.2000	            -1052
  295.4000	            -1092
  295.6000	            -1093
  295.8000	            -1089
  296.0000	            -1084
  296.2000	            -1070
  296.4000	            -1100
  296.6000	            -1104
  296.8000	            -1070
  297.0000	            -1054
  297.2000	            -1077
  297.4000	            -1070
  297.6000	             -983
  297.8000	            -1053
  298.0000	            -1086
  298.2000	            -1102
  298.4000	            -1076
  298.6000	            -1086
  298.8000	            -1097
  299.0000	            -1093
  299.2000	            -1112
  299.4000	            -1073
  299.6000	            -1099
  299.8000	            -1077
  300.0000	            -1062
  300.2000	            -1059
  300.4000	            -1099
  300.6000	            -1072
  300.8000	            -1045
  301.0000	            -1067
  301.2000	            -1069
  301.4000	            -1086
  301.6000	            -1117
  301.8000	            -1081
  302.0000	            -1109
  302.2000	            -1045
  302.4000	            -1065
  302.6000	            -1106
  302.8000	            -1062
  303.0000	            -1064
  303.2000	            -1051
  303.4000	            -1117
  303.6000	            -1092
  303.8000	            -1081
  304.0000	            -1095
  304.2000	            -1092
  304.4000	            -1093
  304.6000	            -1100
  304.8000	            -1075
  305.0000	            -1065
  305.2000	            -1042
  305.4000	            -1088
  305.6000	            -1097
  305.8000	            -1048
  306.0000	            -1072
  306.2000	             -966
  306.4000	             -203
  306.6000	             -504
  306.8000	              372
  307.0000	              -13
  307.2000	             -252
  307.4000	             -678
  307.6000	             -832
  307.8000	             1026
  308.0000	              683
  308.2000	              -65
  308.4000	             -217
  308.6000	              761
  308.8000	             -762
  309.0000	             3653
  309.2000	              389
  309.4000	               18
  309.6000	             1973
  309.8000	              292
  310.0000	             -250
  310.2000	             1035
  310.4000	             -884
  310.6000	              743
  310.8000	             -556
  311.0000	             -121
  311.2000	              465
  311.4000	               77
  311.6000	             -238
  311.8000	             -540
  312.0000	             -656
  312.2000	              746
  312.4000	              203
  312.6000	               -9
  312.8000	              226
  313.0000	              649
  313.2000	             -224
  313.4000	             1178
  313.6000	              991
  313.8000	             -122
  314.0000	              134
  314.2000	              458
  314.4000	              -93
  314.6000	             1758
  314.8000	                2
  315.0000	              855
  315.2000	             1375
  315.4000	              924
  315.6000	             1354
  315.8000	             3719
  316.0000	             -193
  316.2000	             -698
  316.4000	               98
  316.6000	             -417
  316.8000	             -144
  317.0000	             -976
  317.2000	             -757
  317.4000	                0
  317.6000	             -963
  317.8000	             -932
  318.0000	             -790
  318.2000	             -577
  318.4000	            -1008
  318.6000	             -744
  318.8000	             -919
  319.0000	             -901
  319.2000	             -722
  319.4000	             -410
  319.6000	            -1050
  319.8000	             -855
  320.0000	             -599
  320.2000	             -748
  320.4000	             -970
  320.6000	             -921
  320.8000	             -943
  321.0000	             -647
  321.2000	             -802
  321.4000	            -1020
  321.6000	            -1018
  321.8000	             -965
  322.0000	             -826
  322.2000	             -932
  322.4000	            -1087
  322.6000	             -941
  322.8000	            -1058
  323.0000	             -860
  323.2000	             -972
  323.4000	             -987
  323.6000	            -1072
  323.8000	             -970
  324.0000	             -999
  324.2000	            -1079
  324.4000	             -883
  324.6000	            -1016
  324.8000	            -1085
  325.0000	            -1052
  325.2000	             -980
  325.4000	             -993
  325.6000	            -1005
  325.8000	             -997
  326.0000	            -1043
  326.2000	            -1033
  326.4000	             -997
  326.6000	             -887
  326.8000	            -1036
  327.0000	            -1031
  327.2000	            -1002
  327.4000	            -1031
  327.6000	             -957
  327.8000	             -930
  328.0000	             -962
  328.2000	             -974
  328.4000	             -828
  328.6000	            -1017
  328.8000	             -924
  329.0000	             -979
  329.2000	            -1001
  329.4000	            -1042
  329.6000	             -918
  329.8000	             -866
  330.0000	             -827
  330.2000	             -914
  330.4000	             -913
  330.6000	             -950
  330.8000	             -800
  331.0000	             -870
  331.2000	             -762
  331.4000	             -564
  331.6000	             -570
  331.8000	             -409
  332.0000	             -397
  332.2000	             -247
  332.4000	             -271
  332.6000	             -218
  332.8000	             -253
  333.0000	             -296
  333.2000	             -375
  333.4000	             -307
  333.6000	              126
  333.8000	              503
  334.0000	              527
  334.2000	              283
  334.4000	              671
  334.6000	             1072
  334.8000	             1215
  335.0000	             1540
  335.2000	             1648
  335.4000	             1899
  335.6000	             2252
  335.8000	             2859
  336.0000	             3350
  336.2000	             3873
  336.4000	             4802
  336.6000	             5416
  336.8000	             6148
  337.0000	            16524
  337.2000	             -900
  337.4000	            -1065
  337.6000	             -981
  337.8000	            -1017
  338.0000	            -1053
  338.2000	            -1059
  338.4000	            -1033
  338.6000	            -1004
  338.8000	             -976
  339.0000	            -1066
  339.2000	            -1014
  339.4000	            -1061
  339.6000	            -1061
  339.8000	            -1033
  340.0000	            -1108
  340.2000	            -1030
  340.4000	            -1059
  340.6000	            -1030
  340.8000	            -1079
  341.0000	            -1069
  341.2000	            -1092
  341.4000	            -1058
  341.6000	            -1092
  341.8000	            -1110
  342.0000	            -1079
  342.2000	            -1071
  342.4000	            -1105
  342.6000	            -1102
  342.8000	             -986
  343.0000	            -1071
  343.2000	             -989
  343.4000	            -1071
  343.6000	            -1042
  343.8000	            -1066
  344.0000	            -1080
  344.2000	            -1039
  344.4000	            -1042
  344.6000	            -1003
  344.8000	            -1025
  345.0000	            -1058
  345.2000	            -1047
  345.4000	            -1048
  345.6000	            -1107
  345.8000	             -980
  346.0000	            -1013
  346.2000	            -1001
  346.4000	             -970
  346.6000	             -974
  346.8000	             -923
  347.0000	            -1043
  347.2000	             -887
  347.4000	             -901
  347.6000	             -863
  347.8000	             -896
  348.0000	             -780
  348.2000	             -906
  348.4000	             -823
  348.6000	             -841
  348.8000	             -874
  349.0000	             -717
  349.2000	             -620
  349.4000	             -752
  349.6000	             -749
  349.8000	             -341
  350.0000	             -546
  350.2000	             -835
  350.4000	             -664
  350.6000	             -407
  350.8000	             -416
  351.0000	             -615
  351.2000	             -468
  351.4000	              -51
  351.6000	              -91
  351.8000	             -116
  352.0000	             -194
  352.2000	             -158
  352.4000	              160
  352.6000	              390
  352.8000	              683
  353.0000	              934
  353.2000	             1226
  353.4000	             1724
  353.6000	             2937
  353.8000	              247
  354.0000	              441
  354.2000	              440
  354.4000	              619
  354.6000	              591
  354.8000	              627
  355.0000	              987
  355.2000	             1043
  355.4000	             1407
  355.6000	             1673
  355.8000	             1604
  356.0000	             1991
  356.2000	             2332
  356.4000	             3103
  356.6000	             3756
  356.8000	             4377
  357.0000	             4781
  357.2000	             5355
  357.4000	             6782
  357.6000	            13905
  357.8000	             -961
  358.0000	            -1058
  358.2000	             -934
  358.4000	            -1043
  358.6000	            -1103
  358.8000	             -851
  359.0000	            -1033
  359.2000	            -1070
  359.4000	            -1060
  359.6000	            -1042
  359.8000	            -1062
  360.0000	            -1093
  360.2000	            -1042
  360.4000	            -1048
  360.6000	             -835
  360.8000	            -1065
  361.0000	            -1088
  361.2000	            -1073
  361.4000	            -1067
  361.6000	            -1104
  361.8000	            -1051
  362.0000	            -1090
  362.2000	            -1052
  362.4000	            -1052
  362.6000	            -1074
  362.8000	            -1064
  363.0000	            -1034
  363.2000	            -1043
  363.4000	            -1003
  363.6000	            -1058
  363.8000	            -1030
  364.0000	            -1004
  364.2000	            -1008
  364.4000	             -964
  364.6000	            -1028
  364.8000	            -1016
  365.0000	            -1001
  365.2000	            -1026
  365.4000	             -973
  365.6000	             -977
  365.8000	             -958
  366.0000	            -1004
  366.2000	             -962
  366.4000	             -863
  366.6000	             -832
  366.8000	             -894
  367.0000	             -607
  367.2000	             -975
  367.4000	             -863
  367.6000	             -955
  367.8000	             -949
  368.0000	             -863
  368.2000	             -819
  368.4000	             -965
  368.6000	             -861
  368.8000	             -800
  369.0000	             -928
  369.2000	             -824
  369.4000	             -715
  369.6000	             -584
  369.8000	             -712
  370.0000	             -633
  370.2000	             -607
  370.4000	             -328
  370.6000	             -461
  370.8000	              114
  371.0000	             -337
  371.2000	             -966
  371.4000	             -780
  371.6000	             -757
  371.8000	             -691
  372.0000	             -510
  372.2000	             -635
  372.4000	             -608
  372.6000	             -397
  372.8000	             -587
  373.0000	             -577
  373.2000	             -272
  373.4000	             -442
  373.6000	             -221
  373.8000	              -10
  374.0000	              -50
  374.2000	             -143
  374.4000	              189
  374.6000	              626
  374.8000	              347
  375.0000	              269
  375.2000	             1049
  375.4000	             2869
  375.6000	             -277
  375.8000	             -592
  376.0000	             -857
  376.2000	             -745
  376.4000	             -561
  376.6000	             -214
  376.8000	             -210
  377.0000	              121
  377.2000	              -10
  377.4000	              208
  377.6000	               17
  377.8000	              111
  378.0000	              127
  378.2000	               89
  378.4000	              212
  378.6000	              402
  378.8000	              547
  379.0000	              815
  379.2000	              911
  379.4000	             1106
  379.6000	             1262
  379.8000	             1510
  380.0000	             1653
  380.2000	             2974
  380.4000	             2648
  380.6000	            -1009
  380.8000	            -1045
  381.0000	            -1070
  381.2000	            -1050
  381.4000	            -1075
  381.6000	            -1072
  381.8000	            -1078
  382.0000	            -1056
  382.2000	            -1077
  382.4000	            -1051
  382.6000	            -1021
  382.8000	            -1082
  383.0000	            -1097
  383.2000	            -1079
  383.4000	             -759
  383.6000	            -1076
  383.8000	            -1075
  384.0000	            -1070
  384.2000	            -1039
  384.4000	            -1050
  384.6000	            -1028
  384.8000	             -991
  385.0000	             -905
  385.2000	            -1007
  385.4000	             -975
  385.6000	             -946
  385.8000	            -1033
  386.0000	             -983
  386.2000	            -1045
  386.4000	            -1045
  386.6000	            -1011
  386.8000	             -992
  387.0000	            -1008
  387.2000	            -1028
  387.4000	            -1055
  387.6000	             -997
  387.8000	             -974
  388.0000	             -992
  388.2000	             -918
  388.4000	             -871
  388.6000	             -953
  388.8000	             -944
  389.0000	             -858
  389.2000	             -654
  389.4000	             -882
  389.6000	             -984
  389.8000	            -1001
  390.0000	             -871
  390.2000	             -968
  390.4000	             -948
  390.6000	            -1034
  390.8000	             -961
  391.0000	            -1007
  391.2000	             -960
  391.4000	             -948
  391.6000	             -992
  391.8000	             -978
  392.0000	             -944
  392.2000	             -936
  392.4000	             -863
  392.6000	             -901
  392.8000	             -711
  393.0000	             -816
  393.2000	             -767
  393.4000	             -607
  393.6000	             -803
  393.8000	             -746
  394.0000	             -244
  394.2000	             -505
  394.4000	            -1070
  394.6000	             -881
  394.8000	             -378
  395.0000	             -979
  395.2000	            -1003
  395.4000	             -937
  395.6000	             -878
  395.8000	             -805
  396.0000	             -947
  396.2000	             -942
  396.4000	             -944
  396.6000	             -908
  396.8000	             -841
  397.0000	             -899
  397.2000	             -782
  397.4000	             -817
  397.6000	             -738
  397.8000	             -670
  398.0000	             -711
  398.2000	             -592
  398.4000	             -662
  398.6000	             -482
  398.8000	             -581
  399.0000	             -477
  399.2000	             -322
  399.4000	             -409
  399.6000	              334
  399.8000	             -666
  400.0000	            -1109
  400.2000	             -934
  400.4000	             -814
  400.6000	            -1043
  400.8000	             -979
  401.0000	             -823
  401.2000	             -821
  401.4000	            -1006
  401.6000	             -974
  401.8000	             -729
  402.0000	             -715
  402.2000	             -821
  402.4000	             -844
  402.6000	             -922
  402.8000	             -853
  403.0000	             -784
  403.2000	             -731
  403.4000	             -716
  403.6000	             -763
  403.8000	             -676
  404.0000	             -626
  404.2000	             -470
  404.4000	              102
  404.6000	             -466
  404.8000	             -465
  405.0000	             -391
  405.2000	             -196
  405.4000	             -349
  405.6000	             -167
  405.8000	              607
  406.0000	            -1102
  406.2000	            -1083
  406.4000	            -1081
  406.6000	            -1051
  406.8000	            -1071
  407.0000	             -998
  407.2000	             -913
  407.4000	            -1064
  407.6000	            -1048
  407.8000	            -1035
  408.0000	             -946
  408.2000	            -1023
  408.4000	            -1030
  408.6000	            -1034
  408.8000	            -1063
  409.0000	             -986
  409.2000	             -940
  409.4000	            -1031
  409.6000	            -1058
  409.8000	            -1061
  410.0000	            -1049
  410.2000	            -1073
  410.4000	            -1017
  410.6000	            -1080
  410.8000	            -1103
  411.0000	            -1061
  411.2000	            -1065
  411.4000	            -1033
  411.6000	            -1093
  411.8000	            -1042
  412.0000	            -1061
  412.2000	            -1038
  412.4000	            -1040
  412.6000	            -1003
  412.8000	            -1001
  413.0000	             -912
  413.2000	             -967
  413.4000	            -1025
  413.6000	             -980
  413.8000	             -859
  414.0000	             -827
  414.2000	            -1039
  414.4000	            -1033
  414.6000	            -1102
  414.8000	             -992
  415.0000	            -1104
  415.2000	            -1039
  415.4000	            -1066
  415.6000	            -1019
  415.8000	             3006
  416.0000	            -1019
  416.2000	            -1014
  416.4000	             -752
  416.6000	            -1038
  416.8000	            -1016
  417.0000	            -1024
  417.2000	            -1045
  417.4000	             -999
  417.6000	            -1023
  417.8000	             -962
  418.0000	             -883
  418.2000	             -868
  418.4000	             -958
  418.6000	             -922
  418.8000	             -937
  419.0000	              447
  419.2000	             -909
  419.4000	             -944
  419.6000	             -828
  419.8000	             1429
  420.0000	             2229
  420.2000	            -1051
  420.4000	            -1053
  420.6000	            -1026
  420.8000	            -1067
  421.0000	             -979
  421.2000	            -1073
  421.4000	            -1091
  421.6000	             -975
  421.8000	            -1004
  422.0000	            -1073
  422.2000	             -963
  422.4000	            -1018
  422.6000	             -982
  422.8000	             -928
  423.0000	             -992
  423.2000	            -1007
  423.4000	            -1055
  423.6000	             -846
  423.8000	            -1004
  424.0000	             -960
  424.2000	             -979
  424.4000	             -906
  424.6000	             -945
  424.8000	             -947
  425.0000	             -762
  425.2000	             -915
  425.4000	             -922
  425.6000	             -840
  425.8000	             1918
  426.0000	             -829
  426.2000	             -857
  426.4000	             -757
  426.6000	             -375
  426.8000	             -533
  427.0000	             -954
  427.2000	             -707
  427.4000	            -1042
  427.6000	             -375
  427.8000	            -1079
  428.0000	            -1106
  428.2000	            -1015
  428.4000	            -1053
  428.6000	             -998
  428.8000	            -1016
  429.0000	            -1039
  429.2000	            -1030
  429.4000	            -1067
  429.6000	            -1035
  429.8000	             -835
  430.0000	             -863
  430.2000	            -1073
  430.4000	            -1042
  430.6000	             -940
  430.8000	             -934
  431.0000	            -1013
  431.2000	             -982
  431.4000	             -939
  431.6000	             -972
  431.8000	             -910
  432.0000	             -970
  432.2000	             -962
  432.4000	             -920
  432.6000	             -934
  432.8000	             -956
  433.0000	             -696
  433.2000	              142
  433.4000	             -473
  433.6000	             -887
  433.8000	             -876
  434.0000	             -776
  434.2000	             -628
  434.4000	             -590
  434.6000	             -903
  434.8000	            -1056
  435.0000	            -1072
  435.2000	            -1056
  435.4000	            -1052
  435.6000	            -1052
  435.8000	            -1113
  436.0000	            -1071
  436.2000	            -1076
  436.4000	            -1098
  436.6000	            -1050
  436.8000	            -1090
  437.0000	             -806
  437.2000	            -1059
  437.4000	            -1053
  437.6000	            -1081
  437.8000	             -919
  438.0000	            -1059
  438.2000	            -1099
  438.4000	            -1039
  438.6000	            -1089
  438.8000	            -1092
  439.0000	            -1069
  439.2000	            -1092
  439.4000	            -1100
  439.6000	            -1043
  439.8000	            -1073
  440.0000	             -889
  440.2000	            -1042
  440.4000	            -1053
  440.6000	            -1051
  440.8000	            -1046
  441.0000	            -1077
  441.2000	            -1041
  441.4000	            -1015
  441.6000	            -1072
  441.8000	            -1045
  442.0000	            -1091
  442.2000	            -1099
  442.4000	             -900
  442.6000	            -1048
  442.8000	            -1085
  443.0000	            -1021
  443.2000	            -1064
  443.4000	            -1051
  443.6000	            -1112
  443.8000	            -1052
  444.0000	            -1051
  444.2000	            -1090
  444.4000	            -1119
  444.6000	            -1074
  444.8000	            -1015
  445.0000	            -1064
  445.2000	            -1056
  445.4000	            -1076
  445.6000	            -1042
  445.8000	            -1089
  446.0000	            -1056
  446.2000	            -1076
  446.4000	            -1057
  446.6000	            -1067
  446.8000	            -1059
  447.0000	            -1039
  447.2000	            -1091
  447.4000	             -953
  447.6000	            -1030
  447.8000	            -1066
  448.0000	             -815
  448.2000	             -976
  448.4000	            -1039
  448.6000	            -1015
  448.8000	             -942
  449.0000	            -1050
  449.2000	            -1128
  449.4000	            -1081
  449.6000	            -1099
  449.8000	            -1092
  450.0000	            -1098
  450.2000	            -1090
  450.4000	            -1089
  450.6000	            -1073
  450.8000	            -1056
  451.0000	              110
  451.2000	            -1116
  451.4000	            -1051
  451.6000	            -1067
  451.8000	            -1092
  452.0000	            -1089
  452.2000	            -1064
  452.4000	            -1039
  452.6000	            -1067
  452.8000	            -1091
  453.0000	            -1073
  453.2000	            -1089
  453.4000	            -1056
  453.6000	            -1073
  453.8000	            -1106
  454.0000	            -1082
  454.2000	            -1051
  454.4000	             -171
  454.6000	            -1071
  454.8000	            -1047
  455.0000	            -1051
  455.2000	            -1086
  455.4000	            -1070
  455.6000	            -1062
  455.8000	            -1033
  456.0000	            -1039
  456.2000	            -1050
  456.4000	            -1039
  456.6000	            -1033
  456.8000	            -1034
  457.0000	            -1036
  457.2000	             -936
  457.4000	            -1066
  457.6000	            -1103
  457.8000	             -710
  458.0000	            -1086
  458.2000	            -1116
  458.4000	            -1051
  458.6000	            -1077
  458.8000	             -970
  459.0000	            -1091
  459.2000	            -1063
  459.4000	            -1070
  459.6000	            -1042
  459.8000	             -999
  460.0000	            -1053
  460.2000	            -1077
  460.4000	            -1067
  460.6000	            -1115
  460.8000	             -716
  461.0000	            -1093
  461.2000	            -1110
  461.4000	            -1045
  461.6000	            -1099
  461.8000	            -1058
  462.0000	            -1086
  462.2000	            -1081
  462.4000	            -1052
  462.6000	            -1089
  462.8000	             -975
  463.0000	            -1086
  463.2000	            -1055
  463.4000	            -1066
  463.6000	            -1025
  463.8000	            -1096
  464.0000	            -1039
  464.2000	            -1050
  464.4000	            -1077
  464.6000	            -1030
  464.8000	            -1077
  465.0000	            -1065
  465.2000	            -1070
  465.4000	            -1077
  465.6000	            -1003
  465.8000	             -910
  466.0000	            -1087
  466.2000	            -1080
  466.4000	            -1012
  466.6000	            -1033
  466.8000	            -1071
  467.0000	            -1090
  467.2000	            -1085
  467.4000	            -1111
  467.6000	            -1095
  467.8000	            -1090
  468.0000	            -1060
  468.2000	            -1104
  468.4000	            -1131
  468.6000	            -1104
  468.8000	            -1101
  469.0000	            -1101
  469.2000	            -1103
  469.4000	            -1101
  469.6000	            -1122
  469.8000	            -1096
  470.0000	            -1089
  470.2000	             -966
  470.4000	            -1116
  470.6000	            -1085
  470.8000	            -1061
  471.0000	            -1093
  471.2000	            -1067
  471.4000	            -1087
  471.6000	            -1056
  471.8000	            -1112
  472.0000	            -1071
  472.2000	            -1077
  472.4000	            -1108
  472.6000	             -652
  472.8000	            -1098
  473.0000	            -1075
  473.2000	            -1059
  473.4000	            -1052
  473.6000	            -1045
  473.8000	            -1103
  474.0000	            -1114
  474.2000	            -1107
  474.4000	            -1098
  474.6000	            -1092
  474.8000	            -1046
  475.0000	            -1092
  475.2000	            -1033
  475.4000	            -1107
  475.6000	            -1101
  475.8000	            -1086
  476.0000	            -1117
  476.2000	            -1111
  476.4000	             -158
  476.6000	            -1072
  476.8000	             -982
  477.0000	            -1106
  477.2000	            -1104
  477.4000	            -1106
  477.6000	            -1076
  477.8000	            -1048
  478.0000	            -1117
  478.2000	            -1101
  478.4000	            -1089
  478.6000	            -1112
  478.8000	            -1111
  479.0000	            -1110
  479.2000	            -1087
  479.4000	            -1093
  479.6000	            -1107
  479.8000	            -1086
  480.0000	            -1113
  480.2000	            -1077
  480.4000	            -1028
  480.6000	            -1042
  480.8000	            -1071
  481.0000	            -1070
  481.2000	            -1071
  481.4000	            -1076
  481.6000	            -1122
  481.8000	            -1108
  482.0000	            -1107
  482.2000	            -1093
  482.4000	            -1092
  482.6000	            -1092
  482.8000	            -1099
  483.0000	            -1132
  483.2000	            -1078
  483.4000	            -1117
  483.6000	            -1090
  483.8000	            -1095
  484.0000	            -1131
  484.2000	            -1067
  484.4000	            -1091
  484.6000	            -1038
  484.8000	            -1093
  485.0000	            -1113
  485.2000	            -1098
  485.4000	            -1129
  485.6000	            -1059
  485.8000	            -1079
  486.0000	             -827
  486.2000	            -1036
  486.4000	            -1087
  486.6000	            -1093
  486.8000	            -1077
  487.0000	            -1071
  487.2000	            -1077
  487.4000	            -1059
  487.6000	            -1086
  487.8000	             -742
  488.0000	            -1086
  488.2000	            -1071
  488.4000	            -1075
  488.6000	            -1038
  488.8000	            -1012
  489.0000	            -1120
  489.2000	            -1067
  489.4000	            -1069
  489.6000	            -1091
  489.8000	            -1109
  490.0000	            -1055
  490.2000	            -1090
  490.4000	            -1089
  490.6000	            -1104
  490.8000	            -1092
  491.0000	            -1103
  491.2000	            -1086
  491.4000	            -1053
  491.6000	            -1073
  491.8000	            -1090
  492.0000	            -1097
  492.2000	            -1045
  492.4000	            -1089
  492.6000	            -1086
  492.8000	            -1078
  493.0000	            -1108
  493.2000	            -1018
  493.4000	            -1057
  493.6000	            -1111
  493.8000	            -1097
  494.0000	            -1086
  494.2000	            -1133
  494.4000	            -1106
  494.6000	            -1096
  494.8000	            -1099
  495.0000	            -1076
  495.2000	            -1117
  495.4000	            -1093
  495.6000	            -1050
  495.8000	            -1093
  496.0000	            -1101
  496.2000	            -1089
  496.4000	             -848
  496.6000	            -1092
  496.8000	            -1126
  497.0000	            -1091
  497.2000	            -1072
  497.4000	            -1106
  497.6000	            -1110
  497.8000	            -1055
  498.0000	            -1108
  498.2000	            -1096
  498.4000	            -1094
  498.6000	            -1059
  498.8000	            -1110
  499.0000	            -1093
  499.2000	            -1106
  499.4000	            -1086
  499.6000	            -1086
  499.8000	            -1067
  500.0000	            -1067
