  200.0000	            -1124
  200.2000	            -1156
  200.4000	            -1096
  200.6000	            -1126
  200.8000	            -1118
  201.0000	            -1156
  201.2000	            -1159
  201.4000	            -1138
  201.6000	            -1098
  201.8000	            -1129
  202.0000	            -1169
  202.2000	            -1161
  202.4000	            -1116
  202.6000	            -1154
  202.8000	            -1134
  203.0000	            -1127
  203.2000	            -1104
  203.4000	            -1105
  203.6000	            -1156
  203.8000	            -1156
  204.0000	            -1123
  204.2000	            -1115
  204.4000	            -1115
  204.6000	            -1104
  204.8000	            -1138
  205.0000	            -1181
  205.2000	            -1114
  205.4000	            -1165
  205.6000	            -1168
  205.8000	            -1097
  206.0000	            -1095
  206.2000	            -1093
  206.4000	            -1090
  206.6000	            -1114
  206.8000	            -1163
  207.0000	            -1110
  207.2000	            -1160
  207.4000	            -1113
  207.6000	            -1078
  207.8000	            -1129
  208.0000	            -1164
  208.2000	            -1105
  208.4000	            -1114
  208.6000	            -1119
  208.8000	            -1090
  209.0000	            -1168
  209.2000	            -1088
  209.4000	            -1112
  209.6000	            -1122
  209.8000	            -1137
  210.0000	            -1155
  210.2000	            -1117
  210.4000	            -1118
  210.6000	            -1128
  210.8000	            -1110
  211.0000	            -1107
  211.2000	            -1102
  211.4000	            -1118
  211.6000	            -1129
  211.8000	            -1142
  212.0000	            -1127
  212.2000	            -1159
  212.4000	            -1137
  212.6000	            -1114
  212.8000	            -1106
  213.0000	            -1120
  213.2000	            -1156
  213.4000	            -1138
  213.6000	            -1119
  213.8000	            -1156
  214.0000	            -1133
  214.2000	            -1161
  214.4000	            -1159
  214.6000	            -1120
  214.8000	            -1121
  215.0000	            -1118
  215.2000	            -1107
  215.4000	            -1116
  215.6000	            -1131
  215.8000	            -1114
  216.0000	            -1161
  216.2000	            -1142
  216.4000	            -1156
  216.6000	            -1143
  216.8000	            -1137
  217.0000	            -1117
  217.2000	            -1119
  217.4000	            -1105
  217.6000	            -1159
  217.8000	            -1126
  218.0000	            -1119
  218.2000	            -1156
  218.4000	            -1143
  218.6000	            -1139
  218.8000	            -1107
  219.0000	            -1095
  219.2000	            -1104
  219.4000	            -1154
  219.6000	            -1105
  219.8000	            -1104
  220.0000	            -1127
  220.2000	            -1104
  220.4000	            -1088
  220.6000	            -1142
  220.8000	            -1118
  221.0000	            -1138
  221.2000	            -1159
  221.4000	            -1118
  221.6000	            -1149
  221.8000	            -1156
  222.0000	            -1161
  222.2000	            -1161
  222.4000	            -1086
  222.6000	            -1153
  222.8000	            -1120
  223.0000	            -1146
  223.2000	            -1143
  223.4000	            -1152
  223.6000	            -1149
  223.8000	            -1115
  224.0000	            -1166
  224.2000	            -1168
  224.4000	            -1093
  224.6000	            -1159
  224.8000	            -1175
  225.0000	            -1096
  225.2000	            -1130
  225.4000	            -1164
  225.6000	            -1082
  225.8000	            -1110
  226.0000	            -1115
  226.2000	            -1114
  226.4000	            -1107
  226.6000	            -1164
  226.8000	            -1117
  227.0000	            -1139
  227.2000	            -1162
  227.4000	            -1126
  227.6000	            -1159
  227.8000	            -1136
  228.0000	            -1104
  228.2000	            -1107
  228.4000	            -1123
  228.6000	            -1107
  228.8000	            -1118
  229.0000	            -1168
  229.2000	            -1118
  229.4000	            -1118
  229.6000	            -1137
  229.8000	            -1175
  230.0000	            -1115
  230.2000	            -1174
  230.4000	            -1165
  230.6000	            -1143
  230.8000	            -1167
  231.0000	            -1106
  231.2000	            -1091
  231.4000	            -1154
  231.6000	            -1142
  231.8000	            -1109
  232.0000	            -1101
  232.2000	            -1105
  232.4000	            -1175
  232.6000	            -1101
  232.8000	            -1122
  233.0000	            -1117
  233.2000	            -1143
  233.4000	            -1114
  233.6000	            -1121
  233.8000	            -1154
  234.0000	            -1116
  234.2000	            -1110
  234.4000	            -1095
  234.6000	            -1127
  234.8000	            -1112
  235.0000	            -1124
  235.2000	            -1110
  235.4000	            -1138
  235.6000	            -1104
  235.8000	            -1186
  236.0000	            -1106
  236.2000	            -1106
  236.4000	            -1130
  236.6000	            -1131
  236.8000	            -1113
  237.0000	            -1135
  237.2000	            -1161
  237.4000	            -1115
  237.6000	            -1143
  237.8000	            -1164
  238.0000	            -1175
  238.2000	            -1100
  238.4000	            -1155
  238.6000	            -1139
  238.8000	            -1171
  239.0000	            -1133
  239.2000	            -1143
  239.4000	            -1117
  239.6000	            -1093
  239.8000	            -1099
  240.0000	            -1118
  240.2000	            -1166
  240.4000	            -1140
  240.6000	            -1119
  240.8000	            -1127
  241.0000	            -1157
  241.2000	            -1110
  241.4000	            -1160
  241.6000	            -1115
  241.8000	            -1155
  242.0000	            -1116
  242.2000	            -1104
  242.4000	            -1161
  242.6000	            -1155
  242.8000	            -1143
  243.0000	            -1139
  243.2000	            -1115
  243.4000	            -1115
  243.6000	            -1168
  243.8000	            -1145
  244.0000	            -1112
  244.2000	            -1123
  244.4000	            -1114
  244.6000	            -1123
  244.8000	            -1090
  245.0000	            -1160
  245.2000	            -1174
  245.4000	            -1090
  245.6000	            -1119
  245.8000	            -1141
  246.0000	            -1097
  246.2000	            -1143
  246.4000	            -1165
  246.6000	            -1145
  246.8000	            -1121
  247.0000	            -1100
  247.2000	            -1143
  247.4000	            -1179
  247.6000	            -1114
  247.8000	            -1084
  248.0000	            -1175
  248.2000	            -1120
  248.4000	            -1118
  248.6000	            -1143
  248.8000	            -1129
  249.0000	            -1107
  249.2000	            -1143
  249.4000	            -1119
  249.6000	            -1115
  249.8000	            -1101
  250.0000	            -1113
  250.2000	            -1117
  250.4000	            -1155
  250.6000	            -1144
  250.8000	            -1080
  251.0000	            -1117
  251.2000	            -1113
  251.4000	            -1110
  251.6000	            -1113
  251.8000	            -1067
  252.0000	            -1116
  252.2000	            -1156
  252.4000	            -1088
  252.6000	            -1116
  252.8000	            -1093
  253.0000	            -1165
  253.2000	            -1162
  253.4000	            -1144
  253.6000	            -1117
  253.8000	            -1152
  254.0000	            -1134
  254.2000	            -1149
  254.4000	            -1159
  254.6000	            -1156
  254.8000	            -1161
  255.0000	            -1139
  255.2000	            -1118
  255.4000	            -1145
  255.6000	            -1116
  255.8000	            -1120
  256.0000	            -1095
  256.2000	            -1119
  256.4000	            -1166
  256.6000	            -1170
  256.8000	            -1154
  257.0000	            -1107
  257.2000	            -1100
  257.4000	            -1085
  257.6000	            -1099
  257.8000	            -1105
  258.0000	            -1111
  258.2000	            -1122
  258.4000	            -1143
  258.6000	            -1139
  258.8000	            -1165
  259.0000	            -1095
  259.2000	            -1127
  259.4000	            -1122
  259.6000	            -1126
  259.8000	            -1106
  260.0000	            -1132
  260.2000	            -1116
  260.4000	            -1105
  260.6000	            -1117
  260.8000	            -1067
  261.0000	            -1096
  261.2000	            -1090
  261.4000	            -1120
  261.6000	            -1164
  261.8000	            -1128
  262.0000	            -1110
  262.2000	            -1115
  262.4000	            -1121
  262.6000	            -1082
  262.8000	            -1163
  263.0000	            -1130
  263.2000	            -1190
  263.4000	            -1127
  263.6000	            -1095
  263.8000	            -1116
  264.0000	            -1162
  264.2000	            -1114
  264.4000	            -1110
  264.6000	            -1142
  264.8000	            -1142
  265.0000	            -1162
  265.2000	            -1141
  265.4000	            -1131
  265.6000	            -1143
  265.8000	            -1152
  266.0000	            -1106
  266.2000	            -1107
  266.4000	            -1143
  266.6000	            -1124
  266.8000	            -1142
  267.0000	            -1135
  267.2000	            -1115
  267.4000	            -1112
  267.6000	            -1159
  267.8000	            -1130
  268.0000	            -1161
  268.2000	            -1108
  268.4000	            -1154
  268.6000	            -1143
  268.8000	            -1144
  269.0000	            -1116
  269.2000	            -1143
  269.4000	            -1175
  269.6000	            -1126
  269.8000	            -1114
  270.0000	            -1161
  270.2000	            -1143
  270.4000	            -1152
  270.6000	            -1134
  270.8000	            -1154
  271.0000	            -1127
  271.2000	            -1125
  271.4000	            -1098
  271.6000	            -1092
  271.8000	            -1161
  272.0000	            -1156
  272.2000	            -1112
  272.4000	            -1116
  272.6000	            -1084
  272.8000	            -1143
  273.0000	            -1118
  273.2000	            -1117
  273.4000	            -1129
  273.6000	            -1116
  273.8000	            -1143
  274.0000	            -1117
  274.2000	            -1117
  274.4000	            -1143
  274.6000	            -1093
  274.8000	            -1134
  275.0000	            -1110
  275.2000	            -1117
  275.4000	            -1168
  275.6000	            -1115
  275.8000	            -1118
  276.0000	            -1112
  276.2000	            -1093
  276.4000	            -1088
  276.6000	            -1121
  276.8000	            -1097
  277.0000	            -1089
  277.2000	            -1118
  277.4000	            -1136
  277.6000	            -1169
  277.8000	            -1172
  278.0000	            -1162
  278.2000	            -1126
  278.4000	            -1118
  278.6000	            -1144
  278.8000	            -1139
  279.0000	            -1142
  279.2000	            -1149
  279.4000	            -1156
  279.6000	            -1116
  279.8000	            -1156
  280.0000	            -1156
  280.2000	            -1156
  280.4000	            -1130
  280.6000	            -1114
  280.8000	            -1144
  281.0000	            -1108
  281.2000	            -1130
  281.4000	            -1159
  281.6000	            -1133
  281.8000	            -1169
  282.0000	            -1127
  282.2000	            -1140
  282.4000	            -1143
  282.6000	            -1101
  282.8000	            -1115
  283.0000	            -1129
  283.2000	            -1091
  283.4000	            -1130
  283.6000	            -1139
  283.8000	            -1130
  284.0000	            -1156
  284.2000	            -1130
  284.4000	            -1093
  284.6000	            -1083
  284.8000	            -1110
  285.0000	            -1097
  285.2000	            -1110
  285.4000	            -1098
  285.6000	            -1104
  285.8000	            -1135
  286.0000	            -1097
  286.2000	            -1142
  286.4000	            -1168
  286.6000	            -1139
  286.8000	            -1113
  287.0000	            -1115
  287.2000	            -1115
  287.4000	            -1129
  287.6000	            -1091
  287.8000	            -1107
  288.0000	            -1107
  288.2000	            -1156
  288.4000	            -1137
  288.6000	            -1113
  288.8000	            -1134
  289.0000	            -1090
  289.2000	            -1077
  289.4000	            -1099
  289.6000	            -1081
  289.8000	            -1125
  290.0000	            -1089
  290.2000	            -1098
  290.4000	            -1086
  290.6000	            -1115
  290.8000	            -1110
  291.0000	            -1113
  291.2000	            -1098
  291.4000	            -1067
  291.6000	            -1089
  291.8000	            -1067
  292.0000	            -1045
  292.2000	            -1045
  292.4000	            -1075
  292.6000	            -1102
  292.8000	            -1087
  293.0000	            -1094
  293.2000	            -1037
  293.4000	            -1004
  293.6000	             -985
  293.8000	             -962
  294.0000	             -970
  294.2000	             -842
  294.4000	             -966
  294.6000	             -898
  294.8000	             -876
  295.0000	             -884
  295.2000	             -663
  295.4000	             -872
  295.6000	             -817
  295.8000	             -835
  296.0000	             -553
  296.2000	             -667
  296.4000	             -894
  296.6000	             -811
  296.8000	             -758
  297.0000	             -581
  297.2000	             -495
  297.4000	             -475
  297.6000	             1000
  297.8000	             -953
  298.0000	             -965
  298.2000	             -934
  298.4000	             -961
  298.6000	             -951
  298.8000	             -899
  299.0000	             -878
  299.2000	             -823
  299.4000	             -684
  299.6000	             -695
  299.8000	             -830
  300.0000	             -895
  300.2000	             -848
  300.4000	             -793
  300.6000	             -711
  300.8000	             -860
  301.0000	            -1071
  301.2000	            -1074
  301.4000	            -1069
  301.6000	             -993
  301.8000	            -1064
  302.0000	             -966
  302.2000	             -979
  302.4000	             -937
  302.6000	             -889
  302.8000	             -866
  303.0000	             -857
  303.2000	             -820
  303.4000	             -881
  303.6000	             -691
  303.8000	             -778
  304.0000	             -749
  304.2000	             -626
  304.4000	             -563
  304.6000	             -700
  304.8000	             -745
  305.0000	             -763
  305.2000	             -683
  305.4000	             -712
  305.6000	             -826
  305.8000	             -763
  306.0000	             -732
  306.2000	             -640
  306.4000	              288
  306.6000	              103
  306.8000	              776
  307.0000	              524
  307.2000	              264
  307.4000	               -3
  307.6000	             -246
  307.8000	             1287
  308.0000	             1519
  308.2000	             1043
  308.4000	              854
  308.6000	             1879
  308.8000	              221
  309.0000	             6714
  309.2000	             3011
  309.4000	             2070
  309.6000	             3884
  309.8000	             1563
  310.0000	             1650
  310.2000	             3146
  310.4000	              915
  310.6000	             3704
  310.8000	             2122
  311.0000	             3025
  311.2000	             5820
  311.4000	             5671
  311.6000	             7937
  311.8000	             3673
  312.0000	             4850
  312.2000	             6042
  312.4000	             7799
  312.6000	             9963
  312.8000	            13732
  313.0000	            15984
  313.2000	            14689
  313.4000	            37782
  313.6000	            11223
  313.8000	            10091
  314.0000	            12040
  314.2000	            14466
  314.4000	            18261
  314.6000	            22360
  314.8000	            27674
  315.0000	            34066
  315.2000	            39391
  315.4000	            44201
  315.6000	            53307
  315.8000	           165881
  316.0000	             1325
  316.2000	              365
  316.4000	              451
  316.6000	              268
  316.8000	              468
  317.0000	             -221
  317.2000	             -565
  317.4000	              134
  317.6000	             -592
  317.8000	             -582
  318.0000	             -308
  318.2000	             -190
  318.4000	             -506
  318.6000	              -77
  318.8000	             -273
  319.0000	             -626
  319.2000	             -497
  319.4000	             -227
  319.6000	             -656
  319.8000	              408
  320.0000	              456
  320.2000	               80
  320.4000	              -67
  320.6000	              222
  320.8000	              425
  321.0000	              413
  321.2000	              151
  321.4000	              -35
  321.6000	             -131
  321.8000	              -90
  322.0000	              108
  322.2000	             -163
  322.4000	             -397
  322.6000	             -496
  322.8000	             -576
  323.0000	             -425
  323.2000	             -405
  323.4000	             -316
  323.6000	             -600
  323.8000	             -530
  324.0000	               99
  324.2000	             -245
  324.4000	             -304
  324.6000	             -121
  324.8000	              -98
  325.0000	              -57
  325.2000	              516
  325.4000	              501
  325.6000	              491
  325.8000	              862
  326.0000	              864
  326.2000	              784
  326.4000	             1047
  326.6000	             2543
  326.8000	              452
  327.0000	              908
  327.2000	             2036
  327.4000	              848
  327.6000	              949
  327.8000	             3006
  328.0000	             3501
  328.2000	             2213
  328.4000	             5281
  328.6000	             1875
  328.8000	             3232
  329.0000	             2581
  329.2000	             1023
  329.4000	              898
  329.6000	             4891
  329.8000	             7299
  330.0000	             8848
  330.2000	             6156
  330.4000	             4070
  330.6000	             3266
  330.8000	             9322
  331.0000	             7618
  331.2000	            10207
  331.4000	            14605
  331.6000	            16898
  331.8000	            20391
  332.0000	            21097
  332.2000	            25113
  332.4000	            25449
  332.6000	            28673
  332.8000	            27495
  333.0000	            29884
  333.2000	            27017
  333.4000	            28944
  333.6000	            43613
  333.8000	            55926
  334.0000	            53994
  334.2000	            51717
  334.4000	            62362
  334.6000	            75350
  334.8000	            81705
  335.0000	            94865
  335.2000	           105513
  335.4000	           123469
  335.6000	           144545
  335.8000	           176836
  336.0000	           202493
  336.2000	           222400
  336.4000	           252202
  336.6000	           277573
  336.8000	           333899
  337.0000	           944191
  337.2000	             6495
  337.4000	              842
  337.6000	             2981
  337.8000	             1489
  338.0000	              992
  338.2000	              694
  338.4000	              902
  338.6000	             1508
  338.8000	             1962
  339.0000	              647
  339.2000	              863
  339.4000	              540
  339.6000	              439
  339.8000	              457
  340.0000	              114
  340.2000	              194
  340.4000	             -268
  340.6000	              110
  340.8000	               83
  341.0000	               52
  341.2000	             -114
  341.4000	             -470
  341.6000	              -54
  341.8000	             -395
  342.0000	             -227
  342.2000	             -194
  342.4000	             -270
  342.6000	             -239
  342.8000	             -159
  343.0000	             -137
  343.2000	             -237
  343.4000	              -15
  343.6000	             -253
  343.8000	              236
  344.0000	              224
  344.2000	              200
  344.4000	              336
  344.6000	               92
  344.8000	              277
  345.0000	              -49
  345.2000	              300
  345.4000	              223
  345.6000	              142
  345.8000	              995
  346.0000	              647
  346.2000	             1323
  346.4000	              745
  346.6000	             2032
  346.8000	             3995
  347.0000	             1182
  347.2000	             1336
  347.4000	             3837
  347.6000	             3675
  347.8000	             5822
  348.0000	             7349
  348.2000	             2344
  348.4000	             6586
  348.6000	             8039
  348.8000	             4208
  349.0000	            10143
  349.2000	            14415
  349.4000	             8066
  349.6000	            10129
  349.8000	            24079
  350.0000	            17751
  350.2000	             6703
  350.4000	            14582
  350.6000	            23316
  350.8000	            22500
  351.0000	            15143
  351.2000	            18393
  351.4000	            33332
  351.6000	            36994
  351.8000	            38167
  352.0000	            34622
  352.2000	            37800
  352.4000	            46332
  352.6000	            58687
  352.8000	            70754
  353.0000	            78411
  353.2000	            91239
  353.4000	           116900
  353.6000	           166003
  353.8000	            46621
  354.0000	            53187
  354.2000	            52680
  354.4000	            57937
  354.6000	            58124
  354.8000	            62297
  355.0000	            76104
  355.2000	            84609
  355.4000	            93356
  355.6000	           108209
  355.8000	           117050
  356.0000	           139002
  356.2000	           157283
  356.4000	           178213
  356.6000	           201521
  356.8000	           226647
  357.0000	           248666
  357.2000	           281586
  357.4000	           364063
  357.6000	           745178
  357.8000	             4525
  358.0000	             2616
  358.2000	             6083
  358.4000	              869
  358.6000	              575
  358.8000	             4104
  359.0000	              477
  359.2000	              323
  359.4000	              285
  359.6000	              173
  359.8000	             -211
  360.0000	             -275
  360.2000	             -213
  360.4000	             -176
  360.6000	              712
  360.8000	             -308
  361.0000	             -177
  361.2000	              142
  361.4000	             -109
  361.6000	             -439
  361.8000	             -202
  362.0000	             -239
  362.2000	              -37
  362.4000	             -255
  362.6000	              -97
  362.8000	              -95
  363.0000	              302
  363.2000	              227
  363.4000	              449
  363.6000	              515
  363.8000	              846
  364.0000	             1160
  364.2000	              761
  364.4000	              968
  364.6000	              965
  364.8000	              856
  365.0000	              988
  365.2000	              667
  365.4000	             2201
  365.6000	             1432
  365.8000	             2475
  366.0000	             2484
  366.2000	             2887
  366.4000	             3980
  366.6000	             4087
  366.8000	             4764
  367.0000	            11754
  367.2000	             2374
  367.4000	             5574
  367.6000	             3485
  367.8000	             4464
  368.0000	             5497
  368.2000	             7416
  368.4000	             3306
  368.6000	             7102
  368.8000	             7333
  369.0000	             4377
  369.2000	             7675
  369.4000	            11351
  369.6000	            17101
  369.8000	            12371
  370.0000	            16667
  370.2000	            15754
  370.4000	            24708
  370.6000	            22049
  370.8000	            42852
  371.0000	            24209
  371.2000	             2937
  371.4000	             8776
  371.6000	            11200
  371.8000	            10916
  372.0000	            18994
  372.2000	            14299
  372.4000	            14184
  372.6000	            24046
  372.8000	            17962
  373.0000	            19098
  373.2000	            32609
  373.4000	            26413
  373.6000	            29786
  373.8000	            43419
  374.0000	            42839
  374.2000	            38645
  374.4000	            53796
  374.6000	            70365
  374.8000	            62582
  375.0000	            60909
  375.2000	            92941
  375.4000	           177097
  375.6000	            27649
  375.8000	            16882
  376.0000	             8772
  376.2000	            10693
  376.4000	            18111
  376.6000	            28321
  376.8000	            32529
  377.0000	            39425
  377.2000	            39441
  377.4000	            44958
  377.6000	            43044
  377.8000	            46346
  378.0000	            46715
  378.2000	            50195
  378.4000	            60318
  378.6000	            67766
  378.8000	            76289
  379.0000	            85138
  379.2000	            94748
  379.4000	           103285
  379.6000	           115884
  379.8000	           127266
  380.0000	           139420
  380.2000	           223510
  380.4000	           207649
  380.6000	             1961
  380.8000	             1051
  381.0000	              472
  381.2000	              344
  381.4000	                0
  381.6000	             -278
  381.8000	                2
  382.0000	              228
  382.2000	             -293
  382.4000	              176
  382.6000	              798
  382.8000	              -68
  383.0000	             -376
  383.2000	               82
  383.4000	             1223
  383.6000	              144
  383.8000	             -245
  384.0000	              291
  384.2000	              545
  384.4000	              999
  384.6000	              961
  384.8000	              361
  385.0000	             3268
  385.2000	             1038
  385.4000	             2195
  385.6000	             2887
  385.8000	              646
  386.0000	             2254
  386.2000	              905
  386.4000	             1709
  386.6000	             1478
  386.8000	             3647
  387.0000	             2293
  387.2000	             3002
  387.4000	             2729
  387.6000	             5132
  387.8000	             4175
  388.0000	             6274
  388.2000	             7147
  388.4000	             6965
  388.6000	             7825
  388.8000	             6666
  389.0000	            10096
  389.2000	            18565
  389.4000	             9660
  389.6000	             6943
  389.8000	            10857
  390.0000	            14357
  390.2000	            13502
  390.4000	            13855
  390.6000	            11527
  390.8000	            10620
  391.0000	            12874
  391.2000	            48546
  391.4000	            25743
  391.6000	             2705
  391.8000	             3034
  392.0000	             3676
  392.2000	             5121
  392.4000	             8458
  392.6000	             6484
  392.8000	            11728
  393.0000	             9463
  393.2000	             9475
  393.4000	            13319
  393.6000	             8633
  393.8000	            12293
  394.0000	            29711
  394.2000	            17702
  394.4000	              617
  394.6000	             3612
  394.8000	             6832
  395.0000	             3970
  395.2000	             1071
  395.4000	             4006
  395.6000	             6924
  395.8000	             8096
  396.0000	             6392
  396.2000	             4750
  396.4000	             5589
  396.6000	             4662
  396.8000	             9491
  397.0000	             7391
  397.2000	            12466
  397.4000	            10424
  397.6000	            14176
  397.8000	            15375
  398.0000	            15517
  398.2000	            21514
  398.4000	            18233
  398.6000	            24962
  398.8000	            24033
  399.0000	            25782
  399.2000	            33801
  399.4000	            32818
  399.6000	            74752
  399.8000	            16171
  400.0000	              361
  400.2000	             4143
  400.4000	             9344
  400.6000	             1784
  400.8000	             2337
  401.0000	             9986
  401.2000	             9073
  401.4000	             2438
  401.6000	             3557
  401.8000	            11025
  402.0000	            13890
  402.2000	            11048
  402.4000	             8124
  402.6000	             6976
  402.8000	             8643
  403.0000	            10968
  403.2000	            12837
  403.4000	            15251
  403.6000	            16683
  403.8000	            18677
  404.0000	            21612
  404.2000	            27375
  404.4000	            28393
  404.6000	            28950
  404.8000	            30925
  405.0000	            34211
  405.2000	            42000
  405.4000	            41331
  405.6000	            55282
  405.8000	            97796
  406.0000	                0
  406.2000	             -179
  406.4000	             -555
  406.6000	             -388
  406.8000	             -602
  407.0000	             -188
  407.2000	             4829
  407.4000	             -562
  407.6000	              932
  407.8000	              -47
  408.0000	             2248
  408.2000	              379
  408.4000	             -292
  408.6000	               54
  408.8000	              -67
  409.0000	              210
  409.2000	              955
  409.4000	              425
  409.6000	             -198
  409.8000	             -271
  410.0000	             -397
  410.2000	              203
  410.4000	              827
  410.6000	             -120
  410.8000	             -351
  411.0000	              236
  411.2000	              -42
  411.4000	              414
  411.6000	             -158
  411.8000	              582
  412.0000	              475
  412.2000	              806
  412.4000	              783
  412.6000	             1057
  412.8000	             2043
  413.0000	             3537
  413.2000	             3309
  413.4000	             1032
  413.6000	             2058
  413.8000	             4290
  414.0000	             5329
  414.2000	              496
  414.4000	              367
  414.6000	             -436
  414.8000	             1214
  415.0000	              141
  415.2000	               80
  415.4000	              674
  415.6000	             1392
  415.8000	             8746
  416.0000	              355
  416.2000	             1404
  416.4000	             1283
  416.6000	             1868
  416.8000	              549
  417.0000	             1312
  417.2000	              313
  417.4000	             1944
  417.6000	             2265
  417.8000	             3527
  418.0000	             3316
  418.2000	             4941
  418.4000	             3704
  418.6000	             5157
  418.8000	             4853
  419.0000	             9212
  419.2000	             4845
  419.4000	             5370
  419.6000	             8654
  419.8000	            21272
  420.0000	            20681
  420.2000	              656
  420.4000	              989
  420.6000	             1144
  420.8000	              465
  421.0000	             2633
  421.2000	              891
  421.4000	             1101
  421.6000	             4099
  421.8000	             1932
  422.0000	             1648
  422.2000	             5680
  422.4000	             1934
  422.6000	             4675
  422.8000	             4723
  423.0000	             4167
  423.2000	             3192
  423.4000	             4635
  423.6000	            10187
  423.8000	             4736
  424.0000	             7323
  424.2000	             5650
  424.4000	             8760
  424.6000	             6628
  424.8000	            10054
  425.0000	             8309
  425.2000	            10249
  425.4000	             8670
  425.6000	            10887
  425.8000	            25172
  426.0000	            13929
  426.2000	            13212
  426.4000	            18157
  426.6000	            24622
  426.8000	            27564
  427.0000	             3846
  427.2000	             5629
  427.4000	             7058
  427.6000	            45412
  427.8000	             3713
  428.0000	             -510
  428.2000	             3048
  428.4000	             -608
  428.6000	             1418
  428.8000	             1885
  429.0000	             -205
  429.2000	             2832
  429.4000	             1427
  429.6000	              516
  429.8000	             3895
  430.0000	             3369
  430.2000	              499
  430.4000	             2946
  430.6000	             4383
  430.8000	             4310
  431.0000	             1830
  431.2000	             3313
  431.4000	             4488
  431.6000	             5330
  431.8000	             5129
  432.0000	             5551
  432.2000	             5723
  432.4000	             6313
  432.6000	             6430
  432.8000	             7336
  433.0000	            12900
  433.2000	            11221
  433.4000	            10130
  433.6000	            10642
  433.8000	            10814
  434.0000	            12252
  434.2000	            25999
  434.4000	             5212
  434.6000	             3195
  434.8000	              650
  435.0000	             -245
  435.2000	             -157
  435.4000	                0
  435.6000	             -362
  435.8000	             -895
  436.0000	             -422
  436.2000	             -654
  436.4000	             -890
  436.6000	              595
  436.8000	             -707
  437.0000	             6997
  437.2000	             -604
  437.4000	              967
  437.6000	             -404
  437.8000	             3774
  438.0000	             -408
  438.2000	             -559
  438.4000	             1041
  438.6000	             -551
  438.8000	             -495
  439.0000	             -367
  439.2000	             -387
  439.4000	             -141
  439.6000	             -232
  439.8000	              395
  440.0000	             3450
  440.2000	              128
  440.4000	              211
  440.6000	             -109
  440.8000	              128
  441.0000	              467
  441.2000	             1067
  441.4000	             1678
  441.6000	             -572
  441.8000	             -621
  442.0000	             -657
  442.2000	             -323
  442.4000	             3005
  442.6000	              -10
  442.8000	              123
  443.0000	             1451
  443.2000	              484
  443.4000	             -455
  443.6000	             -300
  443.8000	              968
  444.0000	             -266
  444.2000	             -413
  444.4000	             -475
  444.6000	             -232
  444.8000	             1906
  445.0000	             -470
  445.2000	             -203
  445.4000	              -34
  445.6000	             -699
  445.8000	              -79
  446.0000	              150
  446.2000	               57
  446.4000	              440
  446.6000	              226
  446.8000	              627
  447.0000	              547
  447.2000	              575
  447.4000	             4310
  447.6000	              929
  447.8000	              686
  448.0000	             5786
  448.2000	             2056
  448.4000	             1763
  448.6000	             3589
  448.8000	             3834
  449.0000	              272
  449.2000	             -777
  449.4000	             -400
  449.6000	             -630
  449.8000	             -251
  450.0000	             -701
  450.2000	              273
  450.4000	             -576
  450.6000	             -107
  450.8000	             -708
  451.0000	             4021
  451.2000	             -675
  451.4000	              136
  451.6000	             -829
  451.8000	              176
  452.0000	             -425
  452.2000	             -182
  452.4000	              475
  452.6000	             -699
  452.8000	              182
  453.0000	              677
  453.2000	             -514
  453.4000	              680
  453.6000	              362
  453.8000	             -201
  454.0000	              501
  454.2000	              548
  454.4000	            24366
  454.6000	              876
  454.8000	              610
  455.0000	              980
  455.2000	              740
  455.4000	              955
  455.6000	             1398
  455.8000	             1210
  456.0000	             1789
  456.2000	             1715
  456.4000	             1933
  456.6000	             2367
  456.8000	             2223
  457.0000	             3798
  457.2000	             6139
  457.4000	              114
  457.6000	             -711
  457.8000	             9663
  458.0000	             -518
  458.2000	             -869
  458.4000	             -243
  458.6000	             -829
  458.8000	             2288
  459.0000	              464
  459.2000	               27
  459.4000	             -791
  459.6000	              207
  459.8000	             1674
  460.0000	              159
  460.2000	             -849
  460.4000	              153
  460.6000	             -697
  460.8000	             9906
  461.0000	             -312
  461.2000	             -196
  461.4000	             -253
  461.6000	             -289
  461.8000	              277
  462.0000	             -561
  462.2000	              146
  462.4000	              154
  462.6000	             -442
  462.8000	              524
  463.0000	              357
  463.2000	             -153
  463.4000	              388
  463.6000	             1707
  463.8000	              494
  464.0000	              363
  464.2000	              647
  464.4000	              985
  464.6000	             1011
  464.8000	             1086
  465.0000	             1760
  465.2000	              947
  465.4000	              976
  465.6000	             2759
  465.8000	             4931
  466.0000	             1414
  466.2000	             1814
  466.4000	             3655
  466.6000	             1563
  466.8000	             -682
  467.0000	             -656
  467.2000	             -336
  467.4000	             -758
  467.6000	             -782
  467.8000	             -701
  468.0000	             -769
  468.2000	             -326
  468.4000	             -579
  468.6000	             -308
  468.8000	             -584
  469.0000	             -409
  469.2000	             -158
  469.4000	             -249
  469.6000	               96
  469.8000	               48
  470.0000	              -67
  470.2000	              271
  470.4000	              -15
  470.6000	             1176
  470.8000	             5359
  471.0000	             -590
  471.2000	             -711
  471.4000	             -670
  471.6000	             -584
  471.8000	             -525
  472.0000	              173
  472.2000	             -498
  472.4000	             -915
  472.6000	            10061
  472.8000	             -975
  473.0000	             -676
  473.2000	             -325
  473.4000	               87
  473.6000	             -270
  473.8000	             -894
  474.0000	            -1006
  474.2000	             -841
  474.4000	             -920
  474.6000	             -900
  474.8000	             -802
  475.0000	             -934
  475.2000	             -594
  475.4000	             -881
  475.6000	             -839
  475.8000	             -859
  476.0000	             -915
  476.2000	             -815
  476.4000	            27659
  476.6000	             -735
  476.8000	             -654
  477.0000	             -829
  477.2000	             -921
  477.4000	             -883
  477.6000	             -843
  477.8000	             -859
  478.0000	             -713
  478.2000	             -628
  478.4000	             -787
  478.6000	             -639
  478.8000	             -620
  479.0000	             -635
  479.2000	             -626
  479.4000	             -578
  479.6000	             -513
  479.8000	             -451
  480.0000	             -635
  480.2000	             -308
  480.4000	             1043
  480.6000	              740
  480.8000	             -132
  481.0000	              -76
  481.2000	              549
  481.4000	             -611
  481.6000	             -982
  481.8000	             -876
  482.0000	             -970
  482.2000	             -924
  482.4000	             -766
  482.6000	             -999
  482.8000	             -876
  483.0000	            -1007
  483.2000	             -900
  483.4000	             -846
  483.6000	             -949
  483.8000	             -828
  484.0000	             -980
  484.2000	             -814
  484.4000	            -1008
  484.6000	             1658
  484.8000	             -855
  485.0000	             -921
  485.2000	             -810
  485.4000	             -940
  485.6000	             -793
  485.8000	             -641
  486.0000	              312
  486.2000	             -492
  486.4000	             -557
  486.6000	             -545
  486.8000	             -803
  487.0000	             -730
  487.2000	             -878
  487.4000	             -554
  487.6000	             -697
  487.8000	             7983
  488.0000	             -375
  488.2000	             -600
  488.4000	             -577
  488.6000	             -267
  488.8000	             2213
  489.0000	             -590
  489.2000	             -522
  489.4000	             -461
  489.6000	             -552
  489.8000	             -403
  490.0000	             -472
  490.2000	             -406
  490.4000	              164
  490.6000	             -428
  490.8000	             -328
  491.0000	             -156
  491.2000	             -217
  491.4000	               12
  491.6000	              588
  491.8000	             -768
  492.0000	             -887
  492.2000	             -862
  492.4000	             -943
  492.6000	             -915
  492.8000	             -893
  493.0000	             -988
  493.2000	              299
  493.4000	             -915
  493.6000	             -967
  493.8000	             -805
  494.0000	             -975
  494.2000	             -743
  494.4000	             -940
  494.6000	            -1015
  494.8000	             -756
  495.0000	             -963
  495.2000	             -871
  495.4000	             -866
  495.6000	             -673
  495.8000	             -795
  496.0000	             -992
  496.2000	             -802
  496.4000	             5382
  496.6000	             -816
  496.8000	             -975
  497.0000	             -664
  497.2000	             -783
  497.4000	             -841
  497.6000	            -1003
  497.8000	             -844
  498.0000	             -928
  498.2000	             -893
  498.4000	             -952
  498.6000	             -866
  498.8000	             -945
  499.0000	             -866
  499.2000	             -881
  499.4000	             -753
  499.6000	             -835
  499.8000	             -838
  500.0000	             -615
