  200.0000	            -1066
  200.2000	            -1077
  200.4000	            -1089
  200.6000	            -1086
  200.8000	            -1075
  201.0000	            -1052
  201.2000	            -1062
  201.4000	            -1072
  201.6000	            -1084
  201.8000	            -1081
  202.0000	            -1053
  202.2000	            -1093
  202.4000	            -1052
  202.6000	            -1075
  202.8000	            -1061
  203.0000	            -1079
  203.2000	            -1059
  203.4000	            -1045
  203.6000	            -1073
  203.8000	            -1108
  204.0000	            -1073
  204.2000	            -1052
  204.4000	            -1065
  204.6000	            -1048
  204.8000	            -1070
  205.0000	            -1064
  205.2000	            -1096
  205.4000	            -1089
  205.6000	            -1089
  205.8000	            -1081
  206.0000	            -1088
  206.2000	            -1080
  206.4000	            -1081
  206.6000	            -1067
  206.8000	            -1078
  207.0000	            -1064
  207.2000	            -1054
  207.4000	            -1055
  207.6000	            -1070
  207.8000	            -1103
  208.0000	            -1053
  208.2000	            -1045
  208.4000	            -1085
  208.6000	            -1029
  208.8000	            -1059
  209.0000	            -1077
  209.2000	            -1063
  209.4000	            -1093
  209.6000	            -1045
  209.8000	            -1080
  210.0000	            -1067
  210.2000	            -1062
  210.4000	            -1077
  210.6000	            -1068
  210.8000	            -1108
  211.0000	            -1074
  211.2000	            -1054
  211.4000	            -1042
  211.6000	            -1085
  211.8000	            -1048
  212.0000	            -1051
  212.2000	            -1060
  212.4000	            -1054
  212.6000	            -1029
  212.8000	            -1045
  213.0000	            -1068
  213.2000	            -1085
  213.4000	            -1068
  213.6000	            -1105
  213.8000	            -1096
  214.0000	            -1096
  214.2000	            -1059
  214.4000	            -1076
  214.6000	            -1049
  214.8000	            -1062
  215.0000	            -1081
  215.2000	            -1045
  215.4000	            -1070
  215.6000	            -1070
  215.8000	            -1067
  216.0000	            -1055
  216.2000	            -1103
  216.4000	            -1090
  216.6000	            -1082
  216.8000	            -1073
  217.0000	            -1029
  217.2000	            -1074
  217.4000	            -1086
  217.6000	            -1089
  217.8000	            -1083
  218.0000	            -1081
  218.2000	            -1074
  218.4000	            -1062
  218.6000	            -1062
  218.8000	            -1088
  219.0000	            -1071
  219.2000	            -1060
  219.4000	            -1070
  219.6000	            -1064
  219.8000	            -1089
  220.0000	            -1103
  220.2000	            -1098
  220.4000	            -1049
  220.6000	            -1050
  220.8000	            -1082
  221.0000	            -1063
  221.2000	            -1081
  221.4000	            -1051
  221.6000	            -1048
  221.8000	            -1077
  222.0000	            -1089
  222.2000	            -1066
  222.4000	            -1088
  222.6000	            -1103
  222.8000	            -1084
  223.0000	            -1087
  223.2000	            -1084
  223.4000	            -1052
  223.6000	            -1100
  223.8000	            -1096
  224.0000	            -1096
  224.2000	            -1047
  224.4000	            -1089
  224.6000	            -1081
  224.8000	            -1059
  225.0000	            -1104
  225.2000	            -1052
  225.4000	            -1083
  225.6000	            -1073
  225.8000	            -1062
  226.0000	            -1091
  226.2000	            -1054
  226.4000	            -1101
  226.6000	            -1082
  226.8000	            -1054
  227.0000	            -1079
  227.2000	            -1055
  227.4000	            -1102
  227.6000	            -1090
  227.8000	            -1083
  228.0000	            -1077
  228.2000	            -1103
  228.4000	            -1073
  228.6000	            -1051
  228.8000	            -1067
  229.0000	            -1045
  229.2000	            -1060
  229.4000	            -1103
  229.6000	            -1054
  229.8000	            -1107
  230.0000	            -1045
  230.2000	            -1078
  230.4000	            -1073
  230.6000	            -1081
  230.8000	            -1070
  231.0000	            -1078
  231.2000	            -1042
  231.4000	            -1084
  231.6000	            -1054
  231.8000	            -1054
  232.0000	            -1076
  232.2000	            -1096
  232.4000	            -1108
  232.6000	            -1083
  232.8000	            -1104
  233.0000	            -1084
  233.2000	            -1089
  233.4000	            -1088
  233.6000	            -1087
  233.8000	            -1070
  234.0000	            -1100
  234.2000	            -1045
  234.4000	            -1045
  234.6000	            -1063
  234.8000	            -1063
  235.0000	            -1091
  235.2000	            -1108
  235.4000	            -1086
  235.6000	            -1063
  235.8000	            -1079
  236.0000	            -1128
  236.2000	            -1109
  236.4000	            -1057
  236.6000	            -1075
  236.8000	            -1068
  237.0000	            -1088
  237.2000	            -1105
  237.4000	            -1090
  237.6000	            -1065
  237.8000	            -1042
  238.0000	            -1090
  238.2000	            -1082
  238.4000	            -1098
  238.6000	            -1077
  238.8000	            -1103
  239.0000	            -1062
  239.2000	            -1100
  239.4000	            -1062
  239.6000	            -1083
  239.8000	            -1052
  240.0000	            -1094
  240.2000	            -1066
  240.4000	            -1090
  240.6000	            -1081
  240.8000	            -1081
  241.0000	            -1066
  241.2000	            -1077
  241.4000	            -1079
  241.6000	            -1081
  241.8000	            -1078
  242.0000	            -1045
  242.2000	            -1108
  242.4000	            -1060
  242.6000	            -1056
  242.8000	            -1045
  243.0000	            -1086
  243.2000	            -1122
  243.4000	            -1112
  243.6000	            -1085
  243.8000	            -1083
  244.0000	            -1065
  244.2000	            -1046
  244.4000	            -1068
  244.6000	            -1053
  244.8000	            -1059
  245.0000	            -1079
  245.2000	            -1086
  245.4000	            -1084
  245.6000	            -1054
  245.8000	            -1073
  246.0000	            -1073
  246.2000	            -1053
  246.4000	            -1066
  246.6000	            -1100
  246.8000	            -1059
  247.0000	            -1073
  247.2000	            -1085
  247.4000	            -1030
  247.6000	            -1089
  247.8000	            -1054
  248.0000	            -1068
  248.2000	            -1083
  248.4000	            -1063
  248.6000	            -1069
  248.8000	            -1070
  249.0000	            -1059
  249.2000	            -1062
  249.4000	            -1083
  249.6000	            -1092
  249.8000	            -1065
  250.0000	            -1051
  250.2000	            -1054
  250.4000	            -1062
  250.6000	            -1066
  250.8000	            -1090
  251.0000	            -1051
  251.2000	            -1045
  251.4000	            -1114
  251.6000	            -1059
  251.8000	            -1065
  252.0000	            -1042
  252.2000	            -1075
  252.4000	            -1051
  252.6000	            -1057
  252.8000	            -1074
  253.0000	            -1068
  253.2000	            -1063
  253.4000	            -1054
  253.6000	            -1056
  253.8000	            -1085
  254.0000	            -1089
  254.2000	            -1090
  254.4000	            -1063
  254.6000	            -1091
  254.8000	            -1072
  255.0000	            -1092
  255.2000	            -1055
  255.4000	            -1091
  255.6000	            -1049
  255.8000	            -1032
  256.0000	            -1061
  256.2000	            -1068
  256.4000	            -1083
  256.6000	            -1081
  256.8000	            -1064
  257.0000	            -1063
  257.2000	            -1089
  257.4000	            -1054
  257.6000	            -1051
  257.8000	            -1054
  258.0000	            -1085
  258.2000	            -1075
  258.4000	            -1051
  258.6000	            -1065
  258.8000	            -1079
  259.0000	            -1073
  259.2000	            -1047
  259.4000	            -1081
  259.6000	            -1059
  259.8000	            -1044
  260.0000	            -1090
  260.2000	            -1041
  260.4000	            -1054
  260.6000	            -1046
  260.8000	             -975
  261.0000	             -996
  261.2000	             -926
  261.4000	            -1045
  261.6000	            -1045
  261.8000	            -1083
  262.0000	            -1053
  262.2000	            -1073
  262.4000	            -1063
  262.6000	            -1062
  262.8000	            -1114
  263.0000	            -1093
  263.2000	            -1045
  263.4000	            -1063
  263.6000	            -1080
  263.8000	            -1051
  264.0000	            -1084
  264.2000	            -1088
  264.4000	            -1072
  264.6000	            -1052
  264.8000	            -1073
  265.0000	            -1079
  265.2000	            -1072
  265.4000	            -1077
  265.6000	            -1083
  265.8000	            -1052
  266.0000	            -1075
  266.2000	            -1065
  266.4000	            -1071
  266.6000	            -1081
  266.8000	            -1068
  267.0000	            -1068
  267.2000	            -1085
  267.4000	            -1063
  267.6000	            -1086
  267.8000	            -1079
  268.0000	            -1051
  268.2000	            -1081
  268.4000	            -1090
  268.6000	            -1096
  268.8000	            -1010
  269.0000	            -1062
  269.2000	            -1077
  269.4000	            -1079
  269.6000	            -1062
  269.8000	            -1045
  270.0000	            -1054
  270.2000	            -1083
  270.4000	            -1075
  270.6000	            -1054
  270.8000	            -1076
  271.0000	            -1029
  271.2000	            -1088
  271.4000	            -1064
  271.6000	            -1085
  271.8000	            -1032
  272.0000	            -1044
  272.2000	            -1072
  272.4000	            -1090
  272.6000	            -1045
  272.8000	            -1055
  273.0000	            -1051
  273.2000	            -1054
  273.4000	            -1076
  273.6000	            -1054
  273.8000	            -1051
  274.0000	            -1075
  274.2000	            -1042
  274.4000	            -1047
  274.6000	            -1087
  274.8000	            -1082
  275.0000	            -1054
  275.2000	            -1058
  275.4000	            -1083
  275.6000	            -1100
  275.8000	            -1074
  276.0000	            -1039
  276.2000	            -1081
  276.4000	            -1043
  276.6000	            -1042
  276.8000	            -1059
  277.0000	            -1027
  277.2000	            -1046
  277.4000	            -1088
  277.6000	            -1086
  277.8000	            -1077
  278.0000	            -1083
  278.2000	            -1081
  278.4000	            -1084
  278.6000	            -1074
  278.8000	            -1078
  279.0000	            -1051
  279.2000	            -1045
  279.4000	            -1052
  279.6000	            -1045
  279.8000	            -1073
  280.0000	            -1062
  280.2000	            -1082
  280.4000	            -1062
  280.6000	            -1053
  280.8000	            -1055
  281.0000	            -1059
  281.2000	            -1072
  281.4000	            -1032
  281.6000	            -1087
  281.8000	            -1089
  282.0000	            -1051
  282.2000	            -1045
  282.4000	            -1024
  282.6000	            -1047
  282.8000	            -1030
  283.0000	            -1090
  283.2000	            -1093
  283.4000	            -1045
  283.6000	            -1065
  283.8000	            -1081
  284.0000	            -1045
  284.2000	            -1079
  284.4000	            -1027
  284.6000	            -1038
  284.8000	            -1032
  285.0000	            -1046
  285.2000	            -1052
  285.4000	            -1013
  285.6000	            -1046
  285.8000	            -1032
  286.0000	            -1045
  286.2000	            -1054
  286.4000	            -1084
  286.6000	            -1081
  286.8000	            -1077
  287.0000	            -1082
  287.2000	            -1093
  287.4000	            -1042
  287.6000	            -1029
  287.8000	            -1066
  288.0000	            -1029
  288.2000	            -1070
  288.4000	            -1069
  288.6000	            -1055
  288.8000	            -1045
  289.0000	             -995
  289.2000	            -1044
  289.4000	            -1033
  289.6000	            -1054
  289.8000	             -995
  290.0000	             -965
  290.2000	            -1050
  290.4000	            -1044
  290.6000	            -1051
  290.8000	            -1017
  291.0000	            -1027
  291.2000	            -1044
  291.4000	            -1037
  291.6000	            -1004
  291.8000	            -1016
  292.0000	            -1011
  292.2000	             -978
  292.4000	            -1050
  292.6000	            -1014
  292.8000	             -987
  293.0000	             -958
  293.2000	             -945
  293.4000	             -883
  293.6000	             -879
  293.8000	             -817
  294.0000	             -709
  294.2000	             -770
  294.4000	             -773
  294.6000	             -738
  294.8000	             -627
  295.0000	             -677
  295.2000	             -358
  295.4000	             -677
  295.6000	             -649
  295.8000	             -545
  296.0000	             -341
  296.2000	              193
  296.4000	             -756
  296.6000	             -640
  296.8000	             -463
  297.0000	             -302
  297.2000	             -168
  297.4000	             -181
  297.6000	             2357
  297.8000	             -828
  298.0000	             -803
  298.2000	             -730
  298.4000	             -753
  298.6000	             -761
  298.8000	             -645
  299.0000	             -470
  299.2000	             -457
  299.4000	             -288
  299.6000	             -159
  299.8000	             -491
  300.0000	             -630
  300.2000	             -553
  300.4000	             -416
  300.6000	             -347
  300.8000	             -489
  301.0000	             -940
  301.2000	             -972
  301.4000	             -938
  301.6000	             -954
  301.8000	             -866
  302.0000	             -898
  302.2000	             -830
  302.4000	             -797
  302.6000	             -749
  302.8000	             -692
  303.0000	             -572
  303.2000	             -573
  303.4000	             -697
  303.6000	             -406
  303.8000	             -412
  304.0000	             -371
  304.2000	             -347
  304.4000	             -201
  304.6000	             -385
  304.8000	             -388
  305.0000	             -445
  305.2000	             -565
  305.4000	             -556
  305.6000	             -582
  305.8000	             -539
  306.0000	             -500
  306.2000	             -515
  306.4000	              656
  306.6000	              296
  306.8000	             1022
  307.0000	             1018
  307.2000	              938
  307.4000	              208
  307.6000	             -152
  307.8000	             1660
  308.0000	             2775
  308.2000	             2548
  308.4000	             1174
  308.6000	             2490
  308.8000	             1096
  309.0000	             9150
  309.2000	             4215
  309.4000	             3080
  309.6000	             5520
  309.8000	             2029
  310.0000	             2755
  310.2000	             4414
  310.4000	             2891
  310.6000	             5713
  310.8000	             3886
  311.0000	             4945
  311.2000	             8287
  311.4000	             7496
  311.6000	            14858
  311.8000	             6634
  312.0000	             6706
  312.2000	             7278
  312.4000	            11269
  312.6000	            13346
  312.8000	            19716
  313.0000	            22120
  313.2000	            20996
  313.4000	            41834
  313.6000	            25351
  313.8000	            12786
  314.0000	            15600
  314.2000	            18956
  314.4000	            24575
  314.6000	            30354
  314.8000	            39766
  315.0000	            48891
  315.2000	            56710
  315.4000	            64011
  315.6000	            67890
  315.8000	           258023
  316.0000	             3317
  316.2000	             2292
  316.4000	             1101
  316.6000	             1049
  316.8000	             1092
  317.0000	              962
  317.2000	             -187
  317.4000	              288
  317.6000	             -388
  317.8000	              -53
  318.0000	               41
  318.2000	               84
  318.4000	             -113
  318.6000	              531
  318.8000	              294
  319.0000	             -206
  319.2000	             -183
  319.4000	             -171
  319.6000	             -310
  319.8000	             1152
  320.0000	             1265
  320.2000	              809
  320.4000	              514
  320.6000	              608
  320.8000	             1200
  321.0000	             1325
  321.2000	              914
  321.4000	              567
  321.6000	              250
  321.8000	              456
  322.0000	              503
  322.2000	              134
  322.4000	             -206
  322.6000	             -184
  322.8000	             -134
  323.0000	              121
  323.2000	              107
  323.4000	              -15
  323.6000	             -253
  323.8000	              138
  324.0000	              701
  324.2000	              129
  324.4000	              386
  324.6000	              810
  324.8000	              578
  325.0000	              842
  325.2000	             1548
  325.4000	             1509
  325.6000	             1754
  325.8000	             2987
  326.0000	             2391
  326.2000	             2614
  326.4000	             2543
  326.6000	             4572
  326.8000	             2494
  327.0000	             2356
  327.2000	             2902
  327.4000	             2118
  327.6000	             2696
  327.8000	             4926
  328.0000	             4354
  328.2000	             3683
  328.4000	            11831
  328.6000	             3769
  328.8000	             2944
  329.0000	             1417
  329.2000	             1478
  329.4000	             3710
  329.6000	             7640
  329.8000	             7977
  330.0000	             6642
  330.2000	             4237
  330.4000	             3982
  330.6000	             6500
  330.8000	            16383
  331.0000	            13650
  331.2000	            14359
  331.4000	            17699
  331.6000	            17635
  331.8000	            19723
  332.0000	            21472
  332.2000	            24092
  332.4000	            26022
  332.6000	            32651
  332.8000	            33939
  333.0000	            40097
  333.2000	            37771
  333.4000	            36822
  333.6000	            39199
  333.8000	            59785
  334.0000	            61433
  334.2000	            60890
  334.4000	            64146
  334.6000	            85928
  334.8000	            93586
  335.0000	           109116
  335.2000	           128350
  335.4000	           154319
  335.6000	           183793
  335.8000	           236029
  336.0000	           279004
  336.2000	           298527
  336.4000	           333863
  336.6000	           375366
  336.8000	           421653
  337.0000	          1048575
  337.2000	            28752
  337.4000	             2153
  337.6000	             4463
  337.8000	             3521
  338.0000	             2730
  338.2000	             3083
  338.4000	             2713
  338.6000	             3319
  338.8000	             4354
  339.0000	             1913
  339.2000	             2424
  339.4000	             1358
  339.6000	             1415
  339.8000	             1115
  340.0000	              694
  340.2000	              917
  340.4000	              371
  340.6000	             1244
  340.8000	              762
  341.0000	              909
  341.2000	              107
  341.4000	              114
  341.6000	              740
  341.8000	               48
  342.0000	              666
  342.2000	              314
  342.4000	              244
  342.6000	              258
  342.8000	              610
  343.0000	              424
  343.2000	              409
  343.4000	              514
  343.6000	              495
  343.8000	             1307
  344.0000	             1024
  344.2000	             1352
  344.4000	             1188
  344.6000	              585
  344.8000	              838
  345.0000	              669
  345.2000	             1181
  345.4000	              841
  345.6000	             1308
  345.8000	             1661
  346.0000	              784
  346.2000	             2256
  346.4000	             1447
  346.6000	             3591
  346.8000	             4113
  347.0000	             1424
  347.2000	             3425
  347.4000	             4233
  347.6000	             5185
  347.8000	             8476
  348.0000	             5498
  348.2000	             2701
  348.4000	             8553
  348.6000	             6829
  348.8000	             7368
  349.0000	            15918
  349.2000	            17041
  349.4000	            12802
  349.6000	            19275
  349.8000	            27710
  350.0000	            26299
  350.2000	             9951
  350.4000	            20320
  350.6000	            23134
  350.8000	            19019
  351.0000	            21044
  351.2000	            28104
  351.4000	            40972
  351.6000	            38748
  351.8000	            38855
  352.0000	            39983
  352.2000	            53032
  352.4000	            66709
  352.6000	            81165
  352.8000	            95797
  353.0000	           102589
  353.2000	           113736
  353.4000	           137230
  353.6000	           288746
  353.8000	            46627
  354.0000	            54502
  354.2000	            59045
  354.4000	            69263
  354.6000	            75530
  354.8000	            74524
  355.0000	            80128
  355.2000	            96047
  355.4000	           118068
  355.6000	           127810
  355.8000	           146784
  356.0000	           177110
  356.2000	           201991
  356.4000	           229685
  356.6000	           260754
  356.8000	           304939
  357.0000	           338424
  357.2000	           384133
  357.4000	           455902
  357.6000	          1048575
  357.8000	            10369
  358.0000	             4873
  358.2000	            12062
  358.4000	             2623
  358.6000	             1503
  358.8000	             4693
  359.0000	             1309
  359.2000	             1086
  359.4000	              851
  359.6000	              790
  359.8000	              553
  360.0000	              497
  360.2000	              558
  360.4000	              472
  360.6000	             1259
  360.8000	              351
  361.0000	              626
  361.2000	              870
  361.4000	              239
  361.6000	              154
  361.8000	              417
  362.0000	              357
  362.2000	              660
  362.4000	              463
  362.6000	              709
  362.8000	              735
  363.0000	             1431
  363.2000	             1271
  363.4000	             1504
  363.6000	             1791
  363.8000	             2319
  364.0000	             3042
  364.2000	             2962
  364.4000	             2094
  364.6000	             1526
  364.8000	             1967
  365.0000	             2323
  365.2000	             2458
  365.4000	             3071
  365.6000	             2847
  365.8000	             3872
  366.0000	             4382
  366.2000	             5452
  366.4000	             6224
  366.6000	             6754
  366.8000	             7721
  367.0000	            16909
  367.2000	             5316
  367.4000	             6719
  367.6000	             3385
  367.8000	             6097
  368.0000	             8326
  368.2000	             8342
  368.4000	             5101
  368.6000	            12124
  368.8000	             9038
  369.0000	             6192
  369.2000	            11518
  369.4000	            17616
  369.6000	            18922
  369.8000	            16929
  370.0000	            24941
  370.2000	            26240
  370.4000	            36313
  370.6000	            24493
  370.8000	            51287
  371.0000	            49288
  371.2000	             5468
  371.4000	            16584
  371.6000	            14203
  371.8000	            19476
  372.0000	            26162
  372.2000	            19935
  372.4000	            25551
  372.6000	            30214
  372.8000	            22261
  373.0000	            31696
  373.2000	            36279
  373.4000	            31504
  373.6000	            45187
  373.8000	            58157
  374.0000	            51621
  374.2000	            60703
  374.4000	            81492
  374.6000	            88029
  374.8000	            83247
  375.0000	            94636
  375.2000	           131751
  375.4000	           296832
  375.6000	            21757
  375.8000	             9476
  376.0000	             9757
  376.2000	            21328
  376.4000	            30323
  376.6000	            42632
  376.8000	            43840
  377.0000	            49499
  377.2000	            49903
  377.4000	            55923
  377.6000	            57384
  377.8000	            63693
  378.0000	            64134
  378.2000	            68357
  378.4000	            72910
  378.6000	            86720
  378.8000	           105014
  379.0000	           112108
  379.2000	           126074
  379.4000	           144106
  379.6000	           165189
  379.8000	           179366
  380.0000	           198894
  380.2000	           287634
  380.4000	           485612
  380.6000	             3479
  380.8000	             1952
  381.0000	             1330
  381.2000	             1217
  381.4000	              491
  381.6000	              561
  381.8000	              942
  382.0000	              983
  382.2000	              292
  382.4000	              986
  382.6000	             1657
  382.8000	              222
  383.0000	              369
  383.2000	             1528
  383.4000	             2012
  383.6000	              466
  383.8000	              558
  384.0000	             1613
  384.2000	             1871
  384.4000	             1786
  384.6000	             1826
  384.8000	             1650
  385.0000	             5898
  385.2000	             2925
  385.4000	             4746
  385.6000	             5986
  385.8000	             1844
  386.0000	             3270
  386.2000	             1608
  386.4000	             2770
  386.6000	             2638
  386.8000	             5352
  387.0000	             4460
  387.2000	             3570
  387.4000	             4469
  387.6000	             7885
  387.8000	             6790
  388.0000	            11513
  388.2000	            13013
  388.4000	            16002
  388.6000	            10555
  388.8000	            11701
  389.0000	            18799
  389.2000	            24226
  389.4000	            18984
  389.6000	            13417
  389.8000	            19285
  390.0000	            20466
  390.2000	            19635
  390.4000	            19615
  390.6000	            17361
  390.8000	            17795
  391.0000	            17576
  391.2000	            57722
  391.4000	            82929
  391.6000	             5530
  391.8000	             4585
  392.0000	             5449
  392.2000	             8869
  392.4000	             9143
  392.6000	            10589
  392.8000	            16990
  393.0000	            13445
  393.2000	            16177
  393.4000	            20591
  393.6000	            12771
  393.8000	            21052
  394.0000	            38971
  394.2000	            38477
  394.4000	             1565
  394.6000	             8913
  394.8000	             6889
  395.0000	             3503
  395.2000	             2454
  395.4000	             9266
  395.6000	             9459
  395.8000	             9111
  396.0000	             4867
  396.2000	             6080
  396.4000	             7272
  396.6000	             9315
  396.8000	            13587
  397.0000	            12950
  397.2000	            17884
  397.4000	            16021
  397.6000	            20358
  397.8000	            20322
  398.0000	            24330
  398.2000	            27784
  398.4000	            28089
  398.6000	            37215
  398.8000	            34182
  399.0000	            40882
  399.2000	            46912
  399.4000	            48152
  399.6000	           107842
  399.8000	            39312
  400.0000	              617
  400.2000	             8189
  400.4000	             7755
  400.6000	              347
  400.8000	             6600
  401.0000	            12018
  401.2000	             4980
  401.4000	             2768
  401.6000	             9218
  401.8000	            15844
  402.0000	            12788
  402.2000	             7969
  402.4000	             6704
  402.6000	             9561
  402.8000	            15052
  403.0000	            18403
  403.2000	            20501
  403.4000	            23413
  403.6000	            24632
  403.8000	            26766
  404.0000	            29610
  404.2000	            35796
  404.4000	            38828
  404.6000	            41731
  404.8000	            46078
  405.0000	            51301
  405.2000	            57654
  405.4000	            60817
  405.6000	            74870
  405.8000	           171882
  406.0000	             2752
  406.2000	              477
  406.4000	                2
  406.6000	              118
  406.8000	             -131
  407.0000	              102
  407.2000	             9335
  407.4000	              -93
  407.6000	             1476
  407.8000	              424
  408.0000	             3185
  408.2000	             1393
  408.4000	              633
  408.6000	             1256
  408.8000	              962
  409.0000	             1388
  409.2000	             3327
  409.4000	             2014
  409.6000	             -171
  409.8000	              144
  410.0000	              250
  410.2000	              426
  410.4000	             3392
  410.6000	              398
  410.8000	              349
  411.0000	             1154
  411.2000	              656
  411.4000	             1299
  411.6000	              621
  411.8000	             1579
  412.0000	             1554
  412.2000	             2547
  412.4000	             2228
  412.6000	             3062
  412.8000	             3804
  413.0000	             3560
  413.2000	             9198
  413.4000	             2937
  413.6000	             4597
  413.8000	             6329
  414.0000	            11916
  414.2000	             2603
  414.4000	              846
  414.6000	              346
  414.8000	             2187
  415.0000	              110
  415.2000	             1078
  415.4000	             2079
  415.6000	             2077
  415.8000	             7668
  416.0000	             1649
  416.2000	             3083
  416.4000	             1727
  416.6000	             3101
  416.8000	             1369
  417.0000	             2963
  417.2000	             1768
  417.4000	             3753
  417.6000	             3645
  417.8000	             5475
  418.0000	             5164
  418.2000	             8229
  418.4000	             6626
  418.6000	             8733
  418.8000	             7505
  419.0000	            12157
  419.2000	             8074
  419.4000	             9426
  419.6000	            13026
  419.8000	            30109
  420.0000	            33181
  420.2000	             1211
  420.4000	             3182
  420.6000	             1324
  420.8000	             2093
  421.0000	             3502
  421.2000	              679
  421.4000	             3438
  421.6000	             5342
  421.8000	             2909
  422.0000	             4148
  422.2000	             7946
  422.4000	             2655
  422.6000	             7132
  422.8000	             8490
  423.0000	             5304
  423.2000	             5051
  423.4000	             8565
  423.6000	            18145
  423.8000	             8172
  424.0000	            10537
  424.2000	             7858
  424.4000	            11623
  424.6000	             9312
  424.8000	            14206
  425.0000	            12740
  425.2000	            16643
  425.4000	            14064
  425.6000	            17043
  425.8000	            25102
  426.0000	            20674
  426.2000	            21940
  426.4000	            27474
  426.6000	            34617
  426.8000	            50261
  427.0000	             5221
  427.2000	             8819
  427.4000	             8222
  427.6000	            35680
  427.8000	            14086
  428.0000	              304
  428.2000	             3112
  428.4000	             -542
  428.6000	             2766
  428.8000	              927
  429.0000	              945
  429.2000	             3758
  429.4000	              578
  429.6000	             2172
  429.8000	             4666
  430.0000	             3225
  430.2000	             1852
  430.4000	             5232
  430.6000	             4706
  430.8000	             3862
  431.0000	             3376
  431.2000	             6240
  431.4000	             6994
  431.6000	             7160
  431.8000	             6807
  432.0000	             7339
  432.2000	             8222
  432.4000	             8948
  432.6000	             9733
  432.8000	            10826
  433.0000	            16116
  433.2000	            14211
  433.4000	            14470
  433.6000	            16101
  433.8000	            16940
  434.0000	            18477
  434.2000	            36132
  434.4000	            15334
  434.6000	              786
  434.8000	             4746
  435.0000	              336
  435.2000	              976
  435.4000	             1370
  435.6000	              489
  435.8000	             -738
  436.0000	             -500
  436.2000	             -100
  436.4000	             -577
  436.6000	              -69
  436.8000	             -345
  437.0000	             8211
  437.2000	             -191
  437.4000	              161
  437.6000	              614
  437.8000	             1589
  438.0000	              138
  438.2000	             -192
  438.4000	             1264
  438.6000	              -65
  438.8000	             -109
  439.0000	                3
  439.2000	              -31
  439.4000	              415
  439.6000	              289
  439.8000	              654
  440.0000	             4877
  440.2000	              788
  440.4000	             1069
  440.6000	              788
  440.8000	             1213
  441.0000	             1568
  441.2000	             2347
  441.4000	             4142
  441.6000	              442
  441.8000	             -581
  442.0000	             -366
  442.2000	              -97
  442.4000	              -14
  442.6000	             2236
  442.8000	             -510
  443.0000	             3543
  443.2000	             -203
  443.4000	              280
  443.6000	             -221
  443.8000	              698
  444.0000	              292
  444.2000	             -406
  444.4000	              131
  444.6000	              117
  444.8000	             2615
  445.0000	               72
  445.2000	              344
  445.4000	              440
  445.6000	             -514
  445.8000	              487
  446.0000	              872
  446.2000	              554
  446.4000	             1275
  446.6000	             1039
  446.8000	             1459
  447.0000	             1583
  447.2000	             1367
  447.4000	             6199
  447.6000	             2163
  447.8000	             2247
  448.0000	             3354
  448.2000	             4513
  448.4000	             3485
  448.6000	             5211
  448.8000	             8428
  449.0000	             1082
  449.2000	             -444
  449.4000	             -421
  449.6000	             -173
  449.8000	             -113
  450.0000	             -326
  450.2000	              390
  450.4000	              -92
  450.6000	             -175
  450.8000	             -227
  451.0000	             5050
  451.2000	             -308
  451.4000	              499
  451.6000	             -512
  451.8000	              810
  452.0000	             -479
  452.2000	              552
  452.4000	              631
  452.6000	             -267
  452.8000	              853
  453.0000	             1045
  453.2000	              127
  453.4000	             1327
  453.6000	              641
  453.8000	              293
  454.0000	             1424
  454.2000	             1273
  454.4000	            23913
  454.6000	             1801
  454.8000	             1558
  455.0000	             1676
  455.2000	             1877
  455.4000	             2029
  455.6000	             2593
  455.8000	             2556
  456.0000	             3285
  456.2000	             3303
  456.4000	             3582
  456.6000	             4558
  456.8000	             4241
  457.0000	             5914
  457.2000	            11231
  457.4000	             1653
  457.6000	             -350
  457.8000	             4691
  458.0000	              196
  458.2000	             -630
  458.4000	              124
  458.6000	             -579
  458.8000	              244
  459.0000	             4018
  459.2000	              325
  459.4000	             -515
  459.6000	              507
  459.8000	             2062
  460.0000	              501
  460.2000	             -569
  460.4000	              440
  460.6000	             -428
  460.8000	             2553
  461.0000	             2107
  461.2000	              625
  461.4000	             -207
  461.6000	              472
  461.8000	              401
  462.0000	             -316
  462.2000	              888
  462.4000	              222
  462.6000	              305
  462.8000	             1350
  463.0000	              631
  463.2000	              472
  463.4000	             1341
  463.6000	             1881
  463.8000	             1381
  464.0000	             1251
  464.2000	             1803
  464.4000	             2064
  464.6000	             2242
  464.8000	             2424
  465.0000	             3117
  465.2000	             2809
  465.4000	             2292
  465.6000	             2393
  465.8000	            11887
  466.0000	             2920
  466.2000	             3539
  466.4000	             5343
  466.6000	             4860
  466.8000	              -94
  467.0000	             -257
  467.2000	             -173
  467.4000	             -670
  467.6000	             -580
  467.8000	              -60
  468.0000	             -284
  468.2000	              519
  468.4000	             -130
  468.6000	              549
  468.8000	             -152
  469.0000	              391
  469.2000	              148
  469.4000	              265
  469.6000	              930
  469.8000	              561
  470.0000	              288
  470.2000	              814
  470.4000	              559
  470.6000	             2007
  470.8000	             7392
  471.0000	              -89
  471.2000	             -317
  471.4000	             -262
  471.6000	              -80
  471.8000	              -15
  472.0000	              760
  472.2000	              244
  472.4000	             -781
  472.6000	             9117
  472.8000	             -829
  473.0000	             -636
  473.2000	              640
  473.4000	             -632
  473.6000	             1569
  473.8000	             -785
  474.0000	             -857
  474.2000	             -777
  474.4000	             -731
  474.6000	             -788
  474.8000	             -629
  475.0000	             -832
  475.2000	             -436
  475.4000	             -753
  475.6000	             -638
  475.8000	             -762
  476.0000	             -706
  476.2000	             -756
  476.4000	            28656
  476.6000	             -554
  476.8000	             -365
  477.0000	             -540
  477.2000	             -756
  477.4000	             -641
  477.6000	             -729
  477.8000	             -758
  478.0000	             -361
  478.2000	             -471
  478.4000	             -517
  478.6000	             -228
  478.8000	             -391
  479.0000	             -482
  479.2000	             -239
  479.4000	             -233
  479.6000	             -245
  479.8000	             -154
  480.0000	             -453
  480.2000	              -15
  480.4000	              200
  480.6000	             3686
  480.8000	              445
  481.0000	              473
  481.2000	             1606
  481.4000	              123
  481.6000	             -826
  481.8000	             -713
  482.0000	             -839
  482.2000	             -765
  482.4000	             -591
  482.6000	             -879
  482.8000	             -696
  483.0000	             -873
  483.2000	             -773
  483.4000	             -645
  483.6000	             -824
  483.8000	             -626
  484.0000	             -830
  484.2000	             -659
  484.4000	             -824
  484.6000	               54
  484.8000	              -64
  485.0000	             -801
  485.2000	             -588
  485.4000	             -770
  485.6000	             -521
  485.8000	             -687
  486.0000	              166
  486.2000	             -502
  486.4000	             -425
  486.6000	             -527
  486.8000	             -441
  487.0000	             -575
  487.2000	             -574
  487.4000	             -386
  487.6000	             -391
  487.8000	             2160
  488.0000	             1754
  488.2000	             -164
  488.4000	             -334
  488.6000	             -195
  488.8000	             2732
  489.0000	             -292
  489.2000	             -252
  489.4000	              -71
  489.6000	              -93
  489.8000	               14
  490.0000	              -70
  490.2000	              -17
  490.4000	              840
  490.6000	               81
  490.8000	              141
  491.0000	              273
  491.2000	              346
  491.4000	              591
  491.6000	             1777
  491.8000	             -218
  492.0000	             -715
  492.2000	             -648
  492.4000	             -808
  492.6000	             -751
  492.8000	             -725
  493.0000	             -840
  493.2000	              331
  493.4000	             -737
  493.6000	             -820
  493.8000	             -715
  494.0000	             -830
  494.2000	             -531
  494.4000	             -776
  494.6000	             -829
  494.8000	             -648
  495.0000	             -811
  495.2000	             -777
  495.4000	             -646
  495.6000	             -511
  495.8000	             -598
  496.0000	             -872
  496.2000	             -601
  496.4000	             5668
  496.6000	             -646
  496.8000	             -724
  497.0000	             -661
  497.2000	             -395
  497.4000	             -640
  497.6000	             -763
  497.8000	             -838
  498.0000	             -688
  498.2000	             -789
  498.4000	             -746
  498.6000	             -756
  498.8000	             -785
  499.0000	             -709
  499.2000	             -744
  499.4000	             -464
  499.6000	             -628
  499.8000	             -587
  500.0000	             -422
