  200.0000	            -1200
  200.2000	            -1239
  200.4000	            -1220
  200.6000	            -1234
  200.8000	            -1231
  201.0000	            -1224
  201.2000	            -1189
  201.4000	            -1226
  201.6000	            -1221
  201.8000	            -1220
  202.0000	            -1232
  202.2000	            -1194
  202.4000	            -1231
  202.6000	            -1228
  202.8000	            -1239
  203.0000	            -1217
  203.2000	            -1236
  203.4000	            -1217
  203.6000	            -1227
  203.8000	            -1227
  204.0000	            -1228
  204.2000	            -1216
  204.4000	            -1202
  204.6000	            -1232
  204.8000	            -1221
  205.0000	            -1203
  205.2000	            -1191
  205.4000	            -1228
  205.6000	            -1194
  205.8000	            -1235
  206.0000	            -1252
  206.2000	            -1185
  206.4000	            -1217
  206.6000	            -1236
  206.8000	            -1205
  207.0000	            -1222
  207.2000	            -1237
  207.4000	            -1220
  207.6000	            -1150
  207.8000	            -1230
  208.0000	            -1195
  208.2000	            -1202
  208.4000	            -1220
  208.6000	            -1222
  208.8000	            -1215
  209.0000	            -1161
  209.2000	            -1150
  209.4000	            -1214
  209.6000	            -1200
  209.8000	            -1227
  210.0000	            -1214
  210.2000	            -1239
  210.4000	            -1212
  210.6000	            -1227
  210.8000	            -1166
  211.0000	            -1216
  211.2000	            -1248
  211.4000	            -1216
  211.6000	            -1230
  211.8000	            -1236
  212.0000	            -1207
  212.2000	            -1239
  212.4000	            -1222
  212.6000	            -1225
  212.8000	            -1233
  213.0000	            -1227
  213.2000	            -1184
  213.4000	            -1250
  213.6000	            -1238
  213.8000	            -1224
  214.0000	            -1224
  214.2000	            -1232
  214.4000	            -1235
  214.6000	            -1248
  214.8000	            -1183
  215.0000	            -1221
  215.2000	            -1198
  215.4000	            -1234
  215.6000	            -1249
  215.8000	            -1253
  216.0000	            -1238
  216.2000	            -1230
  216.4000	            -1228
  216.6000	            -1208
  216.8000	            -1232
  217.0000	            -1195
  217.2000	            -1235
  217.4000	            -1226
  217.6000	            -1238
  217.8000	            -1253
  218.0000	            -1238
  218.2000	            -1240
  218.4000	            -1221
  218.6000	            -1244
  218.8000	            -1239
  219.0000	            -1264
  219.2000	            -1236
  219.4000	            -1186
  219.6000	            -1189
  219.8000	            -1228
  220.0000	            -1248
  220.2000	            -1205
  220.4000	            -1217
  220.6000	            -1219
  220.8000	            -1204
  221.0000	            -1221
  221.2000	            -1207
  221.4000	            -1244
  221.6000	            -1244
  221.8000	            -1228
  222.0000	            -1234
  222.2000	            -1231
  222.4000	            -1237
  222.6000	            -1226
  222.8000	            -1244
  223.0000	            -1225
  223.2000	            -1231
  223.4000	            -1191
  223.6000	            -1232
  223.8000	            -1231
  224.0000	            -1192
  224.2000	            -1239
  224.4000	            -1241
  224.6000	            -1213
  224.8000	            -1249
  225.0000	            -1227
  225.2000	            -1240
  225.4000	            -1203
  225.6000	            -1236
  225.8000	            -1209
  226.0000	            -1250
  226.2000	            -1235
  226.4000	            -1227
  226.6000	            -1222
  226.8000	            -1234
  227.0000	            -1244
  227.2000	            -1237
  227.4000	            -1236
  227.6000	            -1221
  227.8000	            -1236
  228.0000	            -1222
  228.2000	            -1238
  228.4000	            -1220
  228.6000	            -1222
  228.8000	            -1230
  229.0000	            -1232
  229.2000	            -1205
  229.4000	            -1220
  229.6000	            -1244
  229.8000	            -1246
  230.0000	            -1222
  230.2000	            -1221
  230.4000	            -1238
  230.6000	            -1195
  230.8000	            -1198
  231.0000	            -1227
  231.2000	            -1231
  231.4000	            -1239
  231.6000	            -1231
  231.8000	            -1225
  232.0000	            -1234
  232.2000	            -1232
  232.4000	            -1231
  232.6000	            -1207
  232.8000	            -1183
  233.0000	            -1241
  233.2000	            -1213
  233.4000	            -1214
  233.6000	            -1261
  233.8000	            -1191
  234.0000	            -1217
  234.2000	            -1228
  234.4000	            -1239
  234.6000	            -1230
  234.8000	            -1219
  235.0000	            -1222
  235.2000	            -1243
  235.4000	            -1235
  235.6000	            -1236
  235.8000	            -1238
  236.0000	            -1213
  236.2000	            -1226
  236.4000	            -1230
  236.6000	            -1225
  236.8000	            -1236
  237.0000	            -1230
  237.2000	            -1244
  237.4000	            -1206
  237.6000	            -1237
  237.8000	            -1239
  238.0000	            -1217
  238.2000	            -1238
  238.4000	            -1221
  238.6000	            -1205
  238.8000	            -1237
  239.0000	            -1249
  239.2000	            -1216
  239.4000	            -1237
  239.6000	            -1237
  239.8000	            -1242
  240.0000	            -1215
  240.2000	            -1239
  240.4000	            -1217
  240.6000	            -1232
  240.8000	            -1241
  241.0000	            -1260
  241.2000	            -1245
  241.4000	            -1231
  241.6000	            -1213
  241.8000	            -1225
  242.0000	            -1218
  242.2000	            -1231
  242.4000	            -1207
  242.6000	            -1221
  242.8000	            -1237
  243.0000	            -1218
  243.2000	            -1237
  243.4000	            -1257
  243.6000	            -1218
  243.8000	            -1204
  244.0000	            -1221
  244.2000	            -1247
  244.4000	            -1230
  244.6000	            -1219
  244.8000	            -1175
  245.0000	            -1204
  245.2000	            -1232
  245.4000	            -1251
  245.6000	            -1212
  245.8000	            -1183
  246.0000	            -1212
  246.2000	            -1221
  246.4000	            -1243
  246.6000	            -1222
  246.8000	            -1200
  247.0000	            -1249
  247.2000	            -1232
  247.4000	            -1204
  247.6000	            -1260
  247.8000	            -1199
  248.0000	            -1231
  248.2000	            -1203
  248.4000	            -1221
  248.6000	            -1232
  248.8000	            -1212
  249.0000	            -1236
  249.2000	            -1230
  249.4000	            -1221
  249.6000	            -1223
  249.8000	            -1195
  250.0000	            -1208
  250.2000	            -1232
  250.4000	            -1250
  250.6000	            -1243
  250.8000	            -1216
  251.0000	            -1236
  251.2000	            -1217
  251.4000	            -1198
  251.6000	            -1224
  251.8000	            -1239
  252.0000	            -1253
  252.2000	            -1244
  252.4000	            -1220
  252.6000	            -1243
  252.8000	            -1202
  253.0000	            -1215
  253.2000	            -1243
  253.4000	            -1198
  253.6000	            -1228
  253.8000	            -1217
  254.0000	            -1230
  254.2000	            -1191
  254.4000	            -1221
  254.6000	            -1189
  254.8000	            -1207
  255.0000	            -1230
  255.2000	            -1239
  255.4000	            -1241
  255.6000	            -1237
  255.8000	            -1227
  256.0000	            -1231
  256.2000	            -1179
  256.4000	            -1216
  256.6000	            -1209
  256.8000	            -1241
  257.0000	            -1222
  257.2000	            -1221
  257.4000	            -1247
  257.6000	            -1239
  257.8000	            -1225
  258.0000	            -1227
  258.2000	            -1207
  258.4000	            -1251
  258.6000	            -1140
  258.8000	            -1221
  259.0000	            -1212
  259.2000	            -1221
  259.4000	            -1206
  259.6000	            -1169
  259.8000	            -1154
  260.0000	            -1160
  260.2000	            -1167
  260.4000	            -1130
  260.6000	            -1135
  260.8000	            -1143
  261.0000	            -1093
  261.2000	             -843
  261.4000	            -1216
  261.6000	            -1249
  261.8000	            -1235
  262.0000	            -1236
  262.2000	            -1253
  262.4000	            -1226
  262.6000	            -1239
  262.8000	            -1232
  263.0000	            -1222
  263.2000	            -1221
  263.4000	            -1222
  263.6000	            -1178
  263.8000	            -1213
  264.0000	            -1220
  264.2000	            -1231
  264.4000	            -1216
  264.6000	            -1244
  264.8000	            -1223
  265.0000	            -1232
  265.2000	            -1236
  265.4000	            -1237
  265.6000	            -1212
  265.8000	            -1185
  266.0000	            -1252
  266.2000	            -1228
  266.4000	            -1230
  266.6000	            -1233
  266.8000	            -1221
  267.0000	            -1217
  267.2000	            -1220
  267.4000	            -1213
  267.6000	            -1226
  267.8000	            -1241
  268.0000	            -1234
  268.2000	            -1196
  268.4000	            -1235
  268.6000	            -1202
  268.8000	            -1168
  269.0000	            -1205
  269.2000	            -1189
  269.4000	            -1222
  269.6000	            -1230
  269.8000	            -1221
  270.0000	            -1203
  270.2000	            -1236
  270.4000	            -1221
  270.6000	            -1225
  270.8000	            -1239
  271.0000	            -1212
  271.2000	            -1219
  271.4000	            -1248
  271.6000	            -1222
  271.8000	            -1230
  272.0000	            -1221
  272.2000	            -1213
  272.4000	            -1221
  272.6000	            -1212
  272.8000	            -1221
  273.0000	            -1189
  273.2000	            -1205
  273.4000	            -1220
  273.6000	            -1201
  273.8000	            -1202
  274.0000	            -1183
  274.2000	            -1227
  274.4000	            -1205
  274.6000	            -1203
  274.8000	            -1204
  275.0000	            -1224
  275.2000	            -1220
  275.4000	            -1165
  275.6000	            -1193
  275.8000	            -1188
  276.0000	            -1154
  276.2000	            -1167
  276.4000	            -1180
  276.6000	            -1173
  276.8000	            -1146
  277.0000	            -1085
  277.2000	            -1151
  277.4000	            -1226
  277.6000	            -1235
  277.8000	            -1204
  278.0000	            -1240
  278.2000	            -1211
  278.4000	            -1235
  278.6000	            -1251
  278.8000	            -1221
  279.0000	            -1212
  279.2000	            -1213
  279.4000	            -1241
  279.6000	            -1230
  279.8000	            -1220
  280.0000	            -1248
  280.2000	            -1222
  280.4000	            -1222
  280.6000	            -1191
  280.8000	            -1244
  281.0000	            -1209
  281.2000	            -1219
  281.4000	            -1226
  281.6000	            -1222
  281.8000	            -1216
  282.0000	            -1218
  282.2000	            -1221
  282.4000	            -1221
  282.6000	            -1194
  282.8000	            -1221
  283.0000	            -1221
  283.2000	            -1206
  283.4000	            -1228
  283.6000	            -1222
  283.8000	            -1215
  284.0000	            -1179
  284.2000	            -1193
  284.4000	            -1168
  284.6000	            -1160
  284.8000	            -1165
  285.0000	            -1221
  285.2000	            -1169
  285.4000	            -1206
  285.6000	            -1143
  285.8000	            -1165
  286.0000	            -1217
  286.2000	            -1202
  286.4000	            -1173
  286.6000	            -1184
  286.8000	            -1222
  287.0000	            -1171
  287.2000	            -1220
  287.4000	            -1186
  287.6000	            -1221
  287.8000	            -1170
  288.0000	            -1206
  288.2000	            -1177
  288.4000	            -1180
  288.6000	            -1175
  288.8000	            -1172
  289.0000	            -1178
  289.2000	            -1161
  289.4000	            -1117
  289.6000	            -1154
  289.8000	            -1099
  290.0000	            -1156
  290.2000	            -1162
  290.4000	            -1179
  290.6000	            -1163
  290.8000	            -1143
  291.0000	            -1067
  291.2000	            -1165
  291.4000	            -1158
  291.6000	            -1107
  291.8000	            -1161
  292.0000	            -1146
  292.2000	            -1151
  292.4000	            -1090
  292.6000	            -1101
  292.8000	            -1054
  293.0000	            -1034
  293.2000	             -955
  293.4000	             -939
  293.6000	             -905
  293.8000	             -737
  294.0000	             -625
  294.2000	             -710
  294.4000	             -722
  294.6000	             -599
  294.8000	             -357
  295.0000	             -587
  295.2000	             -117
  295.4000	             -498
  295.6000	             -424
  295.8000	             -370
  296.0000	               44
  296.2000	             1403
  296.4000	             -609
  296.6000	             -444
  296.8000	             -250
  297.0000	               72
  297.2000	              312
  297.4000	              316
  297.6000	             4305
  297.8000	             -763
  298.0000	             -853
  298.2000	             -730
  298.4000	             -717
  298.6000	             -697
  298.8000	             -527
  299.0000	             -400
  299.2000	             -244
  299.4000	               19
  299.6000	              340
  299.8000	             -162
  300.0000	             -566
  300.2000	             -425
  300.4000	             -241
  300.6000	               63
  300.8000	             -363
  301.0000	            -1084
  301.2000	            -1026
  301.4000	             -962
  301.6000	             -959
  301.8000	             -966
  302.0000	             -874
  302.2000	             -855
  302.4000	             -737
  302.6000	             -657
  302.8000	             -625
  303.0000	             -537
  303.2000	             -519
  303.4000	             -640
  303.6000	             -457
  303.8000	             -450
  304.0000	             -328
  304.2000	             -205
  304.4000	              -52
  304.6000	             -459
  304.8000	             -385
  305.0000	             -445
  305.2000	             -579
  305.4000	             -513
  305.6000	             -518
  305.8000	             -561
  306.0000	             -492
  306.2000	             -523
  306.4000	             1465
  306.6000	              973
  306.8000	             2275
  307.0000	             2034
  307.2000	             2047
  307.4000	              621
  307.6000	              163
  307.8000	             2938
  308.0000	             5577
  308.2000	             5944
  308.4000	             3054
  308.6000	             4647
  308.8000	             3039
  309.0000	            15994
  309.2000	             7979
  309.4000	             5658
  309.6000	             9329
  309.8000	             3785
  310.0000	             6222
  310.2000	             8370
  310.4000	             7157
  310.6000	            10770
  310.8000	             8847
  311.0000	             9593
  311.2000	            15378
  311.4000	            13205
  311.6000	            29032
  311.8000	            14224
  312.0000	            13208
  312.2000	            14055
  312.4000	            22189
  312.6000	            26044
  312.8000	            36439
  313.0000	            41311
  313.2000	            40794
  313.4000	            70398
  313.6000	            68513
  313.8000	            25754
  314.0000	            31362
  314.2000	            37537
  314.4000	            49675
  314.6000	            60418
  314.8000	            80339
  315.0000	            98764
  315.2000	           115507
  315.4000	           133544
  315.6000	           135052
  315.8000	           495748
  316.0000	            13312
  316.2000	             5865
  316.4000	             2176
  316.6000	             2214
  316.8000	             2211
  317.0000	             2666
  317.2000	              490
  317.4000	              806
  317.6000	              -49
  317.8000	              586
  318.0000	              431
  318.2000	              393
  318.4000	              328
  318.6000	             1258
  318.8000	              917
  319.0000	              257
  319.2000	              296
  319.4000	              167
  319.6000	              -51
  319.8000	             1631
  320.0000	             1934
  320.2000	             1509
  320.4000	              982
  320.6000	              690
  320.8000	             1716
  321.0000	             1822
  321.2000	             1490
  321.4000	             1207
  321.6000	              547
  321.8000	              737
  322.0000	              708
  322.2000	              429
  322.4000	              142
  322.6000	              338
  322.8000	              366
  323.0000	              581
  323.2000	              475
  323.4000	              311
  323.6000	              127
  323.8000	              822
  324.0000	             2022
  324.2000	              797
  324.4000	             1745
  324.6000	             1843
  324.8000	             1482
  325.0000	             2112
  325.2000	             3550
  325.4000	             3335
  325.6000	             4171
  325.8000	             7279
  326.0000	             5167
  326.2000	             6425
  326.4000	             5649
  326.6000	             8003
  326.8000	             7122
  327.0000	             5345
  327.2000	             6231
  327.4000	             5044
  327.6000	             6712
  327.8000	            10076
  328.0000	             7566
  328.2000	             7957
  328.4000	            24361
  328.6000	             7893
  328.8000	             4588
  329.0000	             2486
  329.2000	             5303
  329.4000	            10567
  329.6000	            14719
  329.8000	            13049
  330.0000	             9117
  330.2000	             7898
  330.4000	            10913
  330.6000	            18558
  330.8000	            34909
  331.0000	            29625
  331.2000	            27372
  331.4000	            30617
  331.6000	            29613
  331.8000	            31292
  332.0000	            35474
  332.2000	            36428
  332.4000	            44056
  332.6000	            59753
  332.8000	            64331
  333.0000	            83667
  333.2000	            85090
  333.4000	            92524
  333.6000	            87553
  333.8000	           129010
  334.0000	           130501
  334.2000	           145242
  334.4000	           150074
  334.6000	           195103
  334.8000	           222492
  335.0000	           262137
  335.2000	           309656
  335.4000	           373456
  335.6000	           436179
  335.8000	           597129
  336.0000	           722801
  336.2000	           739803
  336.4000	           844101
  336.6000	           941869
  336.8000	          1048575
  337.0000	          1048575
  337.2000	           236493
  337.4000	             9118
  337.6000	            13147
  337.8000	            11865
  338.0000	             9521
  338.2000	            12273
  338.4000	            10185
  338.6000	            10512
  338.8000	            12392
  339.0000	             4915
  339.2000	             9012
  339.4000	             3795
  339.6000	             5399
  339.8000	             2933
  340.0000	             2617
  340.2000	             3133
  340.4000	             1271
  340.6000	             3729
  340.8000	             1654
  341.0000	             2446
  341.2000	              511
  341.4000	             1398
  341.6000	             1992
  341.8000	              790
  342.0000	             2062
  342.2000	              882
  342.4000	             1392
  342.6000	             1215
  342.8000	             1574
  343.0000	             1609
  343.2000	             1675
  343.4000	             1850
  343.6000	             1869
  343.8000	             3323
  344.0000	             2686
  344.2000	             3682
  344.4000	             2866
  344.6000	             1854
  344.8000	             2140
  345.0000	             2202
  345.2000	             3198
  345.4000	             2424
  345.6000	             4045
  345.8000	             3597
  346.0000	             2093
  346.2000	             5075
  346.4000	             3849
  346.6000	             8126
  346.8000	             6760
  347.0000	             3618
  347.2000	             9595
  347.4000	             7911
  347.6000	            10780
  347.8000	            17659
  348.0000	             8690
  348.2000	             7664
  348.4000	            18733
  348.6000	            13720
  348.8000	            19931
  349.0000	            35017
  349.2000	            32980
  349.4000	            29626
  349.6000	            45010
  349.8000	            52613
  350.0000	            62983
  350.2000	            27611
  350.4000	            43552
  350.6000	            41354
  350.8000	            35019
  351.0000	            50963
  351.2000	            67640
  351.4000	            81068
  351.6000	            75846
  351.8000	            79451
  352.0000	            90770
  352.2000	           125816
  352.4000	           155962
  352.6000	           181547
  352.8000	           204961
  353.0000	           218950
  353.2000	           240863
  353.4000	           287227
  353.6000	           674356
  353.8000	            92338
  354.0000	           107115
  354.2000	           124179
  354.4000	           156003
  354.6000	           181924
  354.8000	           188612
  355.0000	           192647
  355.2000	           228319
  355.4000	           285099
  355.6000	           318881
  355.8000	           375315
  356.0000	           448050
  356.2000	           509292
  356.4000	           596757
  356.6000	           696062
  356.8000	           798110
  357.0000	           907275
  357.2000	          1037382
  357.4000	          1048575
  357.6000	          1048575
  357.8000	            80495
  358.0000	            11416
  358.2000	            20108
  358.4000	             6731
  358.6000	             2669
  358.8000	             6913
  359.0000	             2326
  359.2000	             1970
  359.4000	             1583
  359.6000	             1468
  359.8000	             1458
  360.0000	             1610
  360.2000	             1751
  360.4000	             1517
  360.6000	             2479
  360.8000	             1261
  361.0000	             1526
  361.2000	             2083
  361.4000	              798
  361.6000	             1120
  361.8000	             1512
  362.0000	             1316
  362.2000	             1747
  362.4000	             1769
  362.6000	             1893
  362.8000	             2168
  363.0000	             3454
  363.2000	             2951
  363.4000	             3760
  363.6000	             4348
  363.8000	             5360
  364.0000	             6592
  364.2000	             7468
  364.4000	             4634
  364.6000	             3670
  364.8000	             4685
  365.0000	             5906
  365.2000	             6422
  365.4000	             6288
  365.6000	             6401
  365.8000	             8352
  366.0000	            10385
  366.2000	            12224
  366.4000	            12635
  366.6000	            14296
  366.8000	            16222
  367.0000	            30473
  367.2000	            14226
  367.4000	            12682
  367.6000	             7152
  367.8000	            13663
  368.0000	            17265
  368.2000	            15393
  368.4000	            12390
  368.6000	            26864
  368.8000	            18398
  369.0000	            15395
  369.2000	            26871
  369.4000	            38805
  369.6000	            36202
  369.8000	            36663
  370.0000	            53617
  370.2000	            57891
  370.4000	            74207
  370.6000	            48495
  370.8000	            95205
  371.0000	           125226
  371.2000	            16760
  371.4000	            40170
  371.6000	            32369
  371.8000	            45651
  372.0000	            54029
  372.2000	            44434
  372.4000	            61808
  372.6000	            63999
  372.8000	            50676
  373.0000	            77184
  373.2000	            76248
  373.4000	            72662
  373.6000	           104512
  373.8000	           125102
  374.0000	           114025
  374.2000	           144166
  374.4000	           187915
  374.6000	           190274
  374.8000	           186577
  375.0000	           229465
  375.2000	           292986
  375.4000	           674377
  375.6000	            50524
  375.8000	            18506
  376.0000	            33668
  376.2000	            63114
  376.4000	            80739
  376.6000	            99146
  376.8000	           100533
  377.0000	           108622
  377.2000	           110570
  377.4000	           126101
  377.6000	           140417
  377.8000	           159274
  378.0000	           169777
  378.2000	           184000
  378.4000	           193512
  378.6000	           224327
  378.8000	           271340
  379.0000	           294151
  379.2000	           336569
  379.4000	           392047
  379.6000	           453127
  379.8000	           485072
  380.0000	           543800
  380.2000	           722222
  380.4000	          1048575
  380.6000	             9074
  380.8000	             5368
  381.0000	             3210
  381.2000	             3469
  381.4000	             1221
  381.6000	             1807
  381.8000	             2094
  382.0000	             2037
  382.2000	             1094
  382.4000	             2229
  382.6000	             3138
  382.8000	              721
  383.0000	             1860
  383.2000	             3497
  383.4000	             3298
  383.6000	             1423
  383.8000	             2084
  384.0000	             3839
  384.2000	             3806
  384.4000	             3571
  384.6000	             3628
  384.8000	             4205
  385.0000	            10200
  385.2000	             5770
  385.4000	             8308
  385.6000	            10666
  385.8000	             4605
  386.0000	             5362
  386.2000	             3548
  386.4000	             5759
  386.6000	             5850
  386.8000	             9954
  387.0000	             9960
  387.2000	             6643
  387.4000	             9698
  387.6000	            13005
  387.8000	            12005
  388.0000	            19975
  388.2000	            22604
  388.4000	            30101
  388.6000	            18438
  388.8000	            23111
  389.0000	            33134
  389.2000	            36995
  389.4000	            38292
  389.6000	            25393
  389.8000	            31764
  390.0000	            30807
  390.2000	            29030
  390.4000	            30210
  390.6000	            28430
  390.8000	            31974
  391.0000	            28449
  391.2000	            79948
  391.4000	           166517
  391.6000	            14535
  391.8000	            11369
  392.0000	            13728
  392.2000	            21067
  392.4000	            19080
  392.6000	            25350
  392.8000	            32981
  393.0000	            29229
  393.2000	            36648
  393.4000	            42923
  393.6000	            29188
  393.8000	            48431
  394.0000	            72327
  394.2000	            94753
  394.4000	             6323
  394.6000	            22173
  394.8000	            10912
  395.0000	             7408
  395.2000	             9134
  395.4000	            24465
  395.6000	            19365
  395.8000	            17431
  396.0000	             9425
  396.2000	            17290
  396.4000	            20548
  396.6000	            26802
  396.8000	            33467
  397.0000	            34652
  397.2000	            42632
  397.4000	            39582
  397.6000	            47750
  397.8000	            47634
  398.0000	            60970
  398.2000	            63676
  398.4000	            69009
  398.6000	            88079
  398.8000	            79484
  399.0000	            98759
  399.2000	           109209
  399.4000	           115721
  399.6000	           235664
  399.8000	           137430
  400.0000	             4988
  400.2000	            23356
  400.4000	            13426
  400.6000	             3611
  400.8000	            22840
  401.0000	            27187
  401.2000	             7817
  401.4000	            12346
  401.6000	            31799
  401.8000	            38845
  402.0000	            25924
  402.2000	            16891
  402.4000	            21154
  402.6000	            34210
  402.8000	            48352
  403.0000	            57115
  403.2000	            63071
  403.4000	            67830
  403.6000	            71506
  403.8000	            76941
  404.0000	            85432
  404.2000	            96702
  404.4000	           108648
  404.6000	           118485
  404.8000	           131362
  405.0000	           144233
  405.2000	           161645
  405.4000	           179319
  405.6000	           211520
  405.8000	           491193
  406.0000	            25934
  406.2000	             2444
  406.4000	             1133
  406.6000	             1382
  406.8000	              611
  407.0000	              957
  407.2000	            15940
  407.4000	              864
  407.6000	             2632
  407.8000	             1659
  408.0000	             5684
  408.2000	             2754
  408.4000	             2034
  408.6000	             3112
  408.8000	             2382
  409.0000	             3200
  409.2000	             6416
  409.4000	             4705
  409.6000	              477
  409.8000	             1144
  410.0000	             1869
  410.2000	             1387
  410.4000	             8426
  410.6000	             1699
  410.8000	             2058
  411.0000	             3001
  411.2000	             2282
  411.4000	             3252
  411.6000	             2294
  411.8000	             3648
  412.0000	             3723
  412.2000	             5905
  412.4000	             5102
  412.6000	             7158
  412.8000	             7656
  413.0000	             8301
  413.2000	            20662
  413.4000	             7204
  413.6000	            10709
  413.8000	            11924
  414.0000	            24096
  414.2000	             7533
  414.4000	             1940
  414.6000	             2450
  414.8000	             4638
  415.0000	              703
  415.2000	             3597
  415.4000	             4939
  415.6000	             3958
  415.8000	            11220
  416.0000	             4969
  416.2000	             6964
  416.4000	             3621
  416.6000	             6475
  416.8000	             4317
  417.0000	             7845
  417.2000	             5947
  417.4000	             8717
  417.6000	             8244
  417.8000	            12077
  418.0000	            11314
  418.2000	            17299
  418.4000	            14327
  418.6000	            18492
  418.8000	            16038
  419.0000	            24084
  419.2000	            18279
  419.4000	            22028
  419.6000	            26862
  419.8000	            52291
  420.0000	            67376
  420.2000	             3983
  420.4000	             7829
  420.6000	             2724
  420.8000	             5624
  421.0000	             6856
  421.2000	             2262
  421.4000	             8707
  421.6000	             8832
  421.8000	             6339
  422.0000	            10175
  422.2000	            14481
  422.4000	             5264
  422.6000	            14260
  422.8000	            17288
  423.0000	            10228
  423.2000	            11861
  423.4000	            17324
  423.6000	            32279
  423.8000	            17289
  424.0000	            19790
  424.2000	            15956
  424.4000	            22198
  424.6000	            20219
  424.8000	            28047
  425.0000	            27309
  425.2000	            34454
  425.4000	            32970
  425.6000	            38680
  425.8000	            44649
  426.0000	            44982
  426.2000	            49838
  426.4000	            57030
  426.6000	            69630
  426.8000	           118102
  427.0000	            12120
  427.2000	            16767
  427.4000	            11936
  427.6000	            45270
  427.8000	            44357
  428.0000	             3232
  428.2000	             5513
  428.4000	              721
  428.6000	             8229
  428.8000	             1368
  429.0000	             5253
  429.2000	             8563
  429.4000	             1340
  429.6000	             8417
  429.8000	            10659
  430.0000	             6675
  430.2000	             8463
  430.4000	            14196
  430.6000	             9636
  430.8000	             8589
  431.0000	            12408
  431.2000	            18041
  431.4000	            17950
  431.6000	            17136
  431.8000	            17198
  432.0000	            18678
  432.2000	            21617
  432.4000	            23927
  432.6000	            26381
  432.8000	            29195
  433.0000	            36305
  433.2000	            36621
  433.4000	            39492
  433.6000	            42478
  433.8000	            46565
  434.0000	            50141
  434.2000	            89296
  434.4000	            59052
  434.6000	             1804
  434.8000	            12555
  435.0000	             1384
  435.2000	             2548
  435.4000	             2779
  435.6000	             1477
  435.8000	             -424
  436.0000	             -209
  436.2000	              746
  436.4000	             -225
  436.6000	              114
  436.8000	              749
  437.0000	            10684
  437.2000	              665
  437.4000	              689
  437.6000	             2987
  437.8000	             1445
  438.0000	             2423
  438.2000	              619
  438.4000	             1881
  438.6000	              642
  438.8000	              435
  439.0000	              694
  439.2000	              699
  439.4000	             1403
  439.6000	             1331
  439.8000	             1787
  440.0000	             7360
  440.2000	             2134
  440.4000	             2738
  440.6000	             2039
  440.8000	             3079
  441.0000	             3127
  441.2000	             4665
  441.4000	             8272
  441.6000	             2314
  441.8000	             -473
  442.0000	              122
  442.2000	              129
  442.4000	              -61
  442.6000	             7742
  442.8000	             -245
  443.0000	             7276
  443.2000	             -394
  443.4000	             1888
  443.6000	               84
  443.8000	             1320
  444.0000	             1680
  444.2000	             -249
  444.4000	             1358
  444.6000	              774
  444.8000	             4121
  445.0000	             1443
  445.2000	             1500
  445.4000	             1279
  445.6000	              119
  445.8000	             1824
  446.0000	             2555
  446.2000	             1908
  446.4000	             3219
  446.6000	             2964
  446.8000	             3435
  447.0000	             3862
  447.2000	             3477
  447.4000	             9656
  447.6000	             4391
  447.8000	             5367
  448.0000	             5327
  448.2000	            10360
  448.4000	             7188
  448.6000	             9050
  448.8000	            16989
  449.0000	             3371
  449.2000	              127
  449.4000	             -428
  449.6000	              746
  449.8000	               69
  450.0000	              565
  450.2000	              880
  450.4000	              900
  450.6000	              -80
  450.8000	              757
  451.0000	             5710
  451.2000	              403
  451.4000	             1289
  451.6000	              -25
  451.8000	             2056
  452.0000	             -428
  452.2000	             2202
  452.4000	             1181
  452.6000	              710
  452.8000	             2389
  453.0000	             1711
  453.2000	             1765
  453.4000	             2602
  453.6000	             1734
  453.8000	             1760
  454.0000	             3512
  454.2000	             2889
  454.4000	            22648
  454.6000	             4169
  454.8000	             3826
  455.0000	             3833
  455.2000	             4594
  455.4000	             4988
  455.6000	             5915
  455.8000	             5600
  456.0000	             6586
  456.2000	             7614
  456.4000	             7974
  456.6000	             9264
  456.8000	             9162
  457.0000	            11106
  457.2000	            21681
  457.4000	             6486
  457.6000	              207
  457.8000	             2362
  458.0000	             2228
  458.2000	             -624
  458.4000	              650
  458.6000	             -575
  458.8000	              521
  459.0000	            10083
  459.2000	              577
  459.4000	             -241
  459.6000	              935
  459.8000	             1990
  460.0000	             1052
  460.2000	             -175
  460.4000	              883
  460.6000	             -225
  460.8000	             1799
  461.0000	             8449
  461.2000	             2029
  461.4000	             -236
  461.6000	             1585
  461.8000	              819
  462.0000	              444
  462.2000	             2394
  462.4000	              530
  462.6000	             1842
  462.8000	             2831
  463.0000	             1262
  463.2000	             2147
  463.4000	             3160
  463.6000	             2840
  463.8000	             3138
  464.0000	             3360
  464.2000	             3858
  464.4000	             4036
  464.6000	             4563
  464.8000	             5361
  465.0000	             5627
  465.2000	             6320
  465.4000	             5321
  465.6000	             5717
  465.8000	            21577
  466.0000	             6968
  466.2000	             7592
  466.4000	            10763
  466.6000	            14002
  466.8000	              303
  467.0000	             -281
  467.2000	             -352
  467.4000	             -625
  467.6000	             -372
  467.8000	              506
  468.0000	              -52
  468.2000	              661
  468.4000	               70
  468.6000	              836
  468.8000	               77
  469.0000	              982
  469.2000	              340
  469.4000	              602
  469.6000	              887
  469.8000	              499
  470.0000	              521
  470.2000	             1245
  470.4000	              897
  470.6000	             1970
  470.8000	             6181
  471.0000	              547
  471.2000	             -201
  471.4000	             -104
  471.6000	              156
  471.8000	               88
  472.0000	              863
  472.2000	              738
  472.4000	             -742
  472.6000	             4783
  472.8000	             -812
  473.0000	             -735
  473.2000	             1271
  473.4000	             -829
  473.6000	             3455
  473.8000	             -874
  474.0000	             -770
  474.2000	             -808
  474.4000	             -672
  474.6000	             -880
  474.8000	             -497
  475.0000	             -916
  475.2000	             -504
  475.4000	             -941
  475.6000	             -575
  475.8000	             -835
  476.0000	             -627
  476.2000	             -776
  476.4000	            18866
  476.6000	             -374
  476.8000	             -423
  477.0000	             -571
  477.2000	             -738
  477.4000	             -571
  477.6000	             -733
  477.8000	             -647
  478.0000	             -237
  478.2000	             -478
  478.4000	             -436
  478.6000	              -86
  478.8000	             -362
  479.0000	             -485
  479.2000	              257
  479.4000	               56
  479.6000	               27
  479.8000	              144
  480.0000	             -323
  480.2000	               93
  480.4000	              314
  480.6000	             6261
  480.8000	              797
  481.0000	              803
  481.2000	             2187
  481.4000	              642
  481.6000	             -937
  481.8000	             -767
  482.0000	             -827
  482.2000	             -951
  482.4000	             -676
  482.6000	             -981
  482.8000	             -812
  483.0000	             -910
  483.2000	             -817
  483.4000	             -534
  483.6000	             -879
  483.8000	             -622
  484.0000	             -841
  484.2000	             -804
  484.4000	             -743
  484.6000	             -685
  484.8000	             1004
  485.0000	             -860
  485.2000	             -443
  485.4000	             -824
  485.6000	             -481
  485.8000	             -812
  486.0000	             -172
  486.2000	             -638
  486.4000	             -375
  486.6000	             -442
  486.8000	             -266
  487.0000	             -612
  487.2000	             -427
  487.4000	             -306
  487.6000	             -207
  487.8000	              299
  488.0000	             4697
  488.2000	              160
  488.4000	             -254
  488.6000	               97
  488.8000	             1667
  489.0000	             -224
  489.2000	              -52
  489.4000	              147
  489.6000	               71
  489.8000	               77
  490.0000	               29
  490.2000	              180
  490.4000	              767
  490.6000	              419
  490.8000	              453
  491.0000	              446
  491.2000	              644
  491.4000	              808
  491.6000	             2252
  491.8000	              279
  492.0000	             -691
  492.2000	             -715
  492.4000	             -903
  492.6000	             -882
  492.8000	             -794
  493.0000	             -904
  493.2000	             -492
  493.4000	             -755
  493.6000	             -935
  493.8000	             -783
  494.0000	             -966
  494.2000	             -743
  494.4000	             -798
  494.6000	             -937
  494.8000	             -833
  495.0000	             -946
  495.2000	             -915
  495.4000	             -782
  495.6000	             -804
  495.8000	             -754
  496.0000	             -967
  496.2000	             -793
  496.4000	             1570
  496.6000	             -808
  496.8000	             -764
  497.0000	             -886
  497.2000	             -401
  497.4000	             -866
  497.6000	             -780
  497.8000	             -961
  498.0000	             -808
  498.2000	             -999
  498.4000	             -791
  498.6000	             -859
  498.8000	             -793
  499.0000	             -743
  499.2000	             -855
  499.4000	             -575
  499.6000	             -751
  499.8000	             -652
  500.0000	             -686
