  200.0000	            -1199
  200.2000	            -1193
  200.4000	            -1189
  200.6000	            -1199
  200.8000	            -1238
  201.0000	            -1237
  201.2000	            -1206
  201.4000	            -1175
  201.6000	            -1200
  201.8000	            -1188
  202.0000	            -1175
  202.2000	            -1217
  202.4000	            -1174
  202.6000	            -1227
  202.8000	            -1213
  203.0000	            -1182
  203.2000	            -1194
  203.4000	            -1220
  203.6000	            -1232
  203.8000	            -1227
  204.0000	            -1210
  204.2000	            -1227
  204.4000	            -1188
  204.6000	            -1194
  204.8000	            -1188
  205.0000	            -1218
  205.2000	            -1185
  205.4000	            -1208
  205.6000	            -1166
  205.8000	            -1202
  206.0000	            -1174
  206.2000	            -1186
  206.4000	            -1209
  206.6000	            -1221
  206.8000	            -1187
  207.0000	            -1188
  207.2000	            -1250
  207.4000	            -1208
  207.6000	            -1185
  207.8000	            -1199
  208.0000	            -1258
  208.2000	            -1222
  208.4000	            -1196
  208.6000	            -1191
  208.8000	            -1226
  209.0000	            -1201
  209.2000	            -1224
  209.4000	            -1188
  209.6000	            -1213
  209.8000	            -1214
  210.0000	            -1168
  210.2000	            -1227
  210.4000	            -1239
  210.6000	            -1211
  210.8000	            -1196
  211.0000	            -1213
  211.2000	            -1197
  211.4000	            -1206
  211.6000	            -1209
  211.8000	            -1229
  212.0000	            -1202
  212.2000	            -1227
  212.4000	            -1170
  212.6000	            -1229
  212.8000	            -1227
  213.0000	            -1227
  213.2000	            -1204
  213.4000	            -1242
  213.6000	            -1198
  213.8000	            -1226
  214.0000	            -1222
  214.2000	            -1240
  214.4000	            -1209
  214.6000	            -1213
  214.8000	            -1199
  215.0000	            -1209
  215.2000	            -1202
  215.4000	            -1201
  215.6000	            -1248
  215.8000	            -1226
  216.0000	            -1215
  216.2000	            -1242
  216.4000	            -1202
  216.6000	            -1198
  216.8000	            -1187
  217.0000	            -1228
  217.2000	            -1213
  217.4000	            -1178
  217.6000	            -1199
  217.8000	            -1184
  218.0000	            -1222
  218.2000	            -1184
  218.4000	            -1171
  218.6000	            -1227
  218.8000	            -1183
  219.0000	            -1200
  219.2000	            -1213
  219.4000	            -1184
  219.6000	            -1221
  219.8000	            -1190
  220.0000	            -1237
  220.2000	            -1212
  220.4000	            -1211
  220.6000	            -1220
  220.8000	            -1194
  221.0000	            -1242
  221.2000	            -1249
  221.4000	            -1227
  221.6000	            -1194
  221.8000	            -1184
  222.0000	            -1185
  222.2000	            -1180
  222.4000	            -1213
  222.6000	            -1227
  222.8000	            -1184
  223.0000	            -1226
  223.2000	            -1189
  223.4000	            -1208
  223.6000	            -1222
  223.8000	            -1242
  224.0000	            -1199
  224.2000	            -1224
  224.4000	            -1214
  224.6000	            -1223
  224.8000	            -1216
  225.0000	            -1174
  225.2000	            -1203
  225.4000	            -1186
  225.6000	            -1198
  225.8000	            -1240
  226.0000	            -1224
  226.2000	            -1216
  226.4000	            -1210
  226.6000	            -1222
  226.8000	            -1211
  227.0000	            -1195
  227.2000	            -1227
  227.4000	            -1187
  227.6000	            -1199
  227.8000	            -1166
  228.0000	            -1199
  228.2000	            -1210
  228.4000	            -1201
  228.6000	            -1211
  228.8000	            -1234
  229.0000	            -1226
  229.2000	            -1237
  229.4000	            -1242
  229.6000	            -1209
  229.8000	            -1184
  230.0000	            -1202
  230.2000	            -1213
  230.4000	            -1219
  230.6000	            -1208
  230.8000	            -1199
  231.0000	            -1226
  231.2000	            -1207
  231.4000	            -1211
  231.6000	            -1227
  231.8000	            -1215
  232.0000	            -1199
  232.2000	            -1180
  232.4000	            -1177
  232.6000	            -1213
  232.8000	            -1222
  233.0000	            -1198
  233.2000	            -1189
  233.4000	            -1190
  233.6000	            -1203
  233.8000	            -1190
  234.0000	            -1171
  234.2000	            -1224
  234.4000	            -1205
  234.6000	            -1212
  234.8000	            -1214
  235.0000	            -1222
  235.2000	            -1227
  235.4000	            -1178
  235.6000	            -1200
  235.8000	            -1200
  236.0000	            -1191
  236.2000	            -1201
  236.4000	            -1202
  236.6000	            -1199
  236.8000	            -1190
  237.0000	            -1190
  237.2000	            -1199
  237.4000	            -1238
  237.6000	            -1180
  237.8000	            -1184
  238.0000	            -1188
  238.2000	            -1259
  238.4000	            -1226
  238.6000	            -1180
  238.8000	            -1193
  239.0000	            -1242
  239.2000	            -1194
  239.4000	            -1185
  239.6000	            -1200
  239.8000	            -1208
  240.0000	            -1209
  240.2000	            -1188
  240.4000	            -1175
  240.6000	            -1183
  240.8000	            -1242
  241.0000	            -1213
  241.2000	            -1188
  241.4000	            -1226
  241.6000	            -1240
  241.8000	            -1188
  242.0000	            -1190
  242.2000	            -1193
  242.4000	            -1169
  242.6000	            -1199
  242.8000	            -1183
  243.0000	            -1214
  243.2000	            -1176
  243.4000	            -1188
  243.6000	            -1206
  243.8000	            -1181
  244.0000	            -1203
  244.2000	            -1181
  244.4000	            -1212
  244.6000	            -1197
  244.8000	            -1202
  245.0000	            -1233
  245.2000	            -1201
  245.4000	            -1200
  245.6000	            -1234
  245.8000	            -1213
  246.0000	            -1204
  246.2000	            -1188
  246.4000	            -1232
  246.6000	            -1242
  246.8000	            -1209
  247.0000	            -1225
  247.2000	            -1198
  247.4000	            -1227
  247.6000	            -1215
  247.8000	            -1238
  248.0000	            -1198
  248.2000	            -1227
  248.4000	            -1228
  248.6000	            -1161
  248.8000	            -1218
  249.0000	            -1188
  249.2000	            -1239
  249.4000	            -1181
  249.6000	            -1200
  249.8000	            -1199
  250.0000	            -1174
  250.2000	            -1217
  250.4000	            -1188
  250.6000	            -1202
  250.8000	            -1199
  251.0000	            -1213
  251.2000	            -1209
  251.4000	            -1205
  251.6000	            -1183
  251.8000	            -1222
  252.0000	            -1200
  252.2000	            -1185
  252.4000	            -1229
  252.6000	            -1171
  252.8000	            -1181
  253.0000	            -1175
  253.2000	            -1202
  253.4000	            -1190
  253.6000	            -1208
  253.8000	            -1199
  254.0000	            -1213
  254.2000	            -1178
  254.4000	            -1194
  254.6000	            -1171
  254.8000	            -1231
  255.0000	            -1229
  255.2000	            -1250
  255.4000	            -1205
  255.6000	            -1209
  255.8000	            -1210
  256.0000	            -1204
  256.2000	            -1227
  256.4000	            -1199
  256.6000	            -1214
  256.8000	            -1247
  257.0000	            -1226
  257.2000	            -1188
  257.4000	            -1187
  257.6000	            -1199
  257.8000	            -1206
  258.0000	            -1201
  258.2000	            -1227
  258.4000	            -1191
  258.6000	            -1180
  258.8000	            -1240
  259.0000	            -1194
  259.2000	            -1198
  259.4000	            -1195
  259.6000	            -1176
  259.8000	            -1191
  260.0000	            -1169
  260.2000	            -1172
  260.4000	            -1167
  260.6000	            -1181
  260.8000	            -1149
  261.0000	            -1174
  261.2000	            -1034
  261.4000	            -1226
  261.6000	            -1211
  261.8000	            -1202
  262.0000	            -1248
  262.2000	            -1199
  262.4000	            -1215
  262.6000	            -1181
  262.8000	            -1197
  263.0000	            -1199
  263.2000	            -1174
  263.4000	            -1166
  263.6000	            -1163
  263.8000	            -1201
  264.0000	            -1212
  264.2000	            -1216
  264.4000	            -1198
  264.6000	            -1188
  264.8000	            -1184
  265.0000	            -1227
  265.2000	            -1201
  265.4000	            -1202
  265.6000	            -1240
  265.8000	            -1227
  266.0000	            -1214
  266.2000	            -1227
  266.4000	            -1191
  266.6000	            -1179
  266.8000	            -1202
  267.0000	            -1199
  267.2000	            -1182
  267.4000	            -1202
  267.6000	            -1194
  267.8000	            -1214
  268.0000	            -1189
  268.2000	            -1227
  268.4000	            -1195
  268.6000	            -1223
  268.8000	            -1182
  269.0000	            -1240
  269.2000	            -1160
  269.4000	            -1204
  269.6000	            -1178
  269.8000	            -1227
  270.0000	            -1223
  270.2000	            -1194
  270.4000	            -1206
  270.6000	            -1196
  270.8000	            -1242
  271.0000	            -1219
  271.2000	            -1166
  271.4000	            -1213
  271.6000	            -1182
  271.8000	            -1240
  272.0000	            -1169
  272.2000	            -1240
  272.4000	            -1240
  272.6000	            -1201
  272.8000	            -1223
  273.0000	            -1201
  273.2000	            -1190
  273.4000	            -1217
  273.6000	            -1193
  273.8000	            -1185
  274.0000	            -1218
  274.2000	            -1144
  274.4000	            -1166
  274.6000	            -1226
  274.8000	            -1237
  275.0000	            -1197
  275.2000	            -1192
  275.4000	            -1193
  275.6000	            -1174
  275.8000	            -1172
  276.0000	            -1206
  276.2000	            -1163
  276.4000	            -1205
  276.6000	            -1149
  276.8000	            -1143
  277.0000	            -1143
  277.2000	            -1126
  277.4000	            -1202
  277.6000	            -1190
  277.8000	            -1228
  278.0000	            -1223
  278.2000	            -1202
  278.4000	            -1189
  278.6000	            -1181
  278.8000	            -1178
  279.0000	            -1188
  279.2000	            -1201
  279.4000	            -1184
  279.6000	            -1218
  279.8000	            -1219
  280.0000	            -1199
  280.2000	            -1201
  280.4000	            -1209
  280.6000	            -1183
  280.8000	            -1198
  281.0000	            -1192
  281.2000	            -1227
  281.4000	            -1214
  281.6000	            -1217
  281.8000	            -1190
  282.0000	            -1195
  282.2000	            -1151
  282.4000	            -1200
  282.6000	            -1190
  282.8000	            -1199
  283.0000	            -1182
  283.2000	            -1179
  283.4000	            -1213
  283.6000	            -1227
  283.8000	            -1190
  284.0000	            -1147
  284.2000	            -1223
  284.4000	            -1185
  284.6000	            -1194
  284.8000	            -1188
  285.0000	            -1194
  285.2000	            -1181
  285.4000	            -1183
  285.6000	            -1191
  285.8000	            -1151
  286.0000	            -1186
  286.2000	            -1186
  286.4000	            -1194
  286.6000	            -1226
  286.8000	            -1213
  287.0000	            -1129
  287.2000	            -1164
  287.4000	            -1163
  287.6000	            -1188
  287.8000	            -1189
  288.0000	            -1177
  288.2000	            -1212
  288.4000	            -1183
  288.6000	            -1175
  288.8000	            -1173
  289.0000	            -1204
  289.2000	            -1179
  289.4000	            -1185
  289.6000	            -1123
  289.8000	            -1174
  290.0000	            -1196
  290.2000	            -1173
  290.4000	            -1176
  290.6000	            -1174
  290.8000	            -1175
  291.0000	            -1143
  291.2000	            -1151
  291.4000	            -1176
  291.6000	            -1150
  291.8000	            -1173
  292.0000	            -1171
  292.2000	            -1172
  292.4000	            -1127
  292.6000	            -1163
  292.8000	            -1093
  293.0000	            -1118
  293.2000	            -1081
  293.4000	            -1033
  293.6000	            -1014
  293.8000	             -915
  294.0000	             -901
  294.2000	             -873
  294.4000	             -950
  294.6000	             -842
  294.8000	             -742
  295.0000	             -784
  295.2000	             -240
  295.4000	             -637
  295.6000	             -607
  295.8000	             -628
  296.0000	             -184
  296.2000	              342
  296.4000	             -821
  296.6000	             -585
  296.8000	             -391
  297.0000	             -415
  297.2000	             -170
  297.4000	              -87
  297.6000	             3379
  297.8000	             -944
  298.0000	             -999
  298.2000	             -976
  298.4000	             -984
  298.6000	             -920
  298.8000	             -877
  299.0000	             -664
  299.2000	             -653
  299.4000	             -603
  299.6000	             -442
  299.8000	             -678
  300.0000	             -909
  300.2000	             -777
  300.4000	             -660
  300.6000	             -637
  300.8000	             -819
  301.0000	            -1076
  301.2000	            -1081
  301.4000	            -1056
  301.6000	            -1097
  301.8000	            -1071
  302.0000	             -930
  302.2000	             -981
  302.4000	             -859
  302.6000	             -766
  302.8000	             -808
  303.0000	             -760
  303.2000	             -808
  303.4000	             -866
  303.6000	             -730
  303.8000	             -733
  304.0000	             -733
  304.2000	             -581
  304.4000	             -513
  304.6000	             -700
  304.8000	             -730
  305.0000	             -634
  305.2000	             -866
  305.4000	             -735
  305.6000	             -801
  305.8000	             -713
  306.0000	             -679
  306.2000	             -614
  306.4000	              941
  306.6000	              251
  306.8000	             1060
  307.0000	              993
  307.2000	              589
  307.4000	               -3
  307.6000	             -102
  307.8000	             1732
  308.0000	             2681
  308.2000	             2498
  308.4000	             1199
  308.6000	             2277
  308.8000	              655
  309.0000	             7769
  309.2000	             4180
  309.4000	             3462
  309.6000	             6328
  309.8000	             2625
  310.0000	             3106
  310.2000	             4460
  310.4000	             3636
  310.6000	             6449
  310.8000	             5650
  311.0000	             5986
  311.2000	             9315
  311.4000	             9100
  311.6000	            19559
  311.8000	             8477
  312.0000	            10926
  312.2000	            11514
  312.4000	            13681
  312.6000	            18055
  312.8000	            23764
  313.0000	            26516
  313.2000	            29249
  313.4000	            70450
  313.6000	            38233
  313.8000	            18324
  314.0000	            21256
  314.2000	            27728
  314.4000	            34656
  314.6000	            42652
  314.8000	            62614
  315.0000	            70396
  315.2000	            90137
  315.4000	            84481
  315.6000	           100487
  315.8000	           328611
  316.0000	             4070
  316.2000	             3261
  316.4000	             1157
  316.6000	              550
  316.8000	              384
  317.0000	              179
  317.2000	             -316
  317.4000	              286
  317.6000	             -295
  317.8000	              -96
  318.0000	              -79
  318.2000	              113
  318.4000	              -90
  318.6000	              544
  318.8000	              149
  319.0000	             -276
  319.2000	             -226
  319.4000	             -193
  319.6000	             -489
  319.8000	              411
  320.0000	              822
  320.2000	              432
  320.4000	              315
  320.6000	              283
  320.8000	              767
  321.0000	             1150
  321.2000	              914
  321.4000	              229
  321.6000	               47
  321.8000	               86
  322.0000	              154
  322.2000	               30
  322.4000	             -357
  322.6000	             -225
  322.8000	             -154
  323.0000	               21
  323.2000	              -63
  323.4000	             -122
  323.6000	             -333
  323.8000	               40
  324.0000	              681
  324.2000	              -35
  324.4000	              570
  324.6000	              651
  324.8000	              570
  325.0000	              964
  325.2000	              896
  325.4000	             1234
  325.6000	             2024
  325.8000	             2762
  326.0000	             2326
  326.2000	             2935
  326.4000	             3038
  326.6000	             6373
  326.8000	             3501
  327.0000	             3122
  327.2000	             2586
  327.4000	             2383
  327.6000	             3278
  327.8000	             6156
  328.0000	             5100
  328.2000	             5308
  328.4000	            15288
  328.6000	             5111
  328.8000	             4487
  329.0000	             1887
  329.2000	             1723
  329.4000	             4248
  329.6000	             7814
  329.8000	            11081
  330.0000	             8040
  330.2000	             5569
  330.4000	             4585
  330.6000	             8312
  330.8000	            21009
  331.0000	            17212
  331.2000	            18024
  331.4000	            19914
  331.6000	            24133
  331.8000	            23889
  332.0000	            26347
  332.2000	            26811
  332.4000	            33538
  332.6000	            40990
  332.8000	            47666
  333.0000	            49048
  333.2000	            45887
  333.4000	            41283
  333.6000	            50747
  333.8000	            75668
  334.0000	            85701
  334.2000	            86123
  334.4000	           101787
  334.6000	           103916
  334.8000	           126772
  335.0000	           172084
  335.2000	           202394
  335.4000	           246703
  335.6000	           346015
  335.8000	           423524
  336.0000	           417719
  336.2000	           472025
  336.4000	           492159
  336.6000	           648610
  336.8000	           723173
  337.0000	          1048575
  337.2000	            33677
  337.4000	             3179
  337.6000	             4341
  337.8000	             2826
  338.0000	             2400
  338.2000	             1926
  338.4000	             2394
  338.6000	             2192
  338.8000	             3424
  339.0000	             1640
  339.2000	             2018
  339.4000	              973
  339.6000	             1112
  339.8000	              886
  340.0000	              418
  340.2000	              395
  340.4000	              216
  340.6000	              943
  340.8000	              857
  341.0000	              749
  341.2000	               51
  341.4000	             -177
  341.6000	              555
  341.8000	               62
  342.0000	              559
  342.2000	               24
  342.4000	              180
  342.6000	              384
  342.8000	              855
  343.0000	              455
  343.2000	              217
  343.4000	              405
  343.6000	              546
  343.8000	             1571
  344.0000	              867
  344.2000	             1281
  344.4000	             1109
  344.6000	              672
  344.8000	              945
  345.0000	              965
  345.2000	             1666
  345.4000	              973
  345.6000	             1608
  345.8000	             1906
  346.0000	             1123
  346.2000	             2333
  346.4000	             1676
  346.6000	             4258
  346.8000	             4791
  347.0000	             1745
  347.2000	             3970
  347.4000	             5514
  347.6000	             6134
  347.8000	             9950
  348.0000	             6265
  348.2000	             3719
  348.4000	             8073
  348.6000	             6984
  348.8000	            10131
  349.0000	            16865
  349.2000	            16833
  349.4000	            12998
  349.6000	            23851
  349.8000	            33865
  350.0000	            31994
  350.2000	            12301
  350.4000	            22357
  350.6000	            25621
  350.8000	            23812
  351.0000	            22987
  351.2000	            26494
  351.4000	            36324
  351.6000	            46818
  351.8000	            47645
  352.0000	            37437
  352.2000	            61629
  352.4000	            84208
  352.6000	           102004
  352.8000	            94440
  353.0000	           112487
  353.2000	           103163
  353.4000	           126592
  353.6000	           311387
  353.8000	            43693
  354.0000	            48640
  354.2000	            65812
  354.4000	            93678
  354.6000	            86195
  354.8000	            99917
  355.0000	            97008
  355.2000	           110426
  355.4000	           161392
  355.6000	           161960
  355.8000	           238253
  356.0000	           249481
  356.2000	           255246
  356.4000	           212493
  356.6000	           346866
  356.8000	           508318
  357.0000	           489165
  357.2000	           352487
  357.4000	           575779
  357.6000	          1048575
  357.8000	            16214
  358.0000	             5259
  358.2000	            10614
  358.4000	             2245
  358.6000	              669
  358.8000	             3582
  359.0000	              725
  359.2000	              846
  359.4000	              245
  359.6000	              405
  359.8000	               93
  360.0000	              400
  360.2000	              227
  360.4000	              200
  360.6000	              294
  360.8000	               -2
  361.0000	                7
  361.2000	              186
  361.4000	              114
  361.6000	              -44
  361.8000	               46
  362.0000	              226
  362.2000	               36
  362.4000	              -55
  362.6000	              258
  362.8000	              353
  363.0000	              282
  363.2000	             1033
  363.4000	              593
  363.6000	             1684
  363.8000	             1946
  364.0000	             2352
  364.2000	             3316
  364.4000	             1237
  364.6000	              781
  364.8000	              589
  365.0000	             1768
  365.2000	             1511
  365.4000	             2443
  365.6000	             2422
  365.8000	             2309
  366.0000	             4078
  366.2000	             4099
  366.4000	             5688
  366.6000	             5183
  366.8000	             5400
  367.0000	            14563
  367.2000	             4006
  367.4000	             3900
  367.6000	             2273
  367.8000	             4309
  368.0000	             6149
  368.2000	             5522
  368.4000	             4149
  368.6000	            10230
  368.8000	             8174
  369.0000	             5788
  369.2000	            10246
  369.4000	            15858
  369.6000	            14511
  369.8000	            10530
  370.0000	            15336
  370.2000	            20757
  370.4000	            30021
  370.6000	            17830
  370.8000	            38525
  371.0000	            42731
  371.2000	             4265
  371.4000	            16116
  371.6000	            10300
  371.8000	            12404
  372.0000	            14625
  372.2000	            17843
  372.4000	            21397
  372.6000	            20959
  372.8000	            21361
  373.0000	            24578
  373.2000	            30578
  373.4000	            23944
  373.6000	            26205
  373.8000	            31874
  374.0000	            44043
  374.2000	            50411
  374.4000	            66982
  374.6000	            64305
  374.8000	            58105
  375.0000	            92993
  375.2000	           116200
  375.4000	           184163
  375.6000	            13274
  375.8000	             4514
  376.0000	             4745
  376.2000	            11540
  376.4000	            22776
  376.6000	            39531
  376.8000	            35665
  377.0000	            42542
  377.2000	            43778
  377.4000	            42551
  377.6000	            47632
  377.8000	            66328
  378.0000	            58903
  378.2000	            60227
  378.4000	            45879
  378.6000	            65071
  378.8000	           111225
  379.0000	            82905
  379.2000	           112003
  379.4000	           151424
  379.6000	           120413
  379.8000	           125703
  380.0000	           161378
  380.2000	           324824
  380.4000	           619968
  380.6000	             3104
  380.8000	              897
  381.0000	              163
  381.2000	              284
  381.4000	             -301
  381.6000	              -52
  381.8000	               72
  382.0000	             -275
  382.2000	             -526
  382.4000	              206
  382.6000	              301
  382.8000	             -704
  383.0000	             -721
  383.2000	             -245
  383.4000	              -66
  383.6000	             -406
  383.8000	             -320
  384.0000	              543
  384.2000	              141
  384.4000	             -374
  384.6000	              -87
  384.8000	              -87
  385.0000	             1079
  385.2000	              857
  385.4000	             1106
  385.6000	             2387
  385.8000	              365
  386.0000	              737
  386.2000	             -443
  386.4000	             1009
  386.6000	              -63
  386.8000	             1802
  387.0000	              977
  387.2000	              605
  387.4000	             1590
  387.6000	             3120
  387.8000	              685
  388.0000	             2495
  388.2000	             4925
  388.4000	             5596
  388.6000	             3311
  388.8000	             4101
  389.0000	            10789
  389.2000	             6545
  389.4000	             5086
  389.6000	             2829
  389.8000	             4838
  390.0000	             7720
  390.2000	             6390
  390.4000	             6258
  390.6000	             4370
  390.8000	             5533
  391.0000	             5237
  391.2000	            15365
  391.4000	            20756
  391.6000	             1949
  391.8000	             2478
  392.0000	             2198
  392.2000	             3479
  392.4000	             3461
  392.6000	             3505
  392.8000	             7502
  393.0000	             5263
  393.2000	             7421
  393.4000	             4034
  393.6000	             6125
  393.8000	             4428
  394.0000	             9185
  394.2000	            15158
  394.4000	             -297
  394.6000	             4389
  394.8000	             2015
  395.0000	              555
  395.2000	              795
  395.4000	             4006
  395.6000	             5227
  395.8000	             3032
  396.0000	             1172
  396.2000	             2333
  396.4000	             2844
  396.6000	             3890
  396.8000	             5375
  397.0000	            10343
  397.2000	             8693
  397.4000	             3993
  397.6000	             4057
  397.8000	             6180
  398.0000	            13362
  398.2000	            10917
  398.4000	            11509
  398.6000	             6912
  398.8000	            15348
  399.0000	            18235
  399.2000	            12822
  399.4000	            31988
  399.6000	            41967
  399.8000	            13836
  400.0000	             -521
  400.2000	             1591
  400.4000	              648
  400.6000	             -712
  400.8000	             1403
  401.0000	             2676
  401.2000	              835
  401.4000	              306
  401.6000	             1268
  401.8000	             2900
  402.0000	             7346
  402.2000	             3283
  402.4000	             1428
  402.6000	             5694
  402.8000	             7110
  403.0000	             9303
  403.2000	             8450
  403.4000	            12332
  403.6000	            11968
  403.8000	            11963
  404.0000	            13506
  404.2000	             8483
  404.4000	            11849
  404.6000	            13949
  404.8000	            11281
  405.0000	            21749
  405.2000	            25044
  405.4000	            19007
  405.6000	            28202
  405.8000	            72607
  406.0000	              686
  406.2000	             -640
  406.4000	             -737
  406.6000	             -808
  406.8000	             -878
  407.0000	             -882
  407.2000	             1289
  407.4000	             -803
  407.6000	             -687
  407.8000	             -745
  408.0000	              204
  408.2000	             -694
  408.4000	             -890
  408.6000	               41
  408.8000	             -270
  409.0000	             -556
  409.2000	             -272
  409.4000	             -325
  409.6000	             -931
  409.8000	             -851
  410.0000	             -852
  410.2000	             -686
  410.4000	              382
  410.6000	             -756
  410.8000	             -801
  411.0000	             -368
  411.2000	             -612
  411.4000	             -242
  411.6000	             -720
  411.8000	             -553
  412.0000	             -500
  412.2000	              -87
  412.4000	             -307
  412.6000	             -188
  412.8000	             -292
  413.0000	              -87
  413.2000	              220
  413.4000	             -338
  413.6000	             -223
  413.8000	              -61
  414.0000	             2811
  414.2000	              606
  414.4000	             -836
  414.6000	             -708
  414.8000	             -661
  415.0000	             -936
  415.2000	             -756
  415.4000	               45
  415.6000	             -848
  415.8000	             -543
  416.0000	             -376
  416.2000	              -71
  416.4000	             -792
  416.6000	             -277
  416.8000	             -289
  417.0000	             -626
  417.2000	             -416
  417.4000	              -78
  417.6000	               62
  417.8000	              457
  418.0000	              196
  418.2000	             -125
  418.4000	               24
  418.6000	              970
  418.8000	             1007
  419.0000	             1105
  419.2000	             1882
  419.4000	             1245
  419.6000	             3073
  419.8000	             6055
  420.0000	             4605
  420.2000	             -419
  420.4000	              107
  420.6000	             -639
  420.8000	             -258
  421.0000	               78
  421.2000	             -921
  421.4000	             -267
  421.6000	             -157
  421.8000	             -790
  422.0000	             -555
  422.2000	              120
  422.4000	             -591
  422.6000	              197
  422.8000	              644
  423.0000	              153
  423.2000	             -453
  423.4000	              -43
  423.6000	              344
  423.8000	             1137
  424.0000	             1141
  424.2000	             1317
  424.4000	             1283
  424.6000	              486
  424.8000	             1787
  425.0000	             2122
  425.2000	             3142
  425.4000	             1341
  425.6000	             1351
  425.8000	             1197
  426.0000	             1998
  426.2000	             1904
  426.4000	             1547
  426.6000	             4742
  426.8000	            15503
  427.0000	             -531
  427.2000	               67
  427.4000	             -246
  427.6000	             1035
  427.8000	             1466
  428.0000	             -850
  428.2000	             -546
  428.4000	            -1036
  428.6000	             -820
  428.8000	             -912
  429.0000	             -855
  429.2000	             -491
  429.4000	             -929
  429.6000	             -298
  429.8000	              784
  430.0000	             -712
  430.2000	             -432
  430.4000	              -87
  430.6000	             -841
  430.8000	             -706
  431.0000	              -87
  431.2000	              207
  431.4000	             -363
  431.6000	              -89
  431.8000	             -245
  432.0000	             -453
  432.2000	             -231
  432.4000	             2483
  432.6000	             1049
  432.8000	              607
  433.0000	              285
  433.2000	              651
  433.4000	              608
  433.6000	             1313
  433.8000	             2238
  434.0000	             2343
  434.2000	             7718
  434.4000	             2327
  434.6000	             -892
  434.8000	             -694
  435.0000	            -1093
  435.2000	            -1038
  435.4000	            -1005
  435.6000	            -1028
  435.8000	            -1123
  436.0000	            -1085
  436.2000	            -1058
  436.4000	            -1153
  436.6000	            -1062
  436.8000	            -1085
  437.0000	             -262
  437.2000	            -1079
  437.4000	            -1055
  437.6000	             -956
  437.8000	             -957
  438.0000	             -782
  438.2000	            -1050
  438.4000	            -1053
  438.6000	             -975
  438.8000	             -960
  439.0000	            -1119
  439.2000	            -1102
  439.4000	            -1099
  439.6000	            -1081
  439.8000	            -1095
  440.0000	             -855
  440.2000	             -929
  440.4000	            -1017
  440.6000	            -1049
  440.8000	             -947
  441.0000	            -1000
  441.2000	            -1000
  441.4000	             -603
  441.6000	             -936
  441.8000	            -1202
  442.0000	            -1149
  442.2000	            -1171
  442.4000	            -1148
  442.6000	             -890
  442.8000	            -1126
  443.0000	             -846
  443.2000	            -1132
  443.4000	            -1180
  443.6000	            -1127
  443.8000	            -1002
  444.0000	            -1092
  444.2000	            -1082
  444.4000	            -1105
  444.6000	            -1110
  444.8000	             -829
  445.0000	            -1021
  445.2000	             -947
  445.4000	             -960
  445.6000	            -1105
  445.8000	            -1114
  446.0000	             -910
  446.2000	            -1024
  446.4000	            -1009
  446.6000	             -858
  446.8000	            -1013
  447.0000	             -889
  447.2000	             -864
  447.4000	             -868
  447.6000	            -1037
  447.8000	             -906
  448.0000	             -800
  448.2000	             -378
  448.4000	             -214
  448.6000	             -674
  448.8000	             -256
  449.0000	             -979
  449.2000	            -1187
  449.4000	            -1230
  449.6000	            -1154
  449.8000	            -1194
  450.0000	            -1204
  450.2000	            -1172
  450.4000	            -1100
  450.6000	            -1155
  450.8000	            -1060
  451.0000	             -870
  451.2000	            -1199
  451.4000	            -1118
  451.6000	            -1194
  451.8000	            -1013
  452.0000	            -1177
  452.2000	            -1118
  452.4000	            -1183
  452.6000	            -1182
  452.8000	            -1008
  453.0000	            -1141
  453.2000	             -988
  453.4000	             -920
  453.6000	            -1081
  453.8000	            -1144
  454.0000	            -1013
  454.2000	             -937
  454.4000	             -556
  454.6000	             -967
  454.8000	            -1012
  455.0000	            -1069
  455.2000	            -1025
  455.4000	            -1054
  455.6000	            -1065
  455.8000	            -1011
  456.0000	             -943
  456.2000	             -491
  456.4000	             -915
  456.6000	             -587
  456.8000	             -416
  457.0000	             -277
  457.2000	             -503
  457.4000	            -1024
  457.6000	            -1099
  457.8000	            -1112
  458.0000	            -1083
  458.2000	            -1194
  458.4000	            -1140
  458.6000	            -1216
  458.8000	            -1129
  459.0000	             -915
  459.2000	            -1170
  459.4000	            -1156
  459.6000	            -1161
  459.8000	            -1085
  460.0000	            -1144
  460.2000	            -1187
  460.4000	            -1117
  460.6000	            -1161
  460.8000	            -1000
  461.0000	            -1064
  461.2000	            -1013
  461.4000	            -1178
  461.6000	            -1064
  461.8000	            -1093
  462.0000	            -1161
  462.2000	            -1030
  462.4000	            -1136
  462.6000	            -1126
  462.8000	            -1126
  463.0000	            -1157
  463.2000	            -1122
  463.4000	            -1081
  463.6000	            -1026
  463.8000	            -1030
  464.0000	            -1092
  464.2000	            -1092
  464.4000	             -966
  464.6000	            -1107
  464.8000	            -1019
  465.0000	            -1032
  465.2000	             -901
  465.4000	            -1059
  465.6000	             -876
  465.8000	             -554
  466.0000	             -958
  466.2000	             -870
  466.4000	             -579
  466.6000	             -983
  466.8000	            -1151
  467.0000	            -1150
  467.2000	            -1129
  467.4000	            -1185
  467.6000	            -1197
  467.8000	            -1136
  468.0000	            -1176
  468.2000	            -1127
  468.4000	            -1182
  468.6000	            -1161
  468.8000	            -1203
  469.0000	            -1147
  469.2000	            -1175
  469.4000	            -1140
  469.6000	            -1176
  469.8000	            -1147
  470.0000	            -1164
  470.2000	            -1100
  470.4000	            -1149
  470.6000	            -1118
  470.8000	             -908
  471.0000	            -1175
  471.2000	            -1161
  471.4000	            -1144
  471.6000	            -1188
  471.8000	            -1159
  472.0000	            -1138
  472.2000	            -1177
  472.4000	            -1200
  472.6000	             -923
  472.8000	            -1181
  473.0000	            -1204
  473.2000	            -1129
  473.4000	            -1177
  473.6000	            -1156
  473.8000	            -1227
  474.0000	            -1227
  474.2000	            -1205
  474.4000	            -1226
  474.6000	            -1201
  474.8000	            -1177
  475.0000	            -1227
  475.2000	            -1166
  475.4000	            -1206
  475.6000	            -1203
  475.8000	            -1175
  476.0000	            -1201
  476.2000	            -1243
  476.4000	             -742
  476.6000	            -1191
  476.8000	            -1181
  477.0000	            -1193
  477.2000	            -1194
  477.4000	            -1240
  477.6000	            -1203
  477.8000	            -1137
  478.0000	            -1170
  478.2000	            -1166
  478.4000	            -1209
  478.6000	            -1175
  478.8000	            -1178
  479.0000	            -1200
  479.2000	            -1151
  479.4000	            -1177
  479.6000	            -1208
  479.8000	            -1187
  480.0000	            -1183
  480.2000	            -1177
  480.4000	            -1137
  480.6000	            -1099
  480.8000	            -1163
  481.0000	            -1141
  481.2000	            -1132
  481.4000	            -1137
  481.6000	            -1189
  481.8000	            -1199
  482.0000	            -1210
  482.2000	            -1198
  482.4000	            -1193
  482.6000	            -1175
  482.8000	            -1211
  483.0000	            -1202
  483.2000	            -1170
  483.4000	            -1151
  483.6000	            -1199
  483.8000	            -1192
  484.0000	            -1200
  484.2000	            -1219
  484.4000	            -1141
  484.6000	            -1177
  484.8000	            -1176
  485.0000	            -1197
  485.2000	            -1188
  485.4000	            -1159
  485.6000	            -1155
  485.8000	            -1159
  486.0000	            -1126
  486.2000	            -1165
  486.4000	            -1175
  486.6000	            -1168
  486.8000	            -1149
  487.0000	            -1162
  487.2000	            -1127
  487.4000	            -1063
  487.6000	            -1113
  487.8000	            -1036
  488.0000	            -1000
  488.2000	            -1124
  488.4000	            -1100
  488.6000	             -961
  488.8000	            -1033
  489.0000	            -1177
  489.2000	            -1147
  489.4000	            -1048
  489.6000	            -1135
  489.8000	            -1076
  490.0000	            -1123
  490.2000	            -1148
  490.4000	            -1190
  490.6000	            -1195
  490.8000	            -1182
  491.0000	            -1152
  491.2000	            -1180
  491.4000	            -1112
  491.6000	            -1024
  491.8000	            -1197
  492.0000	            -1180
  492.2000	            -1188
  492.4000	            -1199
  492.6000	            -1202
  492.8000	            -1176
  493.0000	            -1189
  493.2000	            -1173
  493.4000	            -1227
  493.6000	            -1189
  493.8000	            -1257
  494.0000	            -1218
  494.2000	            -1240
  494.4000	            -1227
  494.6000	            -1184
  494.8000	            -1258
  495.0000	            -1217
  495.2000	            -1207
  495.4000	            -1202
  495.6000	            -1207
  495.8000	            -1191
  496.0000	            -1248
  496.2000	            -1165
  496.4000	            -1107
  496.6000	            -1216
  496.8000	            -1199
  497.0000	            -1220
  497.2000	            -1202
  497.4000	            -1227
  497.6000	            -1197
  497.8000	            -1214
  498.0000	            -1219
  498.2000	            -1188
  498.4000	            -1206
  498.6000	            -1221
  498.8000	            -1202
  499.0000	            -1214
  499.2000	            -1238
  499.4000	            -1227
  499.6000	            -1228
  499.8000	            -1167
  500.0000	            -1194
