  200.0000	            -1149
  200.2000	            -1097
  200.4000	            -1130
  200.6000	            -1120
  200.8000	            -1143
  201.0000	            -1111
  201.2000	            -1140
  201.4000	            -1154
  201.6000	            -1107
  201.8000	            -1129
  202.0000	            -1129
  202.2000	            -1102
  202.4000	            -1117
  202.6000	            -1138
  202.8000	            -1156
  203.0000	            -1118
  203.2000	            -1129
  203.4000	            -1143
  203.6000	            -1175
  203.8000	            -1142
  204.0000	            -1120
  204.2000	            -1130
  204.4000	            -1090
  204.6000	            -1129
  204.8000	            -1108
  205.0000	            -1115
  205.2000	            -1106
  205.4000	            -1175
  205.6000	            -1129
  205.8000	            -1154
  206.0000	            -1138
  206.2000	            -1091
  206.4000	            -1143
  206.6000	            -1154
  206.8000	            -1143
  207.0000	            -1110
  207.2000	            -1115
  207.4000	            -1083
  207.6000	            -1114
  207.8000	            -1143
  208.0000	            -1098
  208.2000	            -1143
  208.4000	            -1143
  208.6000	            -1115
  208.8000	            -1090
  209.0000	            -1100
  209.2000	            -1110
  209.4000	            -1115
  209.6000	            -1082
  209.8000	            -1114
  210.0000	            -1127
  210.2000	            -1116
  210.4000	            -1139
  210.6000	            -1097
  210.8000	            -1092
  211.0000	            -1128
  211.2000	            -1115
  211.4000	            -1114
  211.6000	            -1143
  211.8000	            -1143
  212.0000	            -1124
  212.2000	            -1137
  212.4000	            -1135
  212.6000	            -1105
  212.8000	            -1136
  213.0000	            -1156
  213.2000	            -1129
  213.4000	            -1088
  213.6000	            -1121
  213.8000	            -1119
  214.0000	            -1115
  214.2000	            -1115
  214.4000	            -1129
  214.6000	            -1143
  214.8000	            -1110
  215.0000	            -1143
  215.2000	            -1114
  215.4000	            -1127
  215.6000	            -1134
  215.8000	            -1104
  216.0000	            -1166
  216.2000	            -1091
  216.4000	            -1115
  216.6000	            -1166
  216.8000	            -1171
  217.0000	            -1106
  217.2000	            -1108
  217.4000	            -1096
  217.6000	            -1082
  217.8000	            -1121
  218.0000	            -1119
  218.2000	            -1120
  218.4000	            -1139
  218.6000	            -1139
  218.8000	            -1115
  219.0000	            -1128
  219.2000	            -1162
  219.4000	            -1138
  219.6000	            -1129
  219.8000	            -1138
  220.0000	            -1114
  220.2000	            -1120
  220.4000	            -1104
  220.6000	            -1100
  220.8000	            -1107
  221.0000	            -1106
  221.2000	            -1143
  221.4000	            -1119
  221.6000	            -1097
  221.8000	            -1116
  222.0000	            -1122
  222.2000	            -1156
  222.4000	            -1118
  222.6000	            -1095
  222.8000	            -1138
  223.0000	            -1130
  223.2000	            -1107
  223.4000	            -1139
  223.6000	            -1154
  223.8000	            -1144
  224.0000	            -1117
  224.2000	            -1114
  224.4000	            -1122
  224.6000	            -1125
  224.8000	            -1115
  225.0000	            -1106
  225.2000	            -1156
  225.4000	            -1135
  225.6000	            -1106
  225.8000	            -1115
  226.0000	            -1122
  226.2000	            -1104
  226.4000	            -1128
  226.6000	            -1111
  226.8000	            -1122
  227.0000	            -1116
  227.2000	            -1117
  227.4000	            -1151
  227.6000	            -1099
  227.8000	            -1139
  228.0000	            -1138
  228.2000	            -1137
  228.4000	            -1140
  228.6000	            -1128
  228.8000	            -1139
  229.0000	            -1107
  229.2000	            -1090
  229.4000	            -1108
  229.6000	            -1143
  229.8000	            -1143
  230.0000	            -1128
  230.2000	            -1104
  230.4000	            -1111
  230.6000	            -1118
  230.8000	            -1144
  231.0000	            -1113
  231.2000	            -1129
  231.4000	            -1171
  231.6000	            -1120
  231.8000	            -1150
  232.0000	            -1119
  232.2000	            -1142
  232.4000	            -1091
  232.6000	            -1118
  232.8000	            -1104
  233.0000	            -1104
  233.2000	            -1142
  233.4000	            -1067
  233.6000	            -1115
  233.8000	            -1129
  234.0000	            -1110
  234.2000	            -1143
  234.4000	            -1122
  234.6000	            -1135
  234.8000	            -1088
  235.0000	            -1112
  235.2000	            -1156
  235.4000	            -1127
  235.6000	            -1101
  235.8000	            -1098
  236.0000	            -1164
  236.2000	            -1097
  236.4000	            -1117
  236.6000	            -1165
  236.8000	            -1134
  237.0000	            -1106
  237.2000	            -1127
  237.4000	            -1143
  237.6000	            -1117
  237.8000	            -1107
  238.0000	            -1070
  238.2000	            -1143
  238.4000	            -1158
  238.6000	            -1105
  238.8000	            -1118
  239.0000	            -1113
  239.2000	            -1137
  239.4000	            -1134
  239.6000	            -1114
  239.8000	            -1101
  240.0000	            -1120
  240.2000	            -1115
  240.4000	            -1099
  240.6000	            -1104
  240.8000	            -1117
  241.0000	            -1129
  241.2000	            -1098
  241.4000	            -1157
  241.6000	            -1165
  241.8000	            -1127
  242.0000	            -1102
  242.2000	            -1106
  242.4000	            -1140
  242.6000	            -1124
  242.8000	            -1106
  243.0000	            -1106
  243.2000	            -1110
  243.4000	            -1127
  243.6000	            -1118
  243.8000	            -1114
  244.0000	            -1115
  244.2000	            -1115
  244.4000	            -1084
  244.6000	            -1104
  244.8000	            -1148
  245.0000	            -1111
  245.2000	            -1156
  245.4000	            -1106
  245.6000	            -1086
  245.8000	            -1128
  246.0000	            -1098
  246.2000	            -1134
  246.4000	            -1086
  246.6000	            -1107
  246.8000	            -1126
  247.0000	            -1104
  247.2000	            -1115
  247.4000	            -1104
  247.6000	            -1112
  247.8000	            -1117
  248.0000	            -1127
  248.2000	            -1107
  248.4000	            -1107
  248.6000	            -1122
  248.8000	            -1159
  249.0000	            -1129
  249.2000	            -1106
  249.4000	            -1131
  249.6000	            -1100
  249.8000	            -1115
  250.0000	            -1101
  250.2000	            -1122
  250.4000	            -1142
  250.6000	            -1130
  250.8000	            -1085
  251.0000	            -1108
  251.2000	            -1128
  251.4000	            -1118
  251.6000	            -1137
  251.8000	            -1097
  252.0000	            -1091
  252.2000	            -1126
  252.4000	            -1130
  252.6000	            -1127
  252.8000	            -1119
  253.0000	            -1115
  253.2000	            -1108
  253.4000	            -1108
  253.6000	            -1095
  253.8000	            -1122
  254.0000	            -1130
  254.2000	            -1086
  254.4000	            -1063
  254.6000	            -1120
  254.8000	            -1127
  255.0000	            -1134
  255.2000	            -1152
  255.4000	            -1131
  255.6000	            -1095
  255.8000	            -1104
  256.0000	            -1154
  256.2000	            -1125
  256.4000	            -1119
  256.6000	            -1123
  256.8000	            -1154
  257.0000	            -1117
  257.2000	            -1115
  257.4000	            -1115
  257.6000	            -1106
  257.8000	            -1097
  258.0000	            -1110
  258.2000	            -1106
  258.4000	            -1101
  258.6000	            -1125
  258.8000	            -1108
  259.0000	            -1077
  259.2000	            -1093
  259.4000	            -1106
  259.6000	            -1111
  259.8000	            -1084
  260.0000	            -1077
  260.2000	            -1090
  260.4000	            -1110
  260.6000	            -1086
  260.8000	            -1086
  261.0000	            -1087
  261.2000	            -1074
  261.4000	            -1115
  261.6000	            -1135
  261.8000	            -1127
  262.0000	            -1117
  262.2000	            -1092
  262.4000	            -1145
  262.6000	            -1107
  262.8000	            -1115
  263.0000	            -1138
  263.2000	            -1114
  263.4000	            -1109
  263.6000	            -1106
  263.8000	            -1141
  264.0000	            -1115
  264.2000	            -1142
  264.4000	            -1128
  264.6000	            -1116
  264.8000	            -1126
  265.0000	            -1099
  265.2000	            -1095
  265.4000	            -1115
  265.6000	            -1099
  265.8000	            -1134
  266.0000	            -1126
  266.2000	            -1114
  266.4000	            -1097
  266.6000	            -1143
  266.8000	            -1128
  267.0000	            -1083
  267.2000	            -1128
  267.4000	            -1120
  267.6000	            -1122
  267.8000	            -1132
  268.0000	            -1104
  268.2000	            -1112
  268.4000	            -1124
  268.6000	            -1115
  268.8000	            -1125
  269.0000	            -1114
  269.2000	            -1120
  269.4000	            -1101
  269.6000	            -1129
  269.8000	            -1126
  270.0000	            -1108
  270.2000	            -1108
  270.4000	            -1112
  270.6000	            -1155
  270.8000	            -1140
  271.0000	            -1091
  271.2000	            -1107
  271.4000	            -1128
  271.6000	            -1138
  271.8000	            -1157
  272.0000	            -1130
  272.2000	            -1131
  272.4000	            -1112
  272.6000	            -1121
  272.8000	            -1109
  273.0000	            -1126
  273.2000	            -1114
  273.4000	            -1116
  273.6000	            -1129
  273.8000	            -1127
  274.0000	            -1116
  274.2000	            -1135
  274.4000	            -1122
  274.6000	            -1122
  274.8000	            -1114
  275.0000	            -1108
  275.2000	            -1124
  275.4000	            -1110
  275.6000	            -1110
  275.8000	            -1107
  276.0000	            -1116
  276.2000	            -1086
  276.4000	            -1135
  276.6000	            -1115
  276.8000	            -1107
  277.0000	            -1063
  277.2000	            -1113
  277.4000	            -1113
  277.6000	            -1122
  277.8000	            -1045
  278.0000	            -1067
  278.2000	            -1114
  278.4000	            -1097
  278.6000	            -1114
  278.8000	            -1095
  279.0000	            -1121
  279.2000	            -1092
  279.4000	            -1114
  279.6000	            -1101
  279.8000	            -1115
  280.0000	            -1122
  280.2000	            -1137
  280.4000	            -1115
  280.6000	            -1118
  280.8000	            -1096
  281.0000	            -1117
  281.2000	            -1115
  281.4000	            -1127
  281.6000	            -1092
  281.8000	            -1111
  282.0000	            -1077
  282.2000	            -1110
  282.4000	            -1141
  282.6000	            -1114
  282.8000	            -1143
  283.0000	            -1127
  283.2000	            -1115
  283.4000	            -1109
  283.6000	            -1125
  283.8000	            -1133
  284.0000	            -1117
  284.2000	            -1102
  284.4000	            -1103
  284.6000	            -1126
  284.8000	            -1106
  285.0000	            -1124
  285.2000	            -1077
  285.4000	            -1139
  285.6000	            -1098
  285.8000	            -1115
  286.0000	            -1078
  286.2000	            -1115
  286.4000	            -1090
  286.6000	            -1101
  286.8000	            -1101
  287.0000	            -1110
  287.2000	            -1107
  287.4000	            -1129
  287.6000	            -1118
  287.8000	            -1115
  288.0000	            -1128
  288.2000	            -1098
  288.4000	            -1110
  288.6000	            -1090
  288.8000	            -1092
  289.0000	            -1076
  289.2000	            -1077
  289.4000	            -1067
  289.6000	            -1116
  289.8000	            -1108
  290.0000	            -1062
  290.2000	            -1094
  290.4000	            -1111
  290.6000	            -1099
  290.8000	            -1134
  291.0000	            -1110
  291.2000	            -1118
  291.4000	            -1078
  291.6000	            -1087
  291.8000	            -1105
  292.0000	            -1092
  292.2000	            -1058
  292.4000	            -1073
  292.6000	            -1059
  292.8000	            -1042
  293.0000	            -1059
  293.2000	            -1034
  293.4000	            -1008
  293.6000	             -997
  293.8000	             -947
  294.0000	             -945
  294.2000	             -932
  294.4000	             -889
  294.6000	             -921
  294.8000	             -825
  295.0000	             -815
  295.2000	             -274
  295.4000	             -790
  295.6000	             -738
  295.8000	             -751
  296.0000	             -260
  296.2000	             -561
  296.4000	             -812
  296.6000	             -641
  296.8000	             -538
  297.0000	             -470
  297.2000	             -527
  297.4000	             -246
  297.6000	             1849
  297.8000	            -1006
  298.0000	             -983
  298.2000	             -949
  298.4000	             -987
  298.6000	             -944
  298.8000	             -914
  299.0000	             -895
  299.2000	             -839
  299.4000	             -785
  299.6000	             -729
  299.8000	             -940
  300.0000	             -940
  300.2000	             -905
  300.4000	             -823
  300.6000	             -828
  300.8000	             -832
  301.0000	            -1039
  301.2000	            -1042
  301.4000	            -1091
  301.6000	            -1045
  301.8000	            -1019
  302.0000	             -992
  302.2000	             -977
  302.4000	             -979
  302.6000	             -919
  302.8000	             -928
  303.0000	             -924
  303.2000	             -943
  303.4000	            -1001
  303.6000	             -964
  303.8000	             -913
  304.0000	             -827
  304.2000	             -868
  304.4000	             -778
  304.6000	             -901
  304.8000	             -847
  305.0000	             -851
  305.2000	             -794
  305.4000	             -866
  305.6000	             -875
  305.8000	             -815
  306.0000	             -816
  306.2000	             -641
  306.4000	              -73
  306.6000	             -392
  306.8000	              180
  307.0000	              -91
  307.2000	             -371
  307.4000	             -140
  307.6000	             -416
  307.8000	              213
  308.0000	              260
  308.2000	              319
  308.4000	              570
  308.6000	              938
  308.8000	              123
  309.0000	             3438
  309.2000	             2535
  309.4000	             2380
  309.6000	             2695
  309.8000	             1940
  310.0000	             2128
  310.2000	             4065
  310.4000	             1851
  310.6000	             3865
  310.8000	             3420
  311.0000	             3466
  311.2000	             6266
  311.4000	             7249
  311.6000	             8145
  311.8000	             3884
  312.0000	             6251
  312.2000	             7954
  312.4000	             7413
  312.6000	            11146
  312.8000	            14220
  313.0000	            16260
  313.2000	            16902
  313.4000	            47659
  313.6000	            10463
  313.8000	            10230
  314.0000	            14287
  314.2000	            18817
  314.4000	            20734
  314.6000	            23119
  314.8000	            30795
  315.0000	            32860
  315.2000	            45481
  315.4000	            45269
  315.6000	            63254
  315.8000	           209232
  316.0000	             1178
  316.2000	              141
  316.4000	              224
  316.6000	             -181
  316.8000	              -85
  317.0000	             -483
  317.2000	             -771
  317.4000	             -378
  317.6000	             -763
  317.8000	             -707
  318.0000	             -544
  318.2000	             -495
  318.4000	             -630
  318.6000	             -518
  318.8000	             -507
  319.0000	             -724
  319.2000	             -786
  319.4000	             -556
  319.6000	             -800
  319.8000	             -291
  320.0000	             -233
  320.2000	             -419
  320.4000	             -553
  320.6000	             -336
  320.8000	             -215
  321.0000	             -216
  321.2000	             -508
  321.4000	             -406
  321.6000	             -454
  321.8000	             -229
  322.0000	             -351
  322.2000	             -563
  322.4000	             -642
  322.6000	             -579
  322.8000	             -648
  323.0000	             -566
  323.2000	             -558
  323.4000	             -321
  323.6000	             -596
  323.8000	             -475
  324.0000	              -35
  324.2000	             -346
  324.4000	             -371
  324.6000	              125
  324.8000	              115
  325.0000	              163
  325.2000	              285
  325.4000	              363
  325.6000	              431
  325.8000	              991
  326.0000	              766
  326.2000	              497
  326.4000	             1435
  326.6000	             3268
  326.8000	              197
  327.0000	              956
  327.2000	             1625
  327.4000	             1108
  327.6000	             1279
  327.8000	             3530
  328.0000	             3689
  328.2000	             3203
  328.4000	             5575
  328.6000	              949
  328.8000	             2465
  329.0000	             1420
  329.2000	              782
  329.4000	              273
  329.6000	             2738
  329.8000	             5520
  330.0000	             5584
  330.2000	             4356
  330.4000	             4104
  330.6000	             3319
  330.8000	             7228
  331.0000	             3079
  331.2000	             5231
  331.4000	             6045
  331.6000	            11610
  331.8000	            13487
  332.0000	            13710
  332.2000	            18281
  332.4000	            17894
  332.6000	            22481
  332.8000	            18484
  333.0000	            16597
  333.2000	            16134
  333.4000	            16097
  333.6000	            34274
  333.8000	            41043
  334.0000	            41202
  334.2000	            34558
  334.4000	            63801
  334.6000	            55347
  334.8000	            58658
  335.0000	            91776
  335.2000	            97406
  335.4000	           114224
  335.6000	           155332
  335.8000	           171308
  336.0000	           185418
  336.2000	           210646
  336.4000	           220529
  336.6000	           269465
  336.8000	           372631
  337.0000	          1048575
  337.2000	             7034
  337.4000	              711
  337.6000	             2175
  337.8000	              679
  338.0000	              360
  338.2000	              156
  338.4000	              597
  338.6000	              474
  338.8000	             1225
  339.0000	             -130
  339.2000	              350
  339.4000	              -86
  339.6000	              -51
  339.8000	             -125
  340.0000	             -239
  340.2000	              223
  340.4000	             -462
  340.6000	             -228
  340.8000	             -496
  341.0000	             -379
  341.2000	             -342
  341.4000	             -578
  341.6000	             -236
  341.8000	             -578
  342.0000	             -515
  342.2000	             -282
  342.4000	             -373
  342.6000	             -427
  342.8000	             -372
  343.0000	             -351
  343.2000	             -192
  343.4000	             -305
  343.6000	             -475
  343.8000	               23
  344.0000	             -106
  344.2000	              -95
  344.4000	              -34
  344.6000	             -407
  344.8000	             -119
  345.0000	             -358
  345.2000	             -214
  345.4000	             -340
  345.6000	             -434
  345.8000	              461
  346.0000	             -194
  346.2000	              334
  346.4000	               91
  346.6000	             1007
  346.8000	             2076
  347.0000	              271
  347.2000	               91
  347.4000	             1422
  347.6000	             1918
  347.8000	             3443
  348.0000	             2780
  348.2000	             1990
  348.4000	             3580
  348.6000	             4047
  348.8000	             2414
  349.0000	             4513
  349.2000	             5967
  349.4000	             4429
  349.6000	             4506
  349.8000	            12054
  350.0000	             7999
  350.2000	             3409
  350.4000	             5433
  350.6000	            12279
  350.8000	             9536
  351.0000	             7687
  351.2000	             7520
  351.4000	            20681
  351.6000	            14579
  351.8000	            16210
  352.0000	            16254
  352.2000	            15105
  352.4000	            23424
  352.6000	            34191
  352.8000	            38156
  353.0000	            38848
  353.2000	            54054
  353.4000	            62308
  353.6000	            82524
  353.8000	            19012
  354.0000	            24023
  354.2000	            24531
  354.4000	            26854
  354.6000	            24590
  354.8000	            23493
  355.0000	            35816
  355.2000	            41153
  355.4000	            61480
  355.6000	            49242
  355.8000	            69213
  356.0000	            52159
  356.2000	            84130
  356.4000	            92114
  356.6000	            91857
  356.8000	           152060
  357.0000	           100831
  357.2000	           124664
  357.4000	           205719
  357.6000	           375768
  357.8000	             3496
  358.0000	              919
  358.2000	              919
  358.4000	             -407
  358.6000	             -370
  358.8000	              121
  359.0000	             -446
  359.2000	             -576
  359.4000	             -693
  359.6000	             -545
  359.8000	             -802
  360.0000	             -818
  360.2000	             -829
  360.4000	             -750
  360.6000	             -550
  360.8000	             -809
  361.0000	             -861
  361.2000	             -585
  361.4000	             -765
  361.6000	             -894
  361.8000	             -776
  362.0000	             -620
  362.2000	             -765
  362.4000	             -718
  362.6000	             -422
  362.8000	             -687
  363.0000	             -542
  363.2000	             -554
  363.4000	             -578
  363.6000	             -460
  363.8000	             -275
  364.0000	             -203
  364.2000	             -329
  364.4000	             -379
  364.6000	             -215
  364.8000	             -279
  365.0000	             -395
  365.2000	             -266
  365.4000	              241
  365.6000	             -158
  365.8000	              -70
  366.0000	              143
  366.2000	              142
  366.4000	              694
  366.6000	              544
  366.8000	              672
  367.0000	             2106
  367.2000	             -314
  367.4000	              236
  367.6000	              327
  367.8000	              221
  368.0000	              821
  368.2000	             1101
  368.4000	              413
  368.6000	             2303
  368.8000	             1514
  369.0000	              498
  369.2000	              806
  369.4000	             2099
  369.6000	             3104
  369.8000	             1366
  370.0000	             2978
  370.2000	             2950
  370.4000	             6157
  370.6000	             4435
  370.8000	             7884
  371.0000	             4593
  371.2000	             -156
  371.4000	             1279
  371.6000	              890
  371.8000	             1553
  372.0000	             3153
  372.2000	             2212
  372.4000	             3268
  372.6000	             3781
  372.8000	             2037
  373.0000	             2279
  373.2000	             5795
  373.4000	             5632
  373.6000	             4422
  373.8000	             7262
  374.0000	             7067
  374.2000	             9028
  374.4000	            10048
  374.6000	            12095
  374.8000	             9349
  375.0000	             8523
  375.2000	            13080
  375.4000	            28017
  375.6000	             2728
  375.8000	             1162
  376.0000	                0
  376.2000	               98
  376.4000	             1135
  376.6000	             3640
  376.8000	             3443
  377.0000	             5084
  377.2000	             6644
  377.4000	             6670
  377.6000	             6113
  377.8000	             6307
  378.0000	             6219
  378.2000	             8917
  378.4000	             7208
  378.6000	            10352
  378.8000	            10644
  379.0000	            12511
  379.2000	            17632
  379.4000	            18718
  379.6000	            17834
  379.8000	            14997
  380.0000	            17555
  380.2000	            29463
  380.4000	            36195
  380.6000	              -73
  380.8000	             -857
  381.0000	             -864
  381.2000	             -915
  381.4000	             -958
  381.6000	             -987
  381.8000	             -984
  382.0000	             -836
  382.2000	            -1056
  382.4000	             -899
  382.6000	             -897
  382.8000	             -970
  383.0000	            -1023
  383.2000	             -881
  383.4000	             -928
  383.6000	             -965
  383.8000	            -1011
  384.0000	             -888
  384.2000	             -867
  384.4000	             -878
  384.6000	             -909
  384.8000	             -935
  385.0000	             -763
  385.2000	             -816
  385.4000	             -642
  385.6000	             -578
  385.8000	             -903
  386.0000	             -639
  386.2000	             -839
  386.4000	             -753
  386.6000	             -757
  386.8000	             -717
  387.0000	             -579
  387.2000	             -575
  387.4000	             -716
  387.6000	             -475
  387.8000	             -600
  388.0000	             -534
  388.2000	             -151
  388.4000	             -310
  388.6000	             -337
  388.8000	             -269
  389.0000	             -103
  389.2000	              217
  389.4000	                0
  389.6000	             -553
  389.8000	             -312
  390.0000	             -351
  390.2000	             -388
  390.4000	             -432
  390.6000	             -464
  390.8000	             -396
  391.0000	             -284
  391.2000	              989
  391.4000	              201
  391.6000	             -564
  391.8000	             -693
  392.0000	             -663
  392.2000	             -546
  392.4000	             -496
  392.6000	             -318
  392.8000	             -251
  393.0000	             -290
  393.2000	             -204
  393.4000	              167
  393.6000	             -318
  393.8000	              -75
  394.0000	             1300
  394.2000	              518
  394.4000	            -1027
  394.6000	             -796
  394.8000	             -548
  395.0000	             -808
  395.2000	             -990
  395.4000	             -712
  395.6000	             -570
  395.8000	             -531
  396.0000	             -591
  396.2000	             -804
  396.4000	             -663
  396.6000	             -581
  396.8000	             -357
  397.0000	             -358
  397.2000	              -85
  397.4000	             -148
  397.6000	             -111
  397.8000	             -131
  398.0000	              198
  398.2000	              361
  398.4000	              827
  398.6000	             1438
  398.8000	              502
  399.0000	              855
  399.2000	             1062
  399.4000	             1035
  399.6000	             3761
  399.8000	               87
  400.0000	             -987
  400.2000	             -692
  400.4000	             -666
  400.6000	            -1031
  400.8000	             -861
  401.0000	             -296
  401.2000	             -605
  401.4000	             -908
  401.6000	             -802
  401.8000	             -190
  402.0000	             -304
  402.2000	             -510
  402.4000	             -621
  402.6000	             -635
  402.8000	             -289
  403.0000	             -360
  403.2000	             -205
  403.4000	              -20
  403.6000	              379
  403.8000	              246
  404.0000	              610
  404.2000	              702
  404.4000	              661
  404.6000	              968
  404.8000	             1018
  405.0000	             1071
  405.2000	             1566
  405.4000	             1572
  405.6000	             4100
  405.8000	             4900
  406.0000	             -973
  406.2000	            -1052
  406.4000	            -1069
  406.6000	            -1076
  406.8000	            -1028
  407.0000	            -1053
  407.2000	             -945
  407.4000	            -1042
  407.6000	            -1029
  407.8000	            -1033
  408.0000	            -1007
  408.2000	             -969
  408.4000	            -1027
  408.6000	            -1017
  408.8000	            -1036
  409.0000	            -1019
  409.2000	             -925
  409.4000	            -1006
  409.6000	            -1063
  409.8000	            -1062
  410.0000	            -1053
  410.2000	            -1022
  410.4000	             -975
  410.6000	            -1017
  410.8000	             -980
  411.0000	            -1017
  411.2000	            -1014
  411.4000	             -998
  411.6000	            -1006
  411.8000	             -940
  412.0000	             -983
  412.2000	             -935
  412.4000	             -980
  412.6000	             -906
  412.8000	             -846
  413.0000	             -947
  413.2000	             -857
  413.4000	             -970
  413.6000	             -881
  413.8000	             -882
  414.0000	             -807
  414.2000	            -1010
  414.4000	            -1040
  414.6000	            -1068
  414.8000	             -974
  415.0000	            -1090
  415.2000	            -1019
  415.4000	            -1021
  415.6000	             -976
  415.8000	             -961
  416.0000	            -1021
  416.2000	             -970
  416.4000	             -939
  416.6000	             -944
  416.8000	            -1025
  417.0000	             -964
  417.2000	            -1008
  417.4000	             -849
  417.6000	             -933
  417.8000	             -779
  418.0000	             -858
  418.2000	             -783
  418.4000	             -876
  418.6000	             -802
  418.8000	             -771
  419.0000	             -758
  419.2000	             -766
  419.4000	             -753
  419.6000	             -684
  419.8000	             -348
  420.0000	             -374
  420.2000	            -1057
  420.4000	             -999
  420.6000	             -998
  420.8000	            -1009
  421.0000	             -959
  421.2000	            -1061
  421.4000	            -1023
  421.6000	             -909
  421.8000	            -1011
  422.0000	             -984
  422.2000	             -805
  422.4000	             -967
  422.6000	             -859
  422.8000	             -857
  423.0000	             -871
  423.2000	             -970
  423.4000	             -856
  423.6000	             -785
  423.8000	             -863
  424.0000	             -701
  424.2000	             -839
  424.4000	             -785
  424.6000	             -767
  424.8000	             -693
  425.0000	             -734
  425.2000	             -667
  425.4000	             -785
  425.6000	             -671
  425.8000	             -531
  426.0000	             -610
  426.2000	             -561
  426.4000	             -361
  426.6000	             -198
  426.8000	              -51
  427.0000	            -1026
  427.2000	             -956
  427.4000	             -915
  427.6000	             -478
  427.8000	             -976
  428.0000	            -1048
  428.2000	             -974
  428.4000	            -1107
  428.6000	            -1035
  428.8000	            -1033
  429.0000	            -1057
  429.2000	             -952
  429.4000	            -1054
  429.6000	            -1027
  429.8000	             -946
  430.0000	             -999
  430.2000	            -1050
  430.4000	             -935
  430.6000	             -923
  430.8000	             -970
  431.0000	             -997
  431.2000	             -889
  431.4000	             -857
  431.6000	             -836
  431.8000	             -876
  432.0000	             -815
  432.2000	             -806
  432.4000	             -741
  432.6000	             -757
  432.8000	             -760
  433.0000	             -648
  433.2000	             -751
  433.4000	             -702
  433.6000	             -636
  433.8000	             -666
  434.0000	             -574
  434.2000	             -127
  434.4000	             -781
  434.6000	            -1032
  434.8000	            -1082
  435.0000	            -1082
  435.2000	            -1067
  435.4000	            -1070
  435.6000	            -1071
  435.8000	            -1104
  436.0000	            -1114
  436.2000	            -1089
  436.4000	            -1086
  436.6000	            -1099
  436.8000	            -1113
  437.0000	             -985
  437.2000	            -1063
  437.4000	            -1052
  437.6000	            -1086
  437.8000	            -1015
  438.0000	            -1034
  438.2000	            -1089
  438.4000	            -1076
  438.6000	            -1073
  438.8000	            -1089
  439.0000	            -1076
  439.2000	            -1107
  439.4000	            -1076
  439.6000	            -1074
  439.8000	            -1068
  440.0000	            -1080
  440.2000	            -1062
  440.4000	            -1102
  440.6000	            -1046
  440.8000	            -1056
  441.0000	            -1069
  441.2000	            -1045
  441.4000	            -1012
  441.6000	            -1110
  441.8000	            -1113
  442.0000	            -1098
  442.2000	            -1107
  442.4000	            -1099
  442.6000	            -1097
  442.8000	            -1067
  443.0000	            -1059
  443.2000	            -1109
  443.4000	            -1104
  443.6000	            -1091
  443.8000	            -1059
  444.0000	            -1073
  444.2000	            -1109
  444.4000	            -1077
  444.6000	            -1087
  444.8000	            -1033
  445.0000	            -1052
  445.2000	            -1107
  445.4000	            -1061
  445.6000	            -1090
  445.8000	            -1093
  446.0000	            -1070
  446.2000	            -1059
  446.4000	            -1073
  446.6000	            -1091
  446.8000	            -1074
  447.0000	            -1048
  447.2000	            -1004
  447.4000	            -1015
  447.6000	            -1033
  447.8000	             -987
  448.0000	             -999
  448.2000	            -1044
  448.4000	            -1064
  448.6000	             -978
  448.8000	             -944
  449.0000	            -1104
  449.2000	            -1103
  449.4000	            -1095
  449.6000	            -1122
  449.8000	            -1106
  450.0000	            -1135
  450.2000	            -1110
  450.4000	            -1125
  450.6000	            -1123
  450.8000	            -1086
  451.0000	            -1001
  451.2000	            -1105
  451.4000	            -1043
  451.6000	            -1101
  451.8000	            -1062
  452.0000	            -1106
  452.2000	            -1058
  452.4000	            -1070
  452.6000	            -1064
  452.8000	            -1067
  453.0000	            -1053
  453.2000	            -1097
  453.4000	            -1051
  453.6000	            -1081
  453.8000	            -1100
  454.0000	            -1056
  454.2000	            -1070
  454.4000	             -817
  454.6000	            -1063
  454.8000	            -1042
  455.0000	            -1042
  455.2000	            -1038
  455.4000	            -1061
  455.6000	             -998
  455.8000	            -1052
  456.0000	             -982
  456.2000	            -1035
  456.4000	            -1022
  456.6000	            -1015
  456.8000	            -1027
  457.0000	             -944
  457.2000	             -842
  457.4000	            -1089
  457.6000	            -1129
  457.8000	             -979
  458.0000	            -1106
  458.2000	            -1089
  458.4000	            -1104
  458.6000	            -1116
  458.8000	            -1076
  459.0000	            -1062
  459.2000	            -1106
  459.4000	            -1093
  459.6000	            -1054
  459.8000	            -1063
  460.0000	            -1054
  460.2000	            -1093
  460.4000	            -1107
  460.6000	            -1097
  460.8000	            -1042
  461.0000	            -1093
  461.2000	            -1099
  461.4000	            -1107
  461.6000	            -1092
  461.8000	            -1052
  462.0000	            -1116
  462.2000	            -1072
  462.4000	            -1078
  462.6000	            -1089
  462.8000	            -1091
  463.0000	            -1071
  463.2000	            -1106
  463.4000	            -1056
  463.6000	            -1073
  463.8000	            -1089
  464.0000	            -1076
  464.2000	            -1033
  464.4000	            -1039
  464.6000	            -1039
  464.8000	            -1019
  465.0000	            -1036
  465.2000	            -1053
  465.4000	            -1033
  465.6000	            -1033
  465.8000	            -1003
  466.0000	            -1021
  466.2000	             -997
  466.4000	             -974
  466.6000	            -1058
  466.8000	            -1129
  467.0000	            -1108
  467.2000	            -1089
  467.4000	            -1114
  467.6000	            -1088
  467.8000	            -1104
  468.0000	            -1090
  468.2000	            -1134
  468.4000	            -1098
  468.6000	            -1086
  468.8000	            -1133
  469.0000	            -1122
  469.2000	            -1106
  469.4000	            -1115
  469.6000	            -1076
  469.8000	            -1100
  470.0000	            -1096
  470.2000	            -1079
  470.4000	            -1086
  470.6000	            -1077
  470.8000	             -998
  471.0000	            -1120
  471.2000	            -1116
  471.4000	            -1095
  471.6000	            -1087
  471.8000	            -1106
  472.0000	            -1109
  472.2000	            -1086
  472.4000	            -1122
  472.6000	             -979
  472.8000	            -1117
  473.0000	            -1130
  473.2000	            -1107
  473.4000	            -1126
  473.6000	            -1131
  473.8000	            -1133
  474.0000	            -1119
  474.2000	            -1107
  474.4000	            -1091
  474.6000	            -1118
  474.8000	            -1125
  475.0000	            -1114
  475.2000	            -1118
  475.4000	            -1114
  475.6000	            -1117
  475.8000	            -1099
  476.0000	            -1142
  476.2000	            -1106
  476.4000	             -866
  476.6000	            -1102
  476.8000	            -1099
  477.0000	            -1099
  477.2000	            -1142
  477.4000	            -1114
  477.6000	            -1134
  477.8000	            -1156
  478.0000	            -1129
  478.2000	            -1071
  478.4000	            -1117
  478.6000	            -1084
  478.8000	            -1098
  479.0000	            -1076
  479.2000	            -1110
  479.4000	            -1128
  479.6000	            -1099
  479.8000	            -1078
  480.0000	            -1111
  480.2000	            -1099
  480.4000	            -1055
  480.6000	            -1122
  480.8000	            -1091
  481.0000	            -1086
  481.2000	            -1033
  481.4000	            -1065
  481.6000	            -1129
  481.8000	            -1106
  482.0000	            -1127
  482.2000	            -1106
  482.4000	            -1098
  482.6000	            -1101
  482.8000	            -1118
  483.0000	            -1092
  483.2000	            -1116
  483.4000	            -1113
  483.6000	            -1137
  483.8000	            -1073
  484.0000	            -1118
  484.2000	            -1114
  484.4000	            -1082
  484.6000	            -1096
  484.8000	            -1117
  485.0000	            -1067
  485.2000	            -1113
  485.4000	            -1089
  485.6000	            -1077
  485.8000	            -1067
  486.0000	            -1082
  486.2000	            -1085
  486.4000	            -1089
  486.6000	            -1087
  486.8000	            -1109
  487.0000	            -1073
  487.2000	            -1077
  487.4000	            -1075
  487.6000	            -1108
  487.8000	            -1023
  488.0000	            -1100
  488.2000	            -1071
  488.4000	            -1058
  488.6000	             -999
  488.8000	            -1102
  489.0000	            -1104
  489.2000	            -1077
  489.4000	            -1089
  489.6000	            -1095
  489.8000	            -1067
  490.0000	            -1139
  490.2000	            -1112
  490.4000	            -1067
  490.6000	            -1090
  490.8000	            -1095
  491.0000	            -1114
  491.2000	            -1089
  491.4000	            -1045
  491.6000	            -1039
  491.8000	            -1088
  492.0000	            -1114
  492.2000	            -1117
  492.4000	            -1112
  492.6000	            -1101
  492.8000	            -1115
  493.0000	            -1125
  493.2000	            -1118
  493.4000	            -1139
  493.6000	            -1090
  493.8000	            -1112
  494.0000	            -1110
  494.2000	            -1117
  494.4000	            -1106
  494.6000	            -1106
  494.8000	            -1090
  495.0000	            -1114
  495.2000	            -1142
  495.4000	            -1093
  495.6000	            -1106
  495.8000	            -1112
  496.0000	            -1134
  496.2000	            -1089
  496.4000	            -1050
  496.6000	            -1106
  496.8000	            -1108
  497.0000	            -1127
  497.2000	            -1108
  497.4000	            -1098
  497.6000	            -1062
  497.8000	            -1125
  498.0000	            -1099
  498.2000	            -1118
  498.4000	            -1137
  498.6000	            -1125
  498.8000	            -1142
  499.0000	            -1111
  499.2000	            -1118
  499.4000	            -1105
  499.6000	            -1117
  499.8000	            -1105
  500.0000	            -1111
